5.507780055e-09	5.133536238e-09	0.9999999815	2.633117141e-09	5.176936263e-09	
5.507824359e-09	5.133580664e-09	0.9999999815	2.665325811e-09	5.176977197e-09	
5.507780055e-09	5.133536238e-09	0.9999999815	2.633117133e-09	5.176936263e-09	
5.507780055e-09	5.133536238e-09	0.9999999815	2.633117124e-09	5.176936263e-09	
5.507780055e-09	5.133536238e-09	0.9999999815	2.633117134e-09	5.176936263e-09	
5.507780055e-09	5.133536238e-09	0.9999999815	2.633117135e-09	5.176936263e-09	
5.507780055e-09	5.133536238e-09	0.9999999815	2.633117141e-09	5.176936263e-09	
5.507780055e-09	5.133536238e-09	0.9999999815	2.633117159e-09	5.176936263e-09	
5.507814797e-09	5.133571081e-09	0.9999999815	2.658339413e-09	5.176968361e-09	
5.507780055e-09	5.133536238e-09	0.9999999815	2.633117147e-09	5.176936263e-09	
5.507780055e-09	5.133536238e-09	0.9999999815	2.63311715e-09	5.176936263e-09	
5.507820635e-09	5.133576932e-09	0.9999999815	2.662602274e-09	5.176973755e-09	
5.507824359e-09	5.133580664e-09	0.9999999815	2.665325805e-09	5.176977197e-09	
5.507780055e-09	5.133536238e-09	0.9999999815	2.633117127e-09	5.176936263e-09	
5.507780055e-09	5.133536238e-09	0.9999999815	2.633117119e-09	5.176936263e-09	
5.507780055e-09	5.133536238e-09	0.9999999815	2.633117129e-09	5.176936263e-09	
5.507780055e-09	5.133536238e-09	0.9999999815	2.633117135e-09	5.176936263e-09	
5.507780055e-09	5.133536238e-09	0.9999999815	2.633117141e-09	5.176936263e-09	
5.507780055e-09	5.133536238e-09	0.9999999815	2.633117128e-09	5.176936263e-09	
5.507780055e-09	5.133536238e-09	0.9999999815	2.633117145e-09	5.176936263e-09	
5.507820635e-09	5.133576932e-09	0.9999999815	2.662602269e-09	5.176973755e-09	
5.507824359e-09	5.133580664e-09	0.9999999815	2.665325796e-09	5.176977197e-09	
5.507824359e-09	5.133580664e-09	0.9999999815	2.665325798e-09	5.176977197e-09	
1.819308028e-08	2.172938214e-08	0.9999109446	8.899840834e-05	1.708535142e-08	
5.507824359e-09	5.133580664e-09	0.9999999815	2.665325818e-09	5.176977197e-09	
5.507824359e-09	5.133580664e-09	0.9999999815	2.665325823e-09	5.176977197e-09	
5.507859101e-09	5.133615508e-09	0.9999999815	2.690856599e-09	5.177009295e-09	
5.507824359e-09	5.133580664e-09	0.9999999815	2.665325811e-09	5.176977197e-09	
5.507824359e-09	5.133580664e-09	0.9999999815	2.665325814e-09	5.176977197e-09	
5.507864939e-09	5.133621359e-09	0.9999999815	2.695171604e-09	5.177014689e-09	
5.507780055e-09	5.133536238e-09	0.9999999815	2.63311711e-09	5.176936263e-09	
5.507780055e-09	5.133536238e-09	0.9999999815	2.63311712e-09	5.176936263e-09	
5.507780055e-09	5.133536238e-09	0.9999999815	2.633117121e-09	5.176936263e-09	
5.507780055e-09	5.133536238e-09	0.9999999815	2.63311714e-09	5.176936263e-09	
5.507780055e-09	5.133536238e-09	0.9999999815	2.633117127e-09	5.176936263e-09	
5.507780055e-09	5.133536238e-09	0.9999999815	2.633117145e-09	5.176936263e-09	
5.507814797e-09	5.133571081e-09	0.9999999815	2.658339398e-09	5.176968361e-09	
5.507780055e-09	5.133536238e-09	0.9999999815	2.633117133e-09	5.176936263e-09	
5.507780055e-09	5.133536238e-09	0.9999999815	2.633117119e-09	5.176936263e-09	
5.507780055e-09	5.133536238e-09	0.9999999815	2.633117136e-09	5.176936263e-09	
5.507780055e-09	5.133536238e-09	0.9999999815	2.633117112e-09	5.176936263e-09	
5.507780055e-09	5.133536238e-09	0.9999999815	2.633117113e-09	5.176936263e-09	
5.507780055e-09	5.133536238e-09	0.9999999815	2.633117132e-09	5.176936263e-09	
5.507814797e-09	5.133571081e-09	0.9999999815	2.65833939e-09	5.176968361e-09	
5.507780055e-09	5.133536238e-09	0.9999999815	2.633117124e-09	5.176936263e-09	
5.507780055e-09	5.133536238e-09	0.9999999815	2.633117111e-09	5.176936263e-09	
5.507780055e-09	5.133536238e-09	0.9999999815	2.633117123e-09	5.176936263e-09	
5.507780055e-09	5.133536238e-09	0.9999999815	2.633117142e-09	5.176936263e-09	
5.507780055e-09	5.133536238e-09	0.9999999815	2.633117147e-09	5.176936263e-09	
5.507814797e-09	5.133571081e-09	0.9999999815	2.6583394e-09	5.176968361e-09	
5.507780055e-09	5.133536238e-09	0.9999999815	2.633117134e-09	5.176936263e-09	
5.507780055e-09	5.133536238e-09	0.9999999815	2.633117121e-09	5.176936263e-09	
5.507780055e-09	5.133536238e-09	0.9999999815	2.633117138e-09	5.176936263e-09	
5.507780055e-09	5.133536238e-09	0.9999999815	2.633117143e-09	5.176936263e-09	
5.507780055e-09	5.133536238e-09	0.9999999815	2.633117129e-09	5.176936263e-09	
5.507780055e-09	5.133536238e-09	0.9999999815	2.633117148e-09	5.176936263e-09	
5.507814797e-09	5.133571081e-09	0.9999999815	2.658339401e-09	5.176968361e-09	
5.507780055e-09	5.133536238e-09	0.9999999815	2.633117135e-09	5.176936263e-09	
5.507780055e-09	5.133536238e-09	0.9999999815	2.633117122e-09	5.176936263e-09	
5.507820635e-09	5.133576932e-09	0.9999999815	2.662602262e-09	5.176973755e-09	
1.819305294e-08	2.172934665e-08	0.9999111778	8.876514488e-05	1.708532624e-08	
1.819306964e-08	2.172936832e-08	0.9999110355	8.890747429e-05	1.708534162e-08	
7.764737698e-08	0.00109892617	0.002877633596	0.9960232897	7.28602814e-08	
1.563998195e-08	2.358765483e-05	0.002106889936	0.9978694921	1.467730024e-08	
1.783352283e-08	3.719395105e-05	0.01657721059	0.9833855621	1.549074834e-08	
1.527600468e-08	1.785557497e-05	0.0003096086822	0.9996725061	1.433789204e-08	
1.419989758e-08	1.734341898e-08	0.0005841073402	0.9994158478	1.332718423e-08	
1.463790915e-08	1.739727389e-08	5.437869477e-05	0.9999455757	1.356005174e-08	
1.421420832e-08	1.745407974e-08	0.001426384655	0.9985735703	1.334021622e-08	
1.416979392e-08	1.726978948e-08	5.413694771e-05	0.9999458183	1.330570348e-08	
5.507780055e-09	5.133536238e-09	0.9999999815	2.633117148e-09	5.176936263e-09	
5.507814797e-09	5.133571081e-09	0.9999999815	2.65833942e-09	5.176968361e-09	
5.507780055e-09	5.133536238e-09	0.9999999815	2.633117141e-09	5.176936263e-09	
5.507780055e-09	5.133536238e-09	0.9999999815	2.633117158e-09	5.176936263e-09	
5.507820635e-09	5.133576932e-09	0.9999999815	2.662602281e-09	5.176973755e-09	
5.507814797e-09	5.133571081e-09	0.9999999815	2.658339407e-09	5.176968361e-09	
5.507780055e-09	5.133536238e-09	0.9999999815	2.633117141e-09	5.176936263e-09	
5.507780055e-09	5.133536238e-09	0.9999999815	2.633117127e-09	5.176936263e-09	
5.507820635e-09	5.133576932e-09	0.9999999815	2.662602268e-09	5.176973755e-09	
5.507814797e-09	5.133571081e-09	0.9999999815	2.658339425e-09	5.176968361e-09	
5.507780055e-09	5.133536238e-09	0.9999999815	2.633117145e-09	5.176936263e-09	
5.507780055e-09	5.133536238e-09	0.9999999815	2.633117162e-09	5.176936263e-09	
5.507820635e-09	5.133576932e-09	0.9999999815	2.662602286e-09	5.176973755e-09	
5.507814797e-09	5.133571081e-09	0.9999999815	2.658339413e-09	5.176968361e-09	
5.507814797e-09	5.133571081e-09	0.9999999815	2.658339399e-09	5.176968361e-09	
5.507814797e-09	5.133571081e-09	0.9999999815	2.658339416e-09	5.176968361e-09	
5.507855377e-09	5.133611775e-09	0.9999999815	2.688106974e-09	5.177005853e-09	
5.507780055e-09	5.133536238e-09	0.9999999815	2.633117133e-09	5.176936263e-09	
5.507780055e-09	5.133536238e-09	0.9999999815	2.63311715e-09	5.176936263e-09	
5.507820635e-09	5.133576932e-09	0.9999999815	2.662602274e-09	5.176973755e-09	
5.507780055e-09	5.133536238e-09	0.9999999815	2.633117137e-09	5.176936263e-09	
5.507820635e-09	5.133576932e-09	0.9999999815	2.66260226e-09	5.176973755e-09	
5.507820635e-09	5.133576932e-09	0.9999999815	2.662602277e-09	5.176973755e-09	
5.030671685e-09	0.9999999835	4.282785252e-09	2.417563902e-09	4.728487511e-09	
5.030674686e-09	0.9999999835	4.282917043e-09	2.419648962e-09	4.728490266e-09	
5.030693487e-09	0.9999999835	4.283068708e-09	2.433276123e-09	4.728507643e-09	
5.030674888e-09	0.9999999835	4.282925835e-09	2.41978814e-09	4.72849045e-09	
5.030674686e-09	0.9999999835	4.282917043e-09	2.419648962e-09	4.728490266e-09	
5.030675093e-09	0.9999999835	4.282935809e-09	2.41994713e-09	4.72849066e-09	
5.035319283e-09	0.9999999831	4.34195329e-09	2.776449764e-09	4.728955445e-09	
5.030674686e-09	0.9999999835	4.282917043e-09	2.419648962e-09	4.728490266e-09	
5.030691591e-09	0.9999999835	4.282938269e-09	2.43198834e-09	4.728505912e-09	
5.030671685e-09	0.9999999835	4.282785251e-09	2.417563898e-09	4.728487511e-09	
5.03067166e-09	0.9999999835	4.282785178e-09	2.417563804e-09	4.728487511e-09	
5.03084226e-09	0.9999999834	4.285511786e-09	2.542587313e-09	4.728645088e-09	
5.030689112e-09	0.9999999835	4.282919184e-09	2.430173154e-09	4.728503603e-09	
5.030675093e-09	0.9999999835	4.282935809e-09	2.419947129e-09	4.72849066e-09	
5.030690929e-09	0.9999999835	4.283035397e-09	2.431413993e-09	4.728505264e-09	
1.175438051e-08	0.9999531758	1.268978302e-08	4.678870975e-05	1.104094791e-08	
5.030657259e-09	0.9999999836	4.28278311e-09	2.407094315e-09	4.728474175e-09	
5.03067606e-09	0.9999999835	4.282934771e-09	2.42065077e-09	4.728491552e-09	
5.030657461e-09	0.9999999836	4.282791902e-09	2.407232772e-09	4.728474359e-09	
5.030657259e-09	0.9999999836	4.28278311e-09	2.407094315e-09	4.728474175e-09	
5.03530184e-09	0.9999999831	4.341817512e-09	2.762043812e-09	4.728939352e-09	
5.030657259e-09	0.9999999836	4.28278311e-09	2.407094315e-09	4.728474175e-09	
5.030674164e-09	0.9999999835	4.282804336e-09	2.419369669e-09	4.72848982e-09	
5.030654258e-09	0.9999999836	4.282651323e-09	2.40502007e-09	4.72847142e-09	
5.030654233e-09	0.9999999836	4.28265125e-09	2.405019976e-09	4.728471419e-09	
5.030824833e-09	0.9999999834	4.285377773e-09	2.529394785e-09	4.728628996e-09	
5.030671685e-09	0.9999999835	4.282785252e-09	2.417563902e-09	4.728487511e-09	
5.030657666e-09	0.9999999836	4.282801876e-09	2.407390935e-09	4.728474569e-09	
5.030673502e-09	0.9999999835	4.282901461e-09	2.418798302e-09	4.728489173e-09	
5.030679061e-09	0.9999999835	4.283066566e-09	2.422738493e-09	4.728494307e-09	
6.199949884e-09	0.9999920619	5.197652437e-08	7.874075343e-06	5.822784964e-09	
5.030660461e-09	0.9999999835	4.282923693e-09	2.409308922e-09	4.728477114e-09	
5.03066026e-09	0.9999999835	4.282914901e-09	2.409170346e-09	4.72847693e-09	
5.030660667e-09	0.9999999835	4.282933668e-09	2.409467223e-09	4.728477324e-09	
5.035304843e-09	0.9999999831	4.341951119e-09	2.764425974e-09	4.728942107e-09	
5.03066026e-09	0.9999999835	4.282914901e-09	2.409170346e-09	4.72847693e-09	
5.030677165e-09	0.9999999835	4.282936128e-09	2.421456287e-09	4.728492575e-09	
5.030657259e-09	0.9999999836	4.28278311e-09	2.407094311e-09	4.728474175e-09	
5.030657234e-09	0.9999999836	4.282783036e-09	2.407094218e-09	4.728474175e-09	
5.030827834e-09	0.9999999834	4.285509643e-09	2.531576295e-09	4.728631752e-09	
5.030674686e-09	0.9999999835	4.282917043e-09	2.419648962e-09	4.728490266e-09	
5.030660667e-09	0.9999999835	4.282933667e-09	2.409467222e-09	4.728477324e-09	
5.030676503e-09	0.9999999835	4.283033255e-09	2.420884427e-09	4.728491928e-09	
6.19997278e-09	0.9999920176	5.197836264e-08	7.918420802e-06	5.822806104e-09	
5.030679263e-09	0.9999999835	4.283075359e-09	2.422877849e-09	4.728494491e-09	
5.030679061e-09	0.9999999835	4.283066566e-09	2.422738493e-09	4.728494307e-09	
5.030679468e-09	0.9999999835	4.283085333e-09	2.423037041e-09	4.7284947e-09	
5.030679061e-09	0.9999999835	4.283066566e-09	2.422738493e-09	4.728494307e-09	
5.030695966e-09	0.9999999835	4.283087793e-09	2.435093626e-09	4.728509952e-09	
5.03067606e-09	0.9999999835	4.28293477e-09	2.420650766e-09	4.728491552e-09	
5.030676035e-09	0.9999999835	4.282934697e-09	2.420650672e-09	4.728491551e-09	
5.030693487e-09	0.9999999835	4.283068708e-09	2.433276123e-09	4.728507643e-09	
5.030679468e-09	0.9999999835	4.283085333e-09	2.423037041e-09	4.7284947e-09	
5.030695304e-09	0.9999999835	4.283184924e-09	2.434518546e-09	4.728509305e-09	
1.175439003e-08	0.9999531161	1.269022528e-08	4.684844916e-05	1.104095668e-08	
6.19995013e-09	0.9999920615	5.197663105e-08	7.874528258e-06	5.822785188e-09	
6.199949884e-09	0.9999920619	5.197652437e-08	7.874075343e-06	5.822784964e-09	
6.19995038e-09	0.999992061	5.197675207e-08	7.875045641e-06	5.822785443e-09	
6.199949884e-09	0.9999920619	5.197652437e-08	7.874075343e-06	5.822784964e-09	
6.200153928e-09	0.9999916618	5.20079928e-08	8.274140743e-06	5.822973287e-09	
6.19995038e-09	0.999992061	5.197675207e-08	7.875045638e-06	5.822785443e-09	
6.199969665e-09	0.9999920236	5.19779587e-08	7.912361065e-06	5.822803211e-09	
5.393604454e-08	0.0006637895318	4.522708295e-07	0.9993356533	5.092299153e-08	
2.961533972e-08	0.5711522715	6.132054152e-05	0.4287863526	2.572626746e-08	
5.030660461e-09	0.9999999835	4.282923693e-09	2.409308922e-09	4.728477114e-09	
5.030660869e-09	0.9999999835	4.28294246e-09	2.409605816e-09	4.728477508e-09	
5.035305045e-09	0.9999999831	4.341960032e-09	2.764584984e-09	4.728942291e-09	
5.030660461e-09	0.9999999835	4.282923693e-09	2.409308922e-09	4.728477114e-09	
5.030677367e-09	0.9999999835	4.28294492e-09	2.421595569e-09	4.728492759e-09	
5.030657461e-09	0.9999999836	4.282791902e-09	2.407232768e-09	4.728474359e-09	
5.030657436e-09	0.9999999836	4.282791828e-09	2.407232674e-09	4.728474358e-09	
5.030828036e-09	0.9999999834	4.285518441e-09	2.531721912e-09	4.728631935e-09	
5.030674888e-09	0.9999999835	4.282925835e-09	2.41978814e-09	4.72849045e-09	
5.030676704e-09	0.9999999835	4.283042048e-09	2.421023676e-09	4.728492112e-09	
5.030660667e-09	0.9999999835	4.282933668e-09	2.409467223e-09	4.728477324e-09	
5.035304843e-09	0.9999999831	4.341951119e-09	2.764425974e-09	4.728942107e-09	
5.03066026e-09	0.9999999835	4.282914901e-09	2.409170346e-09	4.72847693e-09	
5.030677165e-09	0.9999999835	4.282936128e-09	2.421456287e-09	4.728492575e-09	
5.030657259e-09	0.9999999836	4.28278311e-09	2.407094311e-09	4.728474175e-09	
5.030657234e-09	0.9999999836	4.282783036e-09	2.407094218e-09	4.728474175e-09	
5.030827834e-09	0.9999999834	4.285509643e-09	2.531576295e-09	4.728631752e-09	
5.030674686e-09	0.9999999835	4.282917043e-09	2.419648962e-09	4.728490266e-09	
5.030660667e-09	0.9999999835	4.282933667e-09	2.409467222e-09	4.728477324e-09	
5.030676503e-09	0.9999999835	4.283033255e-09	2.420884427e-09	4.728491928e-09	
5.030660667e-09	0.9999999835	4.282933668e-09	2.409467223e-09	4.728477324e-09	
5.030677573e-09	0.9999999835	4.282954894e-09	2.421754677e-09	4.728492969e-09	
5.030657666e-09	0.9999999836	4.282801876e-09	2.407390932e-09	4.728474569e-09	
5.030657642e-09	0.9999999836	4.282801802e-09	2.407390839e-09	4.728474568e-09	
5.030828241e-09	0.9999999834	4.285528421e-09	2.531888256e-09	4.728632145e-09	
5.030675093e-09	0.9999999835	4.282935809e-09	2.41994713e-09	4.72849066e-09	
5.030661075e-09	0.9999999835	4.282952434e-09	2.409764135e-09	4.728477717e-09	
5.03067691e-09	0.9999999835	4.283052022e-09	2.421182747e-09	4.728492322e-09	
5.035304843e-09	0.9999999831	4.341951119e-09	2.764425974e-09	4.728942107e-09	
5.03530184e-09	0.9999999831	4.341817511e-09	2.762043808e-09	4.728939352e-09	
5.035472572e-09	0.999999983	4.344581627e-09	2.904881873e-09	4.729096944e-09	
5.035319283e-09	0.9999999831	4.34195329e-09	2.776449764e-09	4.728955445e-09	
5.035321101e-09	0.9999999831	4.342071104e-09	2.77786741e-09	4.728957107e-09	
5.821054605e-08	0.9995765449	1.796645235e-06	0.0004215455704	5.463010879e-08	
4.209985315e-08	0.9997274599	8.966231522e-06	0.00026349515	3.657095475e-08	
7.50978568e-08	0.9994417027	3.487272992e-07	0.0005578030277	7.048935345e-08	
5.030677165e-09	0.9999999835	4.282936128e-09	2.421456287e-09	4.728492575e-09	
5.030657259e-09	0.9999999836	4.28278311e-09	2.407094311e-09	4.728474175e-09	
5.030657234e-09	0.9999999836	4.282783036e-09	2.407094218e-09	4.728474175e-09	
5.030827834e-09	0.9999999834	4.285509643e-09	2.531576295e-09	4.728631752e-09	
5.030674686e-09	0.9999999835	4.282917043e-09	2.419648962e-09	4.728490266e-09	
5.030660667e-09	0.9999999835	4.282933667e-09	2.409467222e-09	4.728477324e-09	
5.030676503e-09	0.9999999835	4.283033255e-09	2.420884427e-09	4.728491928e-09	
5.030674139e-09	0.9999999835	4.282804262e-09	2.419369571e-09	4.72848982e-09	
5.03084474e-09	0.9999999834	4.285530883e-09	2.544486464e-09	4.728647397e-09	
5.030691591e-09	0.9999999835	4.282938269e-09	2.43198834e-09	4.728505912e-09	
5.030677573e-09	0.9999999835	4.282954894e-09	2.421754677e-09	4.728492969e-09	
5.030693408e-09	0.9999999835	4.283054482e-09	2.433230105e-09	4.728507574e-09	
1.175438589e-08	0.9999531409	1.268983912e-08	4.682365632e-05	1.104095291e-08	
5.030654233e-09	0.9999999836	4.282651249e-09	2.405019972e-09	4.728471419e-09	
5.030824833e-09	0.9999999834	4.285377772e-09	2.529394781e-09	4.728628996e-09	
5.030671685e-09	0.9999999835	4.282785251e-09	2.417563898e-09	4.728487511e-09	
5.030657666e-09	0.9999999836	4.282801876e-09	2.407390931e-09	4.728474569e-09	
5.030673502e-09	0.9999999835	4.28290146e-09	2.418798298e-09	4.728489173e-09	
5.030824808e-09	0.9999999834	4.285377699e-09	2.529394683e-09	4.728628996e-09	
5.03067166e-09	0.9999999835	4.282785178e-09	2.417563804e-09	4.728487511e-09	
5.030657642e-09	0.9999999836	4.282801802e-09	2.407390838e-09	4.728474568e-09	
5.030673477e-09	0.9999999835	4.282901387e-09	2.418798204e-09	4.728489173e-09	
5.03084226e-09	0.9999999834	4.285511786e-09	2.542587313e-09	4.728645088e-09	
5.030828241e-09	0.9999999834	4.285528421e-09	2.531888255e-09	4.728632145e-09	
5.030844077e-09	0.9999999834	4.285628069e-09	2.543885549e-09	4.72864675e-09	
6.918983184e-08	0.9995312361	1.183844809e-07	0.0004685099831	6.635927493e-08	
1.17547129e-08	0.9999510116	1.269743711e-08	4.89529407e-05	1.104125438e-08	
5.030675093e-09	0.9999999835	4.282935809e-09	2.419947129e-09	4.72849066e-09	
5.030690929e-09	0.9999999835	4.283035397e-09	2.431413993e-09	4.728505264e-09	
1.175438051e-08	0.9999531758	1.268978302e-08	4.678870975e-05	1.104094791e-08	
5.03067691e-09	0.9999999835	4.283052022e-09	2.421182746e-09	4.728492322e-09	
1.175438447e-08	0.9999531519	1.269012704e-08	4.68125988e-05	1.104095153e-08	
4.988630737e-09	4.649661e-09	4.246871366e-09	2.496294312e-09	0.9999999836	
4.988687842e-09	4.64971331e-09	4.246918009e-09	2.540127326e-09	0.9999999836	
4.988602324e-09	4.64963495e-09	4.246848126e-09	2.474856162e-09	0.9999999836	
4.988625023e-09	4.64965576e-09	4.246866691e-09	2.491966944e-09	0.9999999836	
1.001905017e-08	9.381577941e-09	8.550528663e-09	3.613335481e-05	0.9999638387	
4.98869757e-09	4.649722228e-09	4.246925967e-09	2.547667802e-09	0.9999999836	
4.988625023e-09	4.64965576e-09	4.246866691e-09	2.491966944e-09	0.9999999836	
4.988627561e-09	4.649658087e-09	4.246868767e-09	2.493887732e-09	0.9999999836	
2.362634257e-08	2.202094158e-08	2.011327398e-08	0.0001343425468	0.9998655917	
4.988594555e-09	4.649627809e-09	4.246841731e-09	2.468959397e-09	0.9999999836	
4.988509039e-09	4.64954945e-09	4.246771849e-09	2.405516967e-09	0.9999999837	
4.988531737e-09	4.64957026e-09	4.246790414e-09	2.422148348e-09	0.9999999837	
1.001887296e-08	9.381414925e-09	8.550383743e-09	3.512102536e-05	0.999964851	
4.988509039e-09	4.64954945e-09	4.246771849e-09	2.405516955e-09	0.9999999837	
4.988604283e-09	4.649636727e-09	4.246849688e-09	2.476288609e-09	0.9999999836	
4.988531737e-09	4.64957026e-09	4.246790414e-09	2.422148348e-09	0.9999999837	
4.988566142e-09	4.649601759e-09	4.246818491e-09	2.447756e-09	0.9999999837	
4.988588841e-09	4.64962257e-09	4.246837056e-09	2.464679415e-09	0.9999999837	
4.988566142e-09	4.649601759e-09	4.246818491e-09	2.447755991e-09	0.9999999837	
4.988566142e-09	4.649601759e-09	4.246818491e-09	2.447755988e-09	0.9999999837	
4.988661387e-09	4.649689037e-09	4.246896331e-09	2.519770338e-09	0.9999999836	
4.988588841e-09	4.64962257e-09	4.246837056e-09	2.464679415e-09	0.9999999837	
4.988591378e-09	4.649624897e-09	4.246839132e-09	2.46657917e-09	0.9999999836	
2.362620597e-08	2.202081678e-08	2.011316321e-08	0.0001328716649	0.9998670626	
4.988503325e-09	4.649544211e-09	4.246767174e-09	2.401346963e-09	0.9999999837	
4.988480626e-09	4.6495234e-09	4.24674861e-09	2.384858404e-09	0.9999999837	
4.988480626e-09	4.6495234e-09	4.24674861e-09	2.3848584e-09	0.9999999837	
4.988503325e-09	4.649544211e-09	4.246767174e-09	2.401346963e-09	0.9999999837	
4.988505862e-09	4.649546537e-09	4.24676925e-09	2.403197901e-09	0.9999999837	
4.988503325e-09	4.649544211e-09	4.246767174e-09	2.401346954e-09	0.9999999837	
1.001886209e-08	9.381404925e-09	8.550374852e-09	3.506014461e-05	0.9999649119	
4.988503325e-09	4.649544211e-09	4.246767174e-09	2.401346951e-09	0.9999999837	
4.988598569e-09	4.649631487e-09	4.246845013e-09	2.471995921e-09	0.9999999836	
4.988526023e-09	4.649565021e-09	4.246785739e-09	2.417949513e-09	0.9999999837	
4.988528561e-09	4.649567348e-09	4.246787815e-09	2.419813249e-09	0.9999999837	
4.988480626e-09	4.6495234e-09	4.24674861e-09	2.384858392e-09	0.9999999837	
4.98857587e-09	4.649610677e-09	4.246826448e-09	2.455022259e-09	0.9999999837	
4.988503325e-09	4.649544211e-09	4.246767174e-09	2.401346954e-09	0.9999999837	
4.988505862e-09	4.649546537e-09	4.24676925e-09	2.403197893e-09	0.9999999837	
1.001886209e-08	9.381404925e-09	8.550374852e-09	3.506014461e-05	0.9999649119	
1.001886692e-08	9.381409366e-09	8.5503788e-09	3.508716773e-05	0.9999648849	
1.974292563e-08	1.870760315e-08	1.094076883e-07	0.99986218	0.0001376721256	
1.97298926e-08	1.865001468e-08	5.899504422e-08	0.9998628796	0.0001370230548	
2.136101937e-08	2.122914361e-05	3.661772692e-08	0.9998297473	0.0001489655765	
2.035344039e-08	1.89648132e-08	1.714602236e-08	0.9998627281	0.0001372154428	
1.986798308e-08	1.869726411e-08	6.429098015e-08	0.9998623184	0.0001375787774	
4.98857587e-09	4.649610677e-09	4.246826448e-09	2.455022256e-09	0.9999999837	
4.988503325e-09	4.649544211e-09	4.246767174e-09	2.401346951e-09	0.9999999837	
4.988505862e-09	4.649546537e-09	4.24676925e-09	2.403197889e-09	0.9999999837	
4.988598569e-09	4.649631487e-09	4.246845013e-09	2.471995921e-09	0.9999999836	
4.988601106e-09	4.649633814e-09	4.246847089e-09	2.473901315e-09	0.9999999836	
2.362624272e-08	2.202085033e-08	2.011319296e-08	0.0001332660475	0.9998666682	
4.988528561e-09	4.649567348e-09	4.246787815e-09	2.419813249e-09	0.9999999837	
1.24974297e-08	1.164712992e-08	1.063813778e-08	0.9999635569	3.640835313e-05	
1.24974297e-08	1.164713174e-08	1.063813778e-08	0.9999635569	3.640835311e-05	
1.249753141e-08	1.164713491e-08	1.063814052e-08	0.9999635405	3.642474513e-05	
1.249753139e-08	1.164713488e-08	1.063814051e-08	0.9999635405	3.642474513e-05	
1.249753138e-08	1.164713291e-08	1.06381405e-08	0.9999635405	3.642474484e-05	
1.249734256e-08	1.164712908e-08	1.063813545e-08	0.9999635709	3.639431835e-05	
1.249624834e-08	1.164713053e-08	1.063813617e-08	0.9999635569	3.640835112e-05	
1.249734256e-08	1.164712908e-08	1.063813545e-08	0.9999635709	3.639431835e-05	
1.249625146e-08	1.164713353e-08	1.063813875e-08	0.9999635405	3.642474265e-05	
1.249740946e-08	1.166817628e-08	1.064046382e-08	0.9999635404	3.642478835e-05	
1.249823978e-08	1.298071982e-08	1.064263253e-08	0.9999635532	3.641070662e-05	
9.809782048e-09	9.141487762e-09	8.349568983e-09	0.9999999634	9.318377129e-09	
9.809862042e-09	9.1414904e-09	8.349571267e-09	0.9999999634	9.322572667e-09	
9.809862025e-09	9.141490373e-09	8.349571259e-09	0.9999999634	9.322572667e-09	
9.809862023e-09	9.141488827e-09	8.349571256e-09	0.9999999634	9.322572591e-09	
9.809713509e-09	9.141485548e-09	8.34956704e-09	0.9999999634	9.314784932e-09	
1.014590439e-08	9.218823324e-09	8.407991515e-09	0.999999963	9.268660288e-09	
9.808823587e-09	9.141458321e-09	8.349541824e-09	0.9999999634	9.26841181e-09	
9.808854745e-09	9.141486809e-09	8.349567722e-09	0.9999999634	9.318376619e-09	
9.809713509e-09	9.141485548e-09	8.34956704e-09	0.9999999634	9.314784932e-09	
9.808857352e-09	9.141489314e-09	8.349569885e-09	0.9999999634	9.322572031e-09	
9.80976632e-09	9.158005148e-09	8.35139476e-09	0.9999999634	9.322583728e-09	
9.809828252e-09	9.141459234e-09	8.349543196e-09	0.9999999634	9.268412336e-09	
9.809862044e-09	9.141491826e-09	8.34957127e-09	0.9999999634	9.322572662e-09	
9.809862026e-09	9.141491799e-09	8.349571262e-09	0.9999999634	9.322572662e-09	
9.809862024e-09	9.141490254e-09	8.349571259e-09	0.9999999634	9.322572587e-09	
9.809713511e-09	9.141486975e-09	8.349567043e-09	0.9999999634	9.314784928e-09	
1.014590439e-08	9.218824763e-09	8.407991517e-09	0.999999963	9.268660283e-09	
9.808823589e-09	9.141459748e-09	8.349541827e-09	0.9999999634	9.268411806e-09	
9.808854747e-09	9.141488236e-09	8.349567725e-09	0.9999999634	9.318376615e-09	
9.809713511e-09	9.141486975e-09	8.349567043e-09	0.9999999634	9.314784928e-09	
9.808857354e-09	9.141490741e-09	8.349569888e-09	0.9999999634	9.322572027e-09	
9.809828254e-09	9.141460661e-09	8.349543199e-09	0.9999999634	9.268412332e-09	
9.810417944e-09	1.018818305e-08	8.35309681e-09	0.9999999623	9.318979509e-09	
9.809942021e-09	9.141494437e-09	8.349573546e-09	0.9999999634	9.326770089e-09	
9.809793504e-09	9.141489613e-09	8.349569327e-09	0.9999999634	9.318978848e-09	
1.014598713e-08	9.218827423e-09	8.407993817e-09	0.999999963	9.272833436e-09	
9.808934733e-09	9.141490874e-09	8.349570009e-09	0.9999999634	9.322572152e-09	
9.809793504e-09	9.141489613e-09	8.349569327e-09	0.9999999634	9.318978848e-09	
9.80893734e-09	9.141493379e-09	8.349572172e-09	0.9999999634	9.326769452e-09	
9.809846315e-09	9.15800922e-09	8.351397047e-09	0.9999999634	9.326781155e-09	
9.809908248e-09	9.141463299e-09	8.349545483e-09	0.9999999634	9.272585373e-09	
9.810497943e-09	1.018818599e-08	8.353099095e-09	0.9999999623	9.323175318e-09	
9.809942001e-09	9.141492865e-09	8.349573535e-09	0.9999999634	9.326770013e-09	
9.809793487e-09	9.141489586e-09	8.349569319e-09	0.9999999634	9.318978848e-09	
1.014598711e-08	9.218827396e-09	8.407993809e-09	0.999999963	9.272833436e-09	
9.808903558e-09	9.141462359e-09	8.349544103e-09	0.9999999634	9.272584847e-09	
9.808934716e-09	9.141490847e-09	8.349570001e-09	0.9999999634	9.322572152e-09	
9.809793487e-09	9.141489586e-09	8.349569319e-09	0.9999999634	9.318978848e-09	
9.808937323e-09	9.141493352e-09	8.349572164e-09	0.9999999634	9.326769452e-09	
9.810497926e-09	1.018818596e-08	8.353099087e-09	0.9999999623	9.323175317e-09	
9.809793485e-09	9.14148804e-09	8.349569316e-09	0.9999999634	9.318978773e-09	
1.014598711e-08	9.218825837e-09	8.407993806e-09	0.999999963	9.272833361e-09	
9.808903556e-09	9.141460813e-09	8.3495441e-09	0.9999999634	9.272584772e-09	
9.808934714e-09	9.141489301e-09	8.349569998e-09	0.9999999634	9.322572077e-09	
9.809793485e-09	9.14148804e-09	8.349569316e-09	0.9999999634	9.318978773e-09	
9.808937321e-09	9.141491806e-09	8.349572161e-09	0.9999999634	9.326769377e-09	
9.809846296e-09	9.158007645e-09	8.351397036e-09	0.9999999634	9.32678108e-09	
9.809908229e-09	9.141461726e-09	8.349545472e-09	0.9999999634	9.272585298e-09	
1.01458335e-08	9.218822531e-09	8.407989561e-09	0.999999963	9.265087252e-09	
9.808755057e-09	9.141457534e-09	8.349539884e-09	0.9999999634	9.264838871e-09	
9.808786215e-09	9.141486022e-09	8.349565782e-09	0.9999999634	9.314784418e-09	
9.809644973e-09	9.141484761e-09	8.3495651e-09	0.9999999634	9.311194116e-09	
9.808788821e-09	9.141488527e-09	8.349567945e-09	0.9999999634	9.318978212e-09	
9.809697783e-09	9.15800436e-09	8.351392819e-09	0.9999999634	9.318989905e-09	
9.809759715e-09	9.141458447e-09	8.349541256e-09	0.9999999634	9.264839396e-09	
9.810349401e-09	1.018818058e-08	8.353094866e-09	0.9999999623	9.31538708e-09	
1.01458335e-08	9.218822531e-09	8.407989561e-09	0.999999963	9.265087252e-09	
1.014595218e-08	9.218795994e-09	8.40796555e-09	0.999999963	9.21896207e-09	
1.014656207e-08	1.027437349e-08	8.411544025e-09	0.9999999619	9.269259453e-09	
1.016022104e-08	9.320391824e-09	2.950328767e-08	0.9999999416	9.382213907e-09	
1.100044365e-08	1.060955721e-05	1.831285499e-08	0.9999893509	1.020016973e-08	
1.298425013e-08	2.060331914e-05	2.657929503e-06	0.9999767149	1.091360527e-08	
1.017308327e-08	9.45338285e-09	9.215360372e-08	0.999999879	9.238934763e-09	
9.807896377e-09	9.141458795e-09	8.349540566e-09	0.9999999634	9.268411299e-09	
9.808755057e-09	9.141457534e-09	8.349539884e-09	0.9999999634	9.264838871e-09	
9.807898983e-09	9.1414613e-09	8.349542729e-09	0.9999999634	9.272584214e-09	
9.808807862e-09	9.157977083e-09	8.351367598e-09	0.9999999634	9.272595849e-09	
9.808869789e-09	9.14143122e-09	8.34951604e-09	0.9999999635	9.218714925e-09	
9.809459421e-09	1.018815024e-08	8.353069639e-09	0.9999999624	9.26901096e-09	
9.808786215e-09	9.141486022e-09	8.349565782e-09	0.9999999634	9.314784418e-09	
9.807930139e-09	9.141489788e-09	8.349568627e-09	0.9999999634	9.322571516e-09	
9.80883902e-09	9.158005623e-09	8.351393501e-09	0.9999999634	9.322583213e-09	
9.808900947e-09	9.141459708e-09	8.349541938e-09	0.9999999634	9.268411825e-09	
9.809490581e-09	1.018818199e-08	8.353095548e-09	0.9999999623	9.318978999e-09	
9.808788821e-09	9.141488527e-09	8.349567945e-09	0.9999999634	9.318978212e-09	
9.809697783e-09	9.15800436e-09	8.351392819e-09	0.9999999634	9.318989905e-09	
9.809759715e-09	9.141458447e-09	8.349541256e-09	0.9999999634	9.264839396e-09	
9.810349401e-09	1.018818058e-08	8.353094866e-09	0.9999999623	9.31538708e-09	
9.808903554e-09	9.141462213e-09	8.349544101e-09	0.9999999634	9.272584741e-09	
9.809493188e-09	1.018818478e-08	8.353097712e-09	0.9999999623	9.323174682e-09	
9.809812526e-09	9.157977998e-09	8.35136897e-09	0.9999999634	9.272596375e-09	
9.810402215e-09	1.020659167e-08	8.354923358e-09	0.9999999623	9.32318638e-09	
1.014204127e-08	9.264930288e-09	8.425603219e-09	0.9999999629	9.272870698e-09	
1.057862873e-08	9.665761394e-06	4.850470267e-08	0.9999902652	9.99476164e-09	
9.810464151e-09	1.018815125e-08	8.353071012e-09	0.9999999624	9.269011486e-09	
9.843990168e-09	9.372887068e-09	1.906570677e-07	0.9999997805	9.593335419e-09	
1.087270717e-08	1.294918843e-05	2.15134492e-06	0.9999848782	1.041981525e-08	
9.830957591e-09	9.467537073e-09	5.453073429e-08	0.9999999167	9.426549177e-09	
1.016308463e-08	9.378989043e-09	5.481719396e-08	0.9999999162	9.426689995e-09	
1.065806136e-08	1.066931344e-05	1.18341904e-07	0.9999891913	1.042969715e-08	
1.257994095e-08	2.071906335e-05	1.717590652e-05	0.9999620813	1.115902512e-08	
1.060057434e-08	9.78475138e-06	3.155727515e-07	0.9999898789	1.016055229e-08	
9.867279855e-09	9.602920294e-09	9.839914713e-07	0.9999989871	9.455336635e-09	
9.856448694e-09	9.506623886e-09	5.955176944e-07	0.9999993757	9.446828931e-09	
1.015510467e-08	9.531097228e-09	5.541162524e-08	0.9999999153	9.606807743e-09	
9.84783644e-09	9.547167883e-09	2.885578879e-07	0.9999996826	9.438186385e-09	
9.830345585e-09	9.461252602e-09	5.516527282e-08	0.9999999161	9.426608888e-09	
1.08655333e-08	1.290933063e-05	1.160053125e-06	0.9999859094	1.037069329e-08	
9.824461192e-09	9.438386359e-09	2.94041576e-08	0.999999942	9.382100321e-09	
1.015636875e-08	9.350110971e-09	2.955862289e-08	0.9999999416	9.382240476e-09	
1.065101907e-08	1.063646309e-05	6.381253175e-08	0.9999892787	1.038051882e-08	
1.257172798e-08	2.065543326e-05	9.261695912e-06	0.9999700592	1.110649548e-08	
1.059357096e-08	9.754625424e-06	1.701637148e-07	0.9999900545	1.011264392e-08	
9.860763677e-09	9.573356833e-09	5.305898237e-07	0.9999994406	9.410756068e-09	
9.849937905e-09	9.477355185e-09	3.211161693e-07	0.9999996502	9.402286793e-09	
1.014839407e-08	9.501750815e-09	2.987915317e-08	0.9999999409	9.56150892e-09	
9.86817676e-09	9.54586658e-09	7.848237404e-07	0.9999991863	9.419414853e-09	
9.906344281e-09	9.367706442e-09	1.120353533e-07	0.9999998591	9.586830113e-09	
9.841329949e-09	9.517773011e-09	1.555967041e-07	0.9999998157	9.393683669e-09	
9.823849594e-09	9.432121241e-09	2.974631459e-08	0.9999999416	9.382159752e-09	
1.085115439e-08	1.303969995e-05	3.317924954e-07	0.9999866075	1.019039791e-08	
1.121774889e-08	1.291774373e-05	3.335355006e-07	0.9999867273	1.019055137e-08	
1.349946345e-08	0.02774332354	0.0001016020955	0.9721550491	1.172795916e-08	
1.154529402e-08	0.01329767947	1.894611596e-06	0.9867004035	1.083805128e-08	
1.087926029e-08	1.309349775e-05	3.623419899e-06	0.999983262	1.021229233e-08	
1.089935211e-08	1.318808595e-05	8.855773704e-06	0.999977935	1.023084621e-08	
1.094158634e-08	1.294204165e-05	1.264190663e-06	0.9999857724	1.041275799e-08	
1.08697707e-08	1.314935889e-05	1.755729471e-06	0.9999850738	1.020296484e-08	
1.014292145e-08	9.444529889e-09	8.454201277e-09	0.9999999627	9.219123193e-09	
1.063691595e-08	1.074387091e-05	1.825132195e-08	0.999989217	1.020004487e-08	
1.057954481e-08	9.853129215e-06	4.866932749e-08	0.9999900777	9.936828043e-09	
9.847711283e-09	9.670033583e-09	1.517565547e-07	0.9999998195	9.247146328e-09	
1.729360476e-08	0.0001028592102	1.873335973e-08	0.9998970885	1.624122998e-08	
9.83689837e-09	9.573061029e-09	9.184397068e-08	0.9999998795	9.238822913e-09	
1.013495733e-08	9.59770102e-09	8.545877657e-09	0.9999999623	9.395274923e-09	
9.855116343e-09	9.64226747e-09	2.244712642e-07	0.9999997468	9.255656257e-09	
9.893228598e-09	9.4623036e-09	3.204376221e-08	0.9999999392	9.420156441e-09	
9.828300648e-09	9.613885873e-09	4.450295191e-08	0.9999999268	9.230368268e-09	
9.810842554e-09	9.527368314e-09	8.507883867e-09	0.9999999629	9.219043874e-09	
1.099627242e-08	1.064338665e-05	1.834720124e-08	0.9999893171	1.020019827e-08	
1.297932619e-08	2.066901375e-05	2.662914424e-06	0.9999766442	1.09136354e-08	
1.093696297e-08	9.760975715e-06	4.892500065e-08	0.9999901692	9.936977398e-09	
1.01692261e-08	9.483526052e-09	9.232644341e-08	0.9999998788	9.238960925e-09	
1.047735463e-08	9.507935594e-09	8.590770678e-09	0.999999962	9.395415276e-09	
1.018805954e-08	9.552085212e-09	2.256504515e-07	0.9999997454	9.255794514e-09	
1.022745938e-08	9.373804519e-09	3.221209381e-08	0.9999999388	9.420297164e-09	
1.016033792e-08	9.523969071e-09	4.473673385e-08	0.9999999263	9.230506156e-09	
1.014229003e-08	9.438260696e-09	8.552577299e-09	0.9999999626	9.219181594e-09	
1.32991428e-08	0.02297306955	5.616914198e-06	0.9770212884	1.179779218e-08	
1.134390093e-08	0.01098213269	1.044637474e-07	0.9890177406	1.087376102e-08	
1.066450022e-08	1.078823049e-05	1.993185813e-07	0.9999889916	1.022199191e-08	
1.068424842e-08	1.086621921e-05	4.871444816e-07	0.9999886257	1.024061422e-08	
1.072557173e-08	1.066341599e-05	6.954096627e-08	0.9999892459	1.042262446e-08	
1.065517925e-08	1.083423759e-05	9.657972382e-08	0.9999890483	1.021263764e-08	
1.063625385e-08	1.07367393e-05	1.84637008e-08	0.999989224	1.020010956e-08	
1.325251862e-08	0.0211084305	1.500660074e-05	0.9788765381	1.151515936e-08	
1.260098915e-08	2.116155788e-05	4.779828676e-05	0.9999310166	1.094631138e-08	
1.806526816e-08	0.1837605968	4.816927371e-06	0.8162345525	1.569526083e-08	
1.258739255e-08	2.094974511e-05	2.892835811e-05	0.9999500984	1.093666658e-08	
1.296913023e-08	2.100421561e-05	2.69178978e-06	0.9999762799	1.112216049e-08	
1.261017744e-08	2.110031506e-05	7.069940132e-05	0.9999081767	1.095613555e-08	
1.265971403e-08	2.070775669e-05	1.009310738e-05	0.9999691753	1.115153634e-08	
1.257657663e-08	2.103939729e-05	1.401742914e-05	0.9999649197	1.092681964e-08	
1.685731078e-08	0.09610039155	9.800382238e-08	0.9038994778	1.582532671e-08	
1.060697714e-08	9.893808122e-06	5.315066188e-07	0.9999895541	9.958205756e-09	
1.092837364e-08	9.919277382e-06	4.945552985e-08	0.9999900102	1.012684371e-08	
1.06266138e-08	9.965326297e-06	1.299027878e-06	0.999988715	9.976342785e-09	
1.066772144e-08	9.779343663e-06	1.854392662e-07	0.9999900144	1.015366292e-08	
1.05977083e-08	9.936002642e-06	2.575413245e-07	0.9999897859	9.949094623e-09	
1.057888627e-08	9.846588856e-06	4.923566099e-08	0.9999900837	9.936891051e-09	
1.73574842e-08	0.0001043299793	3.380378162e-07	0.9998952983	1.629081457e-08	
9.873236304e-09	9.709947039e-09	1.657297074e-06	0.9999983139	9.267031186e-09	
1.017241075e-08	9.734953181e-09	1.542080339e-07	0.9999998165	9.42397426e-09	
9.891499214e-09	9.78012096e-09	4.050507894e-06	0.9999959205	9.283894939e-09	
9.929784739e-09	9.597615663e-09	5.782207267e-07	0.9999993928	9.448927997e-09	
9.847098223e-09	9.663614686e-09	1.535224464e-07	0.9999998177	9.247204892e-09	
1.733844487e-08	0.0001032838582	2.045827286e-07	0.9998964779	1.627616933e-08	
1.786379847e-08	0.0001035496824	1.903596578e-08	0.9998963969	1.655179041e-08	
1.737053994e-08	0.0001040304326	5.000099802e-07	0.9998954359	1.630581005e-08	
1.732328397e-08	0.0001037242782	9.913042507e-08	0.999896143	1.626126844e-08	
1.729252937e-08	0.0001027909402	1.89513489e-08	0.9998971566	1.624133397e-08	
1.016124132e-08	9.637329613e-09	9.332762059e-08	0.9999998775	9.41549169e-09	
9.880653429e-09	9.682059336e-09	2.451395274e-06	0.9999975198	9.275552723e-09	
9.918883378e-09	9.501370927e-09	3.499426864e-07	0.9999996212	9.440424547e-09	
9.853785841e-09	9.653577849e-09	4.860066217e-07	0.9999994852	9.250226889e-09	
9.83628599e-09	9.566706509e-09	9.291269893e-08	0.9999998784	9.238881431e-09	
1.018005995e-08	9.707000648e-09	2.280973784e-07	0.9999997426	9.432646909e-09	
1.021942888e-08	9.525828624e-09	3.256139802e-08	0.9999999381	9.600292765e-09	
1.015236012e-08	9.67842854e-09	4.52218538e-08	0.9999999255	9.406875379e-09	
9.87202947e-09	9.723360834e-09	1.187823848e-06	0.9999987833	9.267075737e-09	
9.854502814e-09	9.635866996e-09	2.270832892e-07	0.9999997442	9.255714867e-09	
9.910215317e-09	9.541891313e-09	1.695645833e-07	0.9999998016	9.431786667e-09	
9.892612718e-09	9.456022606e-09	3.241663455e-08	0.9999999388	9.420216113e-09	
9.827688809e-09	9.607504258e-09	4.50208037e-08	0.9999999263	9.230426737e-09	
