8.369939098e-09	7.486058977e-09	0.9967854882	0.003214488092	7.805059e-09	
1.772253582e-08	1.585084874e-08	0.9467632632	0.05323104486	5.658403584e-06	
8.140206788e-09	7.280587406e-09	0.9980801342	0.00191984262	7.781803303e-09	
7.769595706e-09	6.949122147e-09	0.9999970617	2.916440954e-06	7.134655071e-09	
8.196794579e-09	7.331199129e-09	0.9977616343	0.002238342313	7.812949433e-09	
7.771699467e-09	6.951003014e-09	0.9999952665	4.711656421e-06	7.140673608e-09	
7.775429703e-09	6.95433908e-09	0.9999907163	9.261823308e-06	7.140189911e-09	
8.192654717e-09	7.327490528e-09	0.9982415745	0.001757670559	7.39459073e-07	
8.135363517e-09	7.276259273e-09	0.9981074225	0.001892554332	7.789388475e-09	
8.360237662e-09	7.477385081e-09	0.9968399178	0.00316005859	7.75049855e-09	
8.283050478e-09	7.408345771e-09	0.9972764699	0.002723506276	8.113561569e-09	
8.262709454e-09	7.39015741e-09	0.9973900458	0.002609930754	7.758902817e-09	
1.772077756e-08	1.584927521e-08	0.9284859883	0.07150832102	5.657149173e-06	
8.293735285e-09	7.417902588e-09	0.9973720388	0.002627937546	7.927600942e-09	
7.921745888e-09	7.085204755e-09	0.9999959828	3.99494085e-06	7.273480308e-09	
8.350407524e-09	7.468589831e-09	0.9969364274	0.003063548803	7.958393928e-09	
7.927675527e-09	7.090507212e-09	0.9999872909	1.26868159e-05	7.279105763e-09	
8.514014011e-09	7.614921974e-09	0.9956763756	0.004323600424	7.892092659e-09	
7.923720696e-09	7.0869702e-09	0.9999937395	6.238183929e-06	7.278018346e-09	
8.436767485e-09	7.545829533e-09	0.9962730664	0.003726909368	8.263120911e-09	
8.416402109e-09	7.527619478e-09	0.9964283363	0.00357163984	7.902256208e-09	
1.772345604e-08	1.585167214e-08	0.9560741098	0.04392005623	5.800349842e-06	
1.772293551e-08	1.585120592e-08	0.9491428441	0.05085133913	5.783191635e-06	
1.827398133e-08	2.127284962e-08	0.5185303356	0.481464044	5.580922433e-06	
1.801930739e-08	1.611625724e-08	0.9984536398	8.662068547e-05	0.001459705372	
1.789150252e-08	1.600195755e-08	0.9591156707	0.0403314582	0.0005528372125	
1.772351181e-08	1.585173004e-08	0.9566724604	0.0433216965	5.809478429e-06	
1.772079667e-08	1.584929877e-08	0.929615189	0.07037915327	5.62412834e-06	
1.772227476e-08	1.585061391e-08	0.9387671869	0.06122683662	5.942944272e-06	
1.772211283e-08	1.585047898e-08	0.9411768068	0.05881746248	5.697105895e-06	
7.694334136e-09	6.881808396e-09	0.9999975953	2.382874427e-06	7.24241358e-09	
8.120716042e-09	7.26315478e-09	0.9981703936	0.001829583036	7.934197475e-09	
7.696420046e-09	6.883673305e-09	0.9999961285	3.84965424e-06	7.248525399e-09	
7.863096885e-09	7.03273167e-09	0.9999951099	2.968029493e-06	1.907205512e-06	
7.700120559e-09	6.88698279e-09	0.9999924108	7.567369915e-06	7.24804043e-09	
8.115900512e-09	7.258841919e-09	0.9985626701	0.0014365637	7.508685658e-07	
8.059345088e-09	7.208268647e-09	0.9984531329	0.001546843909	7.909770281e-09	
8.284039634e-09	7.409233839e-09	0.9974165623	0.002583414104	7.872105438e-09	
7.69625922e-09	6.883529391e-09	0.9999962573	3.720911766e-06	7.246938796e-09	
8.206900112e-09	7.340237185e-09	0.9977736307	0.002226345524	8.240206481e-09	
7.750292525e-09	6.931857263e-09	0.999997199	2.779076303e-06	7.273719092e-09	
7.331960266e-09	6.557708891e-09	0.9999999736	5.836838025e-09	6.633011574e-09	
7.490738829e-09	6.699704039e-09	0.9999982361	4.500117119e-09	1.745252509e-06	
7.689546173e-09	6.877529524e-09	0.9999976292	2.348940548e-06	7.249275037e-09	
7.912132439e-09	7.07660938e-09	0.9999960507	3.927082116e-06	7.222241922e-09	
7.331806113e-09	6.557570949e-09	0.9999999738	5.641638219e-09	6.631558845e-09	
7.752391715e-09	6.933734043e-09	0.9999954883	4.489737329e-06	7.279855554e-09	
7.920281795e-09	7.083877399e-09	0.999994608	3.461525067e-06	1.915449253e-06	
8.172975841e-09	7.309889653e-09	0.9983242081	0.001675022522	7.539344262e-07	
8.115873935e-09	7.25882768e-09	0.9981964013	0.001803575363	7.941920981e-09	
8.340707341e-09	7.459917049e-09	0.9969883089	0.003011667366	7.902741343e-09	
7.752229885e-09	6.933589232e-09	0.9999956384	4.3395889e-06	7.278262249e-09	
8.263530535e-09	7.390887031e-09	0.9974044146	0.002595561464	8.272765871e-09	
7.492780503e-09	6.7015294e-09	0.9999982318	7.2701776e-09	1.74672787e-06	
7.337512119e-09	6.562673536e-09	0.9999999609	1.853632755e-08	6.638199292e-09	
7.74475315e-09	6.926896524e-09	0.9999957728	3.523896774e-06	6.886731667e-07	
7.691630946e-09	6.879393416e-09	0.9999961833	3.79483242e-06	7.255392798e-09	
7.91426987e-09	7.07852035e-09	0.9999936334	6.344393886e-06	7.228329847e-09	
7.333804475e-09	6.55935759e-09	0.9999999704	9.114365416e-09	6.63716488e-09	
7.817638526e-09	6.992094654e-09	0.9999947409	5.237027569e-06	7.232184674e-09	
1.487932842e-08	1.732129533e-08	0.9696368425	0.03036311167	1.362744639e-08	
1.495059019e-08	1.740425264e-08	0.9585755382	0.04142441602	1.342891484e-08	
1.178686634e-07	0.001602969123	0.2625858817	0.735810931	1.003770939e-07	
3.503286037e-06	3.009131189e-05	0.472560823	0.5274055646	1.773636313e-08	
0.0001088241883	6.730848433e-05	0.9995744854	0.0002493588843	2.30281589e-08	
2.208680342e-08	2.835050856e-05	0.2837849172	0.7161866918	1.843411651e-08	
3.601615494e-07	2.321905962e-08	0.3292414049	0.6707581951	1.669071058e-08	
3.282508154e-05	6.648516158e-06	0.000141697647	0.9998188073	2.146763761e-08	
1.894233619e-08	2.238922778e-08	0.4538686213	0.5461313214	1.594001215e-08	
1.981072549e-08	2.36496719e-08	0.2604899402	0.7395099993	1.702355289e-08	
7.496410923e-09	6.704776195e-09	0.9999982249	1.429123863e-08	1.746617485e-06	
7.858203957e-09	7.028359004e-09	0.9999951503	2.925762595e-06	1.90901241e-06	
7.492622973e-09	6.701388436e-09	0.9999982324	7.027043006e-09	1.746345311e-06	
8.007514971e-09	7.161898031e-09	0.9999937809	4.213861194e-06	1.9901144e-06	
7.986943094e-09	7.143503065e-09	0.9999940443	4.037676195e-06	1.902906613e-06	
7.695329564e-09	6.882701208e-09	0.9999925186	7.459605569e-06	7.254907753e-09	
7.918056052e-09	7.08190645e-09	0.9999875065	1.247131736e-05	7.227828816e-09	
7.337357853e-09	6.562535493e-09	0.9999999615	1.791642214e-08	6.63674543e-09	
7.821386843e-09	6.995446893e-09	0.9999896834	1.029455356e-05	7.231691109e-09	
8.111015873e-09	7.254476779e-09	0.9985830981	0.001416134901	7.51595288e-07	
7.744591231e-09	6.926751633e-09	0.9999958908	3.406048442e-06	6.885224181e-07	
8.259991663e-09	7.387715905e-09	0.9979608658	0.002038335478	7.830387138e-07	
8.239471476e-09	7.369367304e-09	0.9980459586	0.001953277018	7.487892181e-07	
8.279189024e-09	7.404899205e-09	0.9974532584	0.002546717999	7.879853095e-09	
7.691470206e-09	6.87924958e-09	0.9999963103	3.667923323e-06	7.253804678e-09	
8.202052961e-09	7.335905612e-09	0.997805266	0.00219471024	8.248274476e-09	
8.181729932e-09	7.31773329e-09	0.9978968366	0.002103140039	7.887552764e-09	
7.914105152e-09	7.078372953e-09	0.9999938456	6.132221325e-06	7.226748267e-09	
8.427061944e-09	7.537151991e-09	0.9963361407	0.003663835156	8.205429851e-09	
8.406697823e-09	7.518943045e-09	0.9964887921	0.003511184148	7.847063918e-09	
7.837611242e-09	7.009953799e-09	0.9999946948	5.282764903e-06	7.561971584e-09	
7.81747553e-09	6.991948799e-09	0.9999949161	5.061887948e-06	7.230601983e-09	
8.329487006e-09	7.449882543e-09	0.9969737038	0.003026272185	8.21505018e-09	
5.242935523e-09	0.9999999841	3.371838637e-09	2.537805784e-09	4.72283492e-09	
5.242939013e-09	0.9999999841	3.372794525e-09	2.539594558e-09	4.722837858e-09	
5.243484927e-09	0.9999999841	3.392504096e-09	2.542509739e-09	4.722858594e-09	
5.242939259e-09	0.9999999841	3.372858529e-09	2.539713929e-09	4.722838032e-09	
5.242939013e-09	0.9999999841	3.372794525e-09	2.539594558e-09	4.722837858e-09	
5.242939383e-09	0.9999999841	3.372927974e-09	2.53985028e-09	4.722838258e-09	
5.409741637e-09	0.9999999827	4.457059672e-09	2.745301019e-09	4.723913199e-09	
5.242939013e-09	0.9999999841	3.372794525e-09	2.539594558e-09	4.722837858e-09	
5.243520413e-09	0.9999999841	3.392988765e-09	2.540796678e-09	4.722857515e-09	
5.242935521e-09	0.9999999841	3.37183862e-09	2.537805784e-09	4.722834817e-09	
5.242935366e-09	0.9999999841	3.371834938e-09	2.537805692e-09	4.722834859e-09	
5.276843898e-09	0.9999999839	3.409379545e-09	2.650092143e-09	4.723016977e-09	
5.243447197e-09	0.9999999841	3.390234368e-09	2.540422428e-09	4.7228541e-09	
5.242939383e-09	0.9999999841	3.372927975e-09	2.539850284e-09	4.722838318e-09	
5.243420392e-09	0.9999999841	3.390057588e-09	2.541955444e-09	4.722855763e-09	
7.416206239e-08	0.9999447764	4.074097008e-05	1.43979414e-05	1.056551319e-08	
5.24242737e-09	0.9999999841	3.354492849e-09	2.536978751e-09	4.722818438e-09	
5.24297323e-09	0.9999999841	3.37409547e-09	2.53989093e-09	4.722839174e-09	
5.242427616e-09	0.9999999841	3.354556506e-09	2.537098e-09	4.722818612e-09	
5.24242737e-09	0.9999999841	3.354492849e-09	2.536978751e-09	4.722818438e-09	
5.409213716e-09	0.9999999827	4.432874487e-09	2.742473333e-09	4.723893774e-09	
5.24242737e-09	0.9999999841	3.354492849e-09	2.536978751e-09	4.722818438e-09	
5.243008713e-09	0.9999999841	3.37457751e-09	2.538179634e-09	4.722838095e-09	
5.242423878e-09	0.9999999841	3.353542131e-09	2.535191821e-09	4.722815398e-09	
5.242423723e-09	0.9999999841	3.353538469e-09	2.535191728e-09	4.722815439e-09	
5.276328946e-09	0.999999984	3.390879349e-09	2.647362523e-09	4.722997556e-09	
5.242935505e-09	0.9999999841	3.371838059e-09	2.537805769e-09	4.72283468e-09	
5.24242774e-09	0.9999999841	3.354625575e-09	2.537234215e-09	4.722818898e-09	
5.242908702e-09	0.9999999841	3.371662238e-09	2.539337206e-09	4.722836343e-09	
5.242976721e-09	0.9999999841	3.375051997e-09	2.541681173e-09	4.722842112e-09	
6.553410516e-09	0.9999919218	1.995594866e-06	6.070316497e-06	5.73429113e-09	
5.242431106e-09	0.9999999841	3.355507494e-09	2.538886274e-09	4.72282155e-09	
5.24243086e-09	0.9999999841	3.355443818e-09	2.538766942e-09	4.722821376e-09	
5.242431229e-09	0.9999999841	3.355576581e-09	2.539022581e-09	4.722821776e-09	
5.409217317e-09	0.9999999827	4.434131168e-09	2.744406366e-09	4.723896713e-09	
5.24243086e-09	0.9999999841	3.355443818e-09	2.538766942e-09	4.722821376e-09	
5.243012203e-09	0.9999999841	3.375534174e-09	2.53996867e-09	4.722841034e-09	
5.242427368e-09	0.9999999841	3.354492831e-09	2.536978751e-09	4.722818336e-09	
5.242427212e-09	0.9999999841	3.354489168e-09	2.536978659e-09	4.722818377e-09	
5.276332458e-09	0.999999984	3.391840635e-09	2.649228517e-09	4.723000495e-09	
5.242938995e-09	0.9999999841	3.372793946e-09	2.539594542e-09	4.722837619e-09	
5.242431229e-09	0.9999999841	3.355576583e-09	2.539022585e-09	4.722821836e-09	
5.242912192e-09	0.9999999841	3.372618075e-09	2.541127059e-09	4.722839282e-09	
6.554092758e-09	0.9999919032	2.007256469e-06	6.077284453e-06	5.7343162e-09	
5.242976966e-09	0.9999999841	3.375116045e-09	2.541800642e-09	4.722842286e-09	
5.242976721e-09	0.9999999841	3.375051997e-09	2.541681173e-09	4.722842112e-09	
5.24297709e-09	0.9999999841	3.375185536e-09	2.541937105e-09	4.722842512e-09	
5.242976721e-09	0.9999999841	3.375051997e-09	2.541681173e-09	4.722842112e-09	
5.243558124e-09	0.9999999841	3.395259754e-09	2.542884281e-09	4.722861769e-09	
5.242973228e-09	0.9999999841	3.374095453e-09	2.53989093e-09	4.722839071e-09	
5.242973073e-09	0.9999999841	3.374091768e-09	2.539890837e-09	4.722839113e-09	
5.243484908e-09	0.9999999841	3.392503513e-09	2.542509723e-09	4.722858354e-09	
5.24297709e-09	0.9999999841	3.375185537e-09	2.541937109e-09	4.722842572e-09	
5.243458103e-09	0.9999999841	3.392326615e-09	2.544043999e-09	4.722860017e-09	
7.416259286e-08	0.9999447373	4.076823715e-05	1.440977066e-05	1.056552229e-08	
6.553410821e-09	0.9999919215	1.995632735e-06	6.070601825e-06	5.734291339e-09	
6.553410516e-09	0.9999919218	1.995594866e-06	6.070316497e-06	5.73429113e-09	
6.553410973e-09	0.9999919211	1.995673823e-06	6.070927739e-06	5.734291612e-09	
6.553410516e-09	0.9999919218	1.995594866e-06	6.070316497e-06	5.73429113e-09	
6.595788035e-09	0.999991636	2.017240695e-06	6.334433742e-06	5.734506972e-09	
6.553410973e-09	0.9999919211	1.995673823e-06	6.070927749e-06	5.734291684e-09	
6.554012111e-09	0.9999919059	2.00580894e-06	6.075959557e-06	5.734312779e-09	
7.40486843e-08	0.0009182243806	2.259464422e-05	0.9990590419	6.49988566e-08	
0.0001625897117	0.9026130158	0.09711862422	0.0001057358824	3.433574724e-08	
5.242431106e-09	0.9999999841	3.355507494e-09	2.538886274e-09	4.72282155e-09	
5.242431475e-09	0.9999999841	3.35564026e-09	2.539141926e-09	4.72282195e-09	
5.40921757e-09	0.9999999827	4.434215314e-09	2.744535365e-09	4.723896887e-09	
5.242431106e-09	0.9999999841	3.355507494e-09	2.538886274e-09	4.72282155e-09	
5.243012449e-09	0.9999999841	3.375598231e-09	2.540088059e-09	4.722841207e-09	
5.242427614e-09	0.9999999841	3.354556489e-09	2.537098e-09	4.72281851e-09	
5.242427458e-09	0.9999999841	3.354552826e-09	2.537097907e-09	4.722818551e-09	
5.276332706e-09	0.999999984	3.391905001e-09	2.649353042e-09	4.723000668e-09	
5.242939241e-09	0.9999999841	3.372857951e-09	2.539713914e-09	4.722837793e-09	
5.242912438e-09	0.9999999841	3.372682077e-09	2.541246502e-09	4.722839456e-09	
5.242431229e-09	0.9999999841	3.355576581e-09	2.539022581e-09	4.722821776e-09	
5.409217317e-09	0.9999999827	4.434131168e-09	2.744406366e-09	4.723896713e-09	
5.24243086e-09	0.9999999841	3.355443818e-09	2.538766942e-09	4.722821376e-09	
5.243012203e-09	0.9999999841	3.375534174e-09	2.53996867e-09	4.722841033e-09	
5.242427368e-09	0.9999999841	3.354492831e-09	2.536978751e-09	4.722818336e-09	
5.242427212e-09	0.9999999841	3.354489168e-09	2.536978659e-09	4.722818377e-09	
5.276332458e-09	0.999999984	3.391840635e-09	2.649228517e-09	4.723000494e-09	
5.242938995e-09	0.9999999841	3.372793946e-09	2.539594542e-09	4.722837618e-09	
5.242431229e-09	0.9999999841	3.355576583e-09	2.539022585e-09	4.722821836e-09	
5.242912192e-09	0.9999999841	3.372618075e-09	2.541127059e-09	4.722839281e-09	
5.242431229e-09	0.9999999841	3.355576581e-09	2.539022581e-09	4.722821776e-09	
5.243012572e-09	0.9999999841	3.375667732e-09	2.540224431e-09	4.722841434e-09	
5.242427737e-09	0.9999999841	3.354625557e-09	2.537234211e-09	4.722818736e-09	
5.242427582e-09	0.9999999841	3.354621893e-09	2.537234118e-09	4.722818777e-09	
5.27633283e-09	0.999999984	3.391974838e-09	2.649495279e-09	4.723000895e-09	
5.242939364e-09	0.9999999841	3.372927395e-09	2.539850265e-09	4.722838019e-09	
5.242431599e-09	0.9999999841	3.355709351e-09	2.53927825e-09	4.722822236e-09	
5.242912562e-09	0.9999999841	3.372751518e-09	2.541382936e-09	4.722839682e-09	
5.409217317e-09	0.9999999827	4.434131168e-09	2.744406366e-09	4.723896713e-09	
5.409213714e-09	0.9999999827	4.432874464e-09	2.742473333e-09	4.723893672e-09	
5.444197485e-09	0.9999999825	4.482228608e-09	2.863815299e-09	4.724075872e-09	
5.409741617e-09	0.9999999827	4.457058907e-09	2.745301002e-09	4.723912959e-09	
5.409713962e-09	0.9999999827	4.456826499e-09	2.746957652e-09	4.723914623e-09	
1.070066204e-05	0.999486133	0.0002526862448	0.0002504261679	5.396011691e-08	
0.0001486232043	0.9996123105	0.0002389819954	5.294024906e-08	3.132518623e-08	
7.160520486e-08	0.9994778656	0.0001610608076	0.0003609424174	5.952608417e-08	
5.243012203e-09	0.9999999841	3.375534174e-09	2.53996867e-09	4.722841033e-09	
5.242427368e-09	0.9999999841	3.354492831e-09	2.536978751e-09	4.722818336e-09	
5.242427212e-09	0.9999999841	3.354489168e-09	2.536978659e-09	4.722818377e-09	
5.276332458e-09	0.999999984	3.391840635e-09	2.649228517e-09	4.723000495e-09	
5.242938995e-09	0.9999999841	3.372793946e-09	2.539594542e-09	4.722837619e-09	
5.242431229e-09	0.9999999841	3.355576583e-09	2.539022585e-09	4.722821836e-09	
5.242912192e-09	0.9999999841	3.372618075e-09	2.541127059e-09	4.722839282e-09	
5.243008555e-09	0.9999999841	3.374573808e-09	2.538179541e-09	4.722838034e-09	
5.276917561e-09	0.9999999839	3.412148912e-09	2.650482533e-09	4.723020153e-09	
5.243520394e-09	0.9999999841	3.392988183e-09	2.540796663e-09	4.722857276e-09	
5.243012572e-09	0.9999999841	3.375667733e-09	2.540224435e-09	4.722841493e-09	
5.243493589e-09	0.9999999841	3.39281126e-09	2.542329905e-09	4.722858939e-09	
7.416309506e-08	0.9999447411	4.077406166e-05	1.440006188e-05	1.056551992e-08	
5.24242372e-09	0.9999999841	3.353538452e-09	2.535191728e-09	4.722815337e-09	
5.276328944e-09	0.999999984	3.390879332e-09	2.647362523e-09	4.722997454e-09	
5.242935502e-09	0.9999999841	3.371838042e-09	2.537805769e-09	4.722834578e-09	
5.242427737e-09	0.9999999841	3.354625558e-09	2.537234215e-09	4.722818796e-09	
5.2429087e-09	0.9999999841	3.371662221e-09	2.539337206e-09	4.722836241e-09	
5.276328787e-09	0.999999984	3.390875629e-09	2.647362426e-09	4.722997495e-09	
5.242935347e-09	0.9999999841	3.371834359e-09	2.537805676e-09	4.72283462e-09	
5.242427582e-09	0.9999999841	3.354621894e-09	2.537234122e-09	4.722818837e-09	
5.242908544e-09	0.9999999841	3.371658539e-09	2.539337113e-09	4.722836283e-09	
5.276843879e-09	0.9999999839	3.40937896e-09	2.650092127e-09	4.723016738e-09	
5.27633283e-09	0.999999984	3.391974839e-09	2.649495283e-09	4.723000954e-09	
5.276816903e-09	0.9999999839	3.409201182e-09	2.651691323e-09	4.723018401e-09	
3.235864459e-05	0.9995530099	3.781921237e-05	0.0003767532221	5.900656928e-08	
7.463435348e-08	0.9999439243	4.09709987e-05	1.501948582e-05	1.056586802e-08	
5.242939364e-09	0.9999999841	3.372927396e-09	2.539850269e-09	4.722838079e-09	
5.243420373e-09	0.9999999841	3.390057007e-09	2.541955429e-09	4.722855524e-09	
7.416206212e-08	0.9999447764	4.074096309e-05	1.439794131e-05	1.056551265e-08	
5.242912562e-09	0.9999999841	3.372751519e-09	2.54138294e-09	4.722839741e-09	
7.416168251e-08	0.9999447698	4.073883843e-05	1.440662965e-05	1.056551631e-08	
1.642439935e-08	4.658601719e-09	3.331907337e-09	2.628690642e-09	0.999999973	
1.558193716e-08	4.658538495e-09	3.331859644e-09	2.689821844e-09	0.9999999737	
1.535273045e-08	4.6584172e-09	3.33177644e-09	2.614258539e-09	0.999999974	
3.675148617e-08	4.660943903e-09	3.333582622e-09	2.62719446e-09	0.9999999526	
4.118744686e-05	9.488277359e-09	6.959398979e-09	3.102773889e-05	0.9999277684	
1.571161513e-08	4.658570003e-09	3.331881774e-09	2.700284275e-09	0.9999999736	
1.522045956e-08	4.658411578e-09	3.331771565e-09	2.625686208e-09	0.9999999742	
6.972462416e-08	4.663473289e-09	3.335391515e-09	2.629950146e-09	0.9999999196	
7.221259313e-08	2.206325991e-08	1.577991292e-08	0.0001419152304	0.9998579747	
5.849970571e-09	4.655481829e-09	3.329677416e-09	2.604043156e-09	0.9999999836	
5.763918848e-09	4.655360613e-09	3.329594266e-09	2.530889572e-09	0.9999999837	
1.379771418e-08	4.65788572e-09	3.331399309e-09	2.543412999e-09	0.9999999757	
1.546353216e-05	9.482304909e-09	6.955026591e-09	3.003906336e-05	0.999954481	
5.732033611e-09	4.655347151e-09	3.32958465e-09	2.530882288e-09	0.9999999838	
5.898655937e-09	4.655513316e-09	3.329699531e-09	2.61417194e-09	0.9999999835	
5.714260016e-09	4.655354993e-09	3.329589394e-09	2.541952811e-09	0.9999999838	
5.468268236e-09	4.65529743e-09	3.329546604e-09	2.589746371e-09	0.999999984	
1.308998343e-08	4.657822505e-09	3.331351623e-09	2.602561037e-09	0.9999999763	
5.808090158e-09	4.655445149e-09	3.329652197e-09	2.589828517e-09	0.9999999836	
5.4380185e-09	4.655283968e-09	3.329536989e-09	2.589738918e-09	0.999999984	
5.596094211e-09	4.655450131e-09	3.329651868e-09	2.674965502e-09	0.9999999837	
5.421156571e-09	4.655291811e-09	3.329541732e-09	2.601066891e-09	0.999999984	
2.483421188e-08	4.660350296e-09	3.333159376e-09	2.60529094e-09	0.9999999646	
2.572040006e-08	2.204851416e-08	1.576937357e-08	0.0001405847777	0.9998593517	
1.289743278e-08	4.657701229e-09	3.331268432e-09	2.529449089e-09	0.9999999766	
5.722654485e-09	4.655323934e-09	3.329569047e-09	2.517074255e-09	0.9999999838	
5.358026496e-09	4.655162758e-09	3.329453842e-09	2.516987173e-09	0.9999999841	
5.341412603e-09	4.6551706e-09	3.329458585e-09	2.527996917e-09	0.9999999841	
2.446890633e-08	4.660228954e-09	3.33307614e-09	2.532102304e-09	0.999999965	
1.369893523e-08	4.657849022e-09	3.331374077e-09	2.529529322e-09	0.9999999758	
3.460077422e-05	9.486891081e-09	6.958390674e-09	3.002139249e-05	0.9999353614	
1.282608589e-08	4.65768776e-09	3.331258811e-09	2.52944181e-09	0.9999999767	
1.319892255e-08	4.657854008e-09	3.33137375e-09	2.612684056e-09	0.9999999762	
1.278631543e-08	4.657695607e-09	3.331263557e-09	2.540506032e-09	0.9999999767	
5.857385853e-08	4.662756581e-09	3.334882984e-09	2.544631666e-09	0.9999999309	
5.690997518e-09	4.655310472e-09	3.329559431e-09	2.517067011e-09	0.9999999838	
5.856426981e-09	4.655476636e-09	3.329674312e-09	2.599902011e-09	0.9999999836	
5.673351165e-09	4.655318315e-09	3.329564175e-09	2.528077104e-09	0.9999999838	
2.598951034e-08	4.660376824e-09	3.33318184e-09	2.532182618e-09	0.9999999635	
1.433004249e-05	9.481928949e-09	6.954751294e-09	3.000476554e-05	0.9999556488	
6.564227306e-05	9.491744752e-09	6.961950372e-09	3.00519493e-05	0.9999042893	
0.02791808255	2.77087085e-08	4.765466098e-05	0.9718311802	0.0002030548884	
0.020154667	2.57579387e-08	2.944251008e-05	0.9796288552	0.0001870095481	
0.02007712557	3.189434285e-05	1.787416676e-05	0.9796759805	0.0001971253788	
0.04844498631	5.625579229e-06	2.186884228e-08	0.9513752051	0.0001741611877	
0.05056271201	2.455244562e-08	6.363485081e-06	0.949254455	0.000176444919	
5.483275466e-09	4.655315454e-09	3.329559103e-09	2.599812063e-09	0.9999999839	
5.311864615e-09	4.655157138e-09	3.32944897e-09	2.527989641e-09	0.9999999842	
2.433354758e-08	4.660215479e-09	3.333066514e-09	2.532095016e-09	0.9999999651	
5.466273207e-09	4.655323297e-09	3.329563847e-09	2.611184098e-09	0.9999999839	
2.50408903e-08	4.660381815e-09	3.333181514e-09	2.615424577e-09	0.9999999644	
2.593443944e-08	2.204865122e-08	1.576946968e-08	0.0001411315243	0.9998588047	
2.425809537e-08	4.66022333e-09	3.333071263e-09	2.543170845e-09	0.9999999652	
1.250481309e-08	1.104905951e-08	7.902415981e-09	0.9999654866	3.448196186e-05	
1.250481307e-08	1.104906634e-08	7.902415972e-09	0.9999654866	3.448196186e-05	
1.250669992e-08	1.104907055e-08	7.902418562e-09	0.9999654722	3.44963178e-05	
1.250669986e-08	1.104907051e-08	7.902418509e-09	0.9999654722	3.44963178e-05	
1.250669986e-08	1.104906311e-08	7.902418518e-09	0.9999654722	3.449631757e-05	
1.250319662e-08	1.104906281e-08	7.902413843e-09	0.9999654989	3.446966822e-05	
1.248254241e-08	1.1049054e-08	7.902406742e-09	0.9999654866	3.448192624e-05	
1.250319662e-08	1.104906281e-08	7.902413843e-09	0.9999654989	3.446966822e-05	
1.248256711e-08	1.10490571e-08	7.902408456e-09	0.9999654723	3.449627894e-05	
1.251434503e-08	1.107639556e-08	7.946252384e-09	0.999965472	3.449649786e-05	
1.250612632e-08	1.313783678e-08	7.935899601e-09	0.9999654809	3.448555623e-05	
9.731033109e-09	8.672120955e-09	6.202420139e-09	0.9999999666	8.822272095e-09	
9.732501568e-09	8.67212438e-09	6.202422261e-09	0.9999999666	8.825945215e-09	
9.732501515e-09	8.672124348e-09	6.202422219e-09	0.9999999666	8.825945215e-09	
9.732501523e-09	8.672118539e-09	6.202422227e-09	0.9999999666	8.825945156e-09	
9.729775096e-09	8.672118076e-09	6.202418392e-09	0.9999999666	8.819126637e-09	
1.162098628e-05	1.000963933e-08	8.019086229e-09	0.9999883514	9.536825356e-09	
9.713470059e-09	8.672086775e-09	6.202395348e-09	0.9999999666	8.778476216e-09	
9.71370246e-09	8.67211127e-09	6.202412895e-09	0.9999999666	8.82226298e-09	
9.729775096e-09	8.672118076e-09	6.202418392e-09	0.9999999666	8.819126637e-09	
9.71372182e-09	8.672113821e-09	6.202414329e-09	0.9999999666	8.825935272e-09	
9.738450861e-09	8.693571063e-09	6.236826397e-09	0.9999999665	8.825991284e-09	
9.732235262e-09	8.672096761e-09	6.202403227e-09	0.9999999666	8.778485993e-09	
9.73250155e-09	8.672129741e-09	6.202422254e-09	0.9999999666	8.825945217e-09	
9.732501498e-09	8.672129709e-09	6.202422212e-09	0.9999999666	8.825945216e-09	
9.732501505e-09	8.672123901e-09	6.20242222e-09	0.9999999666	8.825945157e-09	
9.729775079e-09	8.672123437e-09	6.202418385e-09	0.9999999666	8.819126638e-09	
1.162098626e-05	1.000964552e-08	8.01908622e-09	0.9999883514	9.536825358e-09	
9.713470042e-09	8.672092137e-09	6.202395341e-09	0.9999999666	8.778476217e-09	
9.713702443e-09	8.672116631e-09	6.202412888e-09	0.9999999666	8.822262981e-09	
9.729775079e-09	8.672123437e-09	6.202418385e-09	0.9999999666	8.819126638e-09	
9.713721803e-09	8.672119183e-09	6.202414322e-09	0.9999999666	8.825935274e-09	
9.732235245e-09	8.672102123e-09	6.20240322e-09	0.9999999666	8.778485994e-09	
9.732055081e-09	1.031154823e-08	6.228700669e-09	0.9999999649	8.823191758e-09	
9.733970178e-09	8.672133134e-09	6.202424334e-09	0.9999999666	8.829619866e-09	
9.731243347e-09	8.672126862e-09	6.202420507e-09	0.9999999666	8.822798449e-09	
1.16227399e-05	1.000964946e-08	8.019088949e-09	0.9999883497	9.540795963e-09	
9.715168286e-09	8.672120056e-09	6.20241501e-09	0.9999999666	8.825936098e-09	
9.731243347e-09	8.672126862e-09	6.202420507e-09	0.9999999666	8.822798449e-09	
9.715187649e-09	8.672122608e-09	6.202416443e-09	0.9999999666	8.829609919e-09	
9.739920421e-09	8.693579871e-09	6.236828523e-09	0.9999999665	8.829665954e-09	
9.733703885e-09	8.672105548e-09	6.202405342e-09	0.9999999666	8.782140885e-09	
9.733523694e-09	1.03115523e-08	6.2287028e-09	0.9999999649	8.826865261e-09	
9.733970133e-09	8.672127293e-09	6.2024243e-09	0.9999999666	8.829619807e-09	
9.731243295e-09	8.67212683e-09	6.202420466e-09	0.9999999666	8.822798449e-09	
1.162273984e-05	1.000964942e-08	8.019088895e-09	0.9999883497	9.540795963e-09	
9.714935798e-09	8.672095529e-09	6.202397421e-09	0.9999999666	8.782131103e-09	
9.715168234e-09	8.672120024e-09	6.202414968e-09	0.9999999666	8.825936098e-09	
9.731243295e-09	8.67212683e-09	6.202420466e-09	0.9999999666	8.822798449e-09	
9.715187597e-09	8.672122575e-09	6.202416402e-09	0.9999999666	8.829609919e-09	
9.733523642e-09	1.031155227e-08	6.228702758e-09	0.9999999649	8.826865261e-09	
9.731243303e-09	8.672121022e-09	6.202420473e-09	0.9999999666	8.82279839e-09	
1.162273985e-05	1.000964272e-08	8.019088905e-09	0.9999883497	9.540795899e-09	
9.714935806e-09	8.672089721e-09	6.202397429e-09	0.9999999666	8.782131044e-09	
9.715168242e-09	8.672114216e-09	6.202414976e-09	0.9999999666	8.825936038e-09	
9.731243303e-09	8.672121022e-09	6.202420473e-09	0.9999999666	8.82279839e-09	
9.715187605e-09	8.672116767e-09	6.20241641e-09	0.9999999666	8.82960986e-09	
9.739920376e-09	8.693574017e-09	6.236828489e-09	0.9999999665	8.829665895e-09	
9.73370384e-09	8.672099707e-09	6.202405308e-09	0.9999999666	8.782140826e-09	
1.161948394e-05	1.000964221e-08	8.019083974e-09	0.999988353	9.53342515e-09	
9.7122143e-09	8.672089258e-09	6.202393594e-09	0.9999999666	8.775346374e-09	
9.71244667e-09	8.672113752e-09	6.202411141e-09	0.9999999666	8.819117527e-09	
9.728517228e-09	8.672120558e-09	6.202416639e-09	0.9999999666	8.815982302e-09	
9.712466028e-09	8.672116303e-09	6.202412575e-09	0.9999999666	8.82278851e-09	
9.737191871e-09	8.693573552e-09	6.236824633e-09	0.9999999665	8.822844502e-09	
9.730977077e-09	8.672099244e-09	6.202401473e-09	0.9999999666	8.775356148e-09	
9.730796936e-09	1.031154481e-08	6.228698915e-09	0.9999999649	8.820045972e-09	
1.161948394e-05	1.000964221e-08	8.019083974e-09	0.999988353	9.53342515e-09	
1.162242188e-05	1.000961758e-08	8.019064343e-09	0.9999883501	9.48949282e-09	
1.162220673e-05	1.190191871e-08	8.053064218e-09	0.9999883483	9.537819492e-09	
0.007275473742	1.202149082e-08	1.500874896e-05	0.992709494	1.145821921e-08	
0.007247274382	1.488498498e-05	9.111355358e-06	0.9927287172	1.207767684e-08	
0.9940729924	0.0004557468919	0.001348379499	0.004122684903	1.962654477e-07	
0.000296566901	1.417199616e-08	4.003537675e-05	0.9996633707	1.282306824e-08	
9.696170673e-09	8.672082452e-09	6.202388097e-09	0.9999999667	8.778467147e-09	
9.7122143e-09	8.672089258e-09	6.202393594e-09	0.9999999666	8.775346374e-09	
9.696189998e-09	8.672085003e-09	6.202389531e-09	0.9999999666	8.78212121e-09	
9.720874406e-09	8.693542174e-09	6.236801461e-09	0.9999999666	8.782176944e-09	
9.714670026e-09	8.672067943e-09	6.202378429e-09	0.9999999667	8.73490748e-09	
9.714490187e-09	1.031150759e-08	6.228675773e-09	0.999999965	8.779391314e-09	
9.71244667e-09	8.672113752e-09	6.202411141e-09	0.9999999666	8.819117527e-09	
9.696421985e-09	8.672109497e-09	6.202407077e-09	0.9999999666	8.825926155e-09	
9.721106984e-09	8.693566729e-09	6.236819105e-09	0.9999999665	8.825982167e-09	
9.714902455e-09	8.672092437e-09	6.202395976e-09	0.9999999666	8.778476925e-09	
9.714722612e-09	1.031153672e-08	6.228693394e-09	0.9999999649	8.823182642e-09	
9.712466028e-09	8.672116303e-09	6.202412575e-09	0.9999999666	8.82278851e-09	
9.737191871e-09	8.693573552e-09	6.236824633e-09	0.9999999665	8.822844502e-09	
9.730977077e-09	8.672099244e-09	6.202401473e-09	0.9999999666	8.775356148e-09	
9.730796936e-09	1.031154481e-08	6.228698915e-09	0.9999999649	8.820045972e-09	
9.714921818e-09	8.672094989e-09	6.20239741e-09	0.9999999666	8.782130991e-09	
9.714741975e-09	1.031153975e-08	6.228694834e-09	0.9999999649	8.826855317e-09	
9.739653913e-09	8.693552185e-09	6.236809384e-09	0.9999999665	8.782186725e-09	
9.739473612e-09	1.033705339e-08	6.263252711e-09	0.9999999648	8.826911335e-09	
1.248942766e-05	9.995157234e-09	8.273069094e-09	0.9999874827	9.594353152e-09	
1.427805198e-08	1.407961902e-05	2.514325074e-05	0.9999607506	1.227899975e-08	
9.733257361e-09	1.031151946e-08	6.228683686e-09	0.9999999649	8.779401092e-09	
0.005189371526	1.321658678e-08	0.03454142334	0.9602691783	1.358207068e-08	
0.002299843865	2.257004575e-05	0.1478178424	0.8498597257	1.805404386e-08	
4.470428552e-05	1.379695047e-08	0.05862037342	0.941334895	1.346203629e-08	
0.01087004033	1.293757422e-08	2.503258131e-05	0.9891049016	1.256570661e-08	
0.005240303421	1.658966539e-05	0.02125724431	0.9734858481	1.45131107e-08	
0.1857726409	0.0001312788282	0.8130511525	0.001044866849	6.095406896e-08	
1.166625791e-05	1.710913777e-05	0.07142239452	0.928548815	1.509760997e-08	
0.001462938107	1.645484523e-08	0.1329426716	0.8655943579	1.586773538e-08	
0.0001996818147	1.470802495e-08	0.08697651546	0.9128237737	1.434838964e-08	
0.0131983996	3.05427931e-06	2.714716531e-05	0.9867713856	1.338402938e-08	
0.0003755322137	1.494524705e-08	0.08814593993	0.9114784985	1.440598486e-08	
1.021521104e-05	1.393287193e-08	0.06400063878	0.9359891185	1.361082136e-08	
0.0017482686	2.209260995e-05	0.09616478638	0.9020648349	1.750832456e-08	
3.275987877e-05	1.301910154e-08	0.03676386109	0.9632033534	1.258531749e-08	
0.007809021677	1.196804211e-08	1.539042158e-05	0.9921755644	1.151629231e-08	
0.003789801139	1.544907195e-05	0.01315668146	0.9830380549	1.339000648e-08	
0.2103353245	0.0001913947117	0.787821337	0.001651855719	8.804272064e-08	
8.592684218e-06	1.622669911e-05	0.04502058075	0.9549545857	1.418618998e-08	
0.00110504494	1.600488547e-08	0.08594048455	0.9129544392	1.529076552e-08	
0.0001479982904	1.403709771e-08	0.05516956969	0.9446824044	1.356693165e-08	
0.009488011319	2.827271092e-06	1.670158994e-05	0.9904924475	1.227442322e-08	
9.209214606e-06	1.601406223e-08	0.08997979706	0.9100109624	1.532940009e-08	
0.009872686582	1.230193983e-08	0.004845132834	0.9852821559	1.239759675e-08	
0.0002784782785	1.42709212e-08	0.05594043632	0.9437810575	1.362847851e-08	
7.501749999e-06	1.317530478e-08	0.04022341691	0.9597690554	1.275145871e-08	
1.437742388e-05	2.201655397e-05	0.1557983839	0.8441652056	1.656639017e-08	
0.003925424219	2.318155778e-05	7.470394322e-05	0.9959766729	1.736311203e-08	
0.02457637954	0.08617179949	0.8888663575	0.0003854326237	3.085489424e-08	
3.573925205e-06	0.02600616596	0.1808134535	0.7931767889	1.769731159e-08	
6.117084697e-05	2.235602862e-05	0.2201863703	0.779730086	1.681877461e-08	
3.428357666e-06	2.297177642e-05	0.3234532953	0.6765202874	1.711644653e-08	
0.004877134109	2.341706627e-05	0.02311202915	0.9719874013	1.83692647e-08	
0.000114826922	2.267430294e-05	0.2227313185	0.7771311634	1.685484216e-08	
6.91591452e-05	1.284415378e-08	2.685205094e-05	0.9999039642	1.173480954e-08	
3.311005233e-05	1.63559299e-05	0.02264455355	0.977305967	1.345967611e-08	
7.310518466e-08	1.672934392e-05	0.07545784138	0.9245253423	1.388658559e-08	
9.146223595e-06	1.605254308e-08	0.1401308091	0.8598600141	1.456134459e-08	
1.202466264e-06	0.0002576378317	0.3862712754	0.6134698463	3.794932072e-08	
1.250330894e-06	1.437060281e-08	0.09182095757	0.9081777645	1.318743335e-08	
8.41698768e-05	3.039333448e-06	2.918860044e-05	0.9998835897	1.252832377e-08	
7.59337991e-08	1.600086446e-08	0.1461609988	0.8538388947	1.454280134e-08	
8.730484839e-05	1.318274983e-08	0.008440781498	0.9914718879	1.261394392e-08	
2.351680285e-06	1.460388352e-08	0.09306508101	0.9069325395	1.324172924e-08	
6.4041179e-08	1.362971584e-08	0.06764717265	0.9323527372	1.252468978e-08	
0.007778772162	1.48188389e-05	9.343078643e-06	0.9921970538	1.213891736e-08	
0.9944478659	0.0004228797506	0.001288684361	0.003840386099	1.838517622e-07	
1.829716436e-05	1.614738768e-05	3.316767625e-05	0.9999323744	1.334213244e-08	
0.0003184796643	1.41162546e-08	4.107462619e-05	0.9996404187	1.289469824e-08	
0.01910781978	2.660850942e-06	1.163704662e-08	0.9808894968	1.09179619e-08	
2.057803175e-05	1.672244986e-08	6.956251315e-05	0.9999098276	1.512902487e-08	
0.01997006993	1.162880226e-08	3.390774738e-06	0.9800265166	1.107608501e-08	
0.0005996646713	1.436105341e-08	4.16765732e-05	0.9993586314	1.296191144e-08	
1.589436385e-05	1.30454296e-08	2.948550288e-05	0.9999545952	1.193287169e-08	
0.2261612509	0.2558070802	0.5162484795	0.001783089228	1.001733709e-07	
8.538850796e-06	0.02004367728	0.02726507717	0.9526826918	1.491726473e-08	
0.0001506859087	1.776519222e-05	0.03423265666	0.9655988776	1.461673697e-08	
9.509376091e-06	2.055453172e-05	0.05662386432	0.943346055	1.674971576e-08	
0.009853218195	1.526135145e-05	0.002946954993	0.9871845524	1.309281732e-08	
0.0002836232632	1.80667143e-05	0.03472173661	0.9649765587	1.468759706e-08	
7.592406967e-06	1.657502559e-05	0.024809666	0.9751661529	1.365619197e-08	
0.0002516748191	0.1318710566	0.8670270684	0.0008501481269	5.208904683e-08	
0.01916981721	7.703693427e-05	0.9802717325	0.0004813800708	3.325347113e-08	
0.00063943747	0.3136994854	0.6855739181	8.713699871e-05	2.198814215e-08	
0.004059658832	0.0001068362292	0.995045833	0.0007876252591	4.665349687e-08	
0.9199541689	0.07606184219	0.001064778968	0.002919060771	1.49197593e-07	
0.0001555477636	7.505006603e-05	0.9993021848	0.0004671848728	3.245906924e-08	
0.7541103274	0.0002607243096	0.2433413294	0.002287500123	1.187153207e-07	
0.007507524244	0.0001067494915	0.9916123274	0.0007733527684	4.605984974e-08	
2.249065036e-07	0.2289820041	0.3373066766	0.4337110639	3.050339296e-08	
3.237885906e-07	1.768374194e-05	0.1110150368	0.888966941	1.467614137e-08	
2.218438678e-05	0.003806551325	3.591760908e-05	0.9961353325	1.419053388e-08	
1.942100785e-08	1.944655538e-05	0.1745305863	0.8254499317	1.598452503e-08	
2.305258516e-05	1.654054771e-05	0.01040560513	0.9895547874	1.431354468e-08	
6.088225349e-07	1.796566943e-05	0.1124870717	0.8874943391	1.473235495e-08	
1.667705435e-08	1.686589648e-05	0.08224567816	0.9177374252	1.401657913e-08	
2.731788745e-05	0.0002133132087	0.608142915	0.3916164228	3.105314673e-08	
3.921552571e-05	1.642638386e-08	0.1995785779	0.8003821752	1.48977525e-08	
0.002986632468	3.930405351e-06	7.177569218e-05	0.9969376454	1.601199541e-08	
2.22540547e-06	1.709036629e-08	0.2968551253	0.7031426169	1.535145316e-08	
0.003059914318	1.683878748e-08	0.02050182813	0.9764382248	1.592389104e-08	
2.073441776e-06	1.608248776e-08	0.1517823256	0.8482155703	1.46058522e-08	
4.59739457e-06	0.000235087972	0.4905636435	0.5091966365	3.46215042e-08	
0.0005066925218	0.08140194086	0.0002553099847	0.9178360028	5.384924394e-08	
2.216129081e-07	0.0002077648034	0.6198093891	0.3799825942	3.030447985e-08	
8.595791388e-06	0.0002374895782	0.4942663829	0.5054874972	3.455820136e-08	
2.66258746e-07	0.000252115747	0.4086588779	0.5910887029	3.718008516e-08	
0.0003875829025	3.340166876e-06	4.464627789e-05	0.9995644169	1.376587861e-08	
3.246192714e-07	1.632542561e-08	0.2075557355	0.7924439087	1.483509356e-08	
0.0004002303788	1.442313252e-08	0.01285341153	0.9867463299	1.379830154e-08	
1.03230712e-05	1.529962904e-08	0.1357005074	0.8642891403	1.38700618e-08	
2.847775472e-07	1.446488962e-08	0.09992177573	0.9000779117	1.328973902e-08	
2.504456404e-05	3.957084497e-06	7.561598979e-05	0.9998953662	1.615215331e-08	
0.02420001485	2.739913238e-06	3.669980191e-06	0.9757935635	1.177422078e-08	
0.0007297343913	3.397883047e-06	4.529779769e-05	0.9992215561	1.383678679e-08	
6.095069513e-07	1.656185335e-08	0.2100055293	0.7899938297	1.487050658e-08	
1.720398374e-08	1.602126102e-08	0.1582205681	0.8417793841	1.457865162e-08	
0.0007533943378	1.46693866e-08	0.01303834117	0.986208236	1.386656983e-08	
2.004840949e-05	1.337848473e-08	0.009261082706	0.9907188427	1.2816453e-08	
5.355585309e-07	1.46979369e-08	0.1012635075	0.8987359289	1.334285476e-08	
