5.467094824e-09	5.128422143e-09	0.9999999817	2.603483784e-09	5.138734114e-09	
5.467161137e-09	5.128486247e-09	0.9999999816	2.651726418e-09	5.138795637e-09	
5.467094824e-09	5.128422143e-09	0.9999999817	2.603483771e-09	5.138734114e-09	
5.467094824e-09	5.128422143e-09	0.9999999817	2.603483758e-09	5.138734114e-09	
5.467094824e-09	5.128422143e-09	0.9999999817	2.603483773e-09	5.138734114e-09	
5.467094824e-09	5.128422143e-09	0.9999999817	2.603483775e-09	5.138734114e-09	
5.467094824e-09	5.128422143e-09	0.9999999817	2.603483783e-09	5.138734114e-09	
5.467094824e-09	5.128422143e-09	0.9999999817	2.60348381e-09	5.138734114e-09	
5.467146764e-09	5.128472358e-09	0.9999999816	2.641190216e-09	5.138782301e-09	
5.467094824e-09	5.128422143e-09	0.9999999817	2.603483792e-09	5.138734114e-09	
5.467094824e-09	5.128422143e-09	0.9999999817	2.603483797e-09	5.138734114e-09	
5.467155537e-09	5.128480836e-09	0.9999999816	2.647615812e-09	5.138790441e-09	
5.467161137e-09	5.128486247e-09	0.9999999816	2.65172641e-09	5.138795637e-09	
5.467094824e-09	5.128422143e-09	0.9999999817	2.603483763e-09	5.138734114e-09	
5.467094824e-09	5.128422143e-09	0.9999999817	2.60348375e-09	5.138734114e-09	
5.467094824e-09	5.128422143e-09	0.9999999817	2.603483765e-09	5.138734114e-09	
5.467094824e-09	5.128422143e-09	0.9999999817	2.603483775e-09	5.138734114e-09	
5.467094824e-09	5.128422143e-09	0.9999999817	2.603483784e-09	5.138734114e-09	
5.467094824e-09	5.128422143e-09	0.9999999817	2.603483764e-09	5.138734114e-09	
5.467094824e-09	5.128422143e-09	0.9999999817	2.603483789e-09	5.138734114e-09	
5.467155537e-09	5.128480836e-09	0.9999999816	2.647615804e-09	5.138790441e-09	
5.467161137e-09	5.128486247e-09	0.9999999816	2.651726396e-09	5.138795637e-09	
5.467161137e-09	5.128486247e-09	0.9999999816	2.651726399e-09	5.138795637e-09	
2.026104039e-08	2.200527496e-08	0.99989574	0.0001041987014	1.904410122e-08	
5.467161137e-09	5.128486247e-09	0.9999999816	2.651726429e-09	5.138795637e-09	
5.467161137e-09	5.128486247e-09	0.9999999816	2.651726437e-09	5.138795637e-09	
5.467213078e-09	5.128536463e-09	0.9999999816	2.690131543e-09	5.138843825e-09	
5.467161137e-09	5.128486247e-09	0.9999999816	2.651726418e-09	5.138795637e-09	
5.467161137e-09	5.128486247e-09	0.9999999816	2.651726423e-09	5.138795637e-09	
5.46722185e-09	5.128544941e-09	0.9999999816	2.696676206e-09	5.138851965e-09	
5.467094824e-09	5.128422143e-09	0.9999999817	2.603483737e-09	5.138734114e-09	
5.467094824e-09	5.128422143e-09	0.9999999817	2.603483752e-09	5.138734114e-09	
5.467094824e-09	5.128422143e-09	0.9999999817	2.603483753e-09	5.138734114e-09	
5.467094824e-09	5.128422143e-09	0.9999999817	2.603483782e-09	5.138734114e-09	
5.467094824e-09	5.128422143e-09	0.9999999817	2.603483762e-09	5.138734114e-09	
5.467094824e-09	5.128422143e-09	0.9999999817	2.603483789e-09	5.138734114e-09	
5.467146764e-09	5.128472358e-09	0.9999999816	2.641190195e-09	5.138782301e-09	
5.467094824e-09	5.128422143e-09	0.9999999817	2.603483771e-09	5.138734114e-09	
5.467094824e-09	5.128422143e-09	0.9999999817	2.60348375e-09	5.138734114e-09	
5.467094824e-09	5.128422143e-09	0.9999999817	2.603483776e-09	5.138734114e-09	
5.467094824e-09	5.128422143e-09	0.9999999817	2.60348374e-09	5.138734114e-09	
5.467094824e-09	5.128422143e-09	0.9999999817	2.603483741e-09	5.138734114e-09	
5.467094824e-09	5.128422143e-09	0.9999999817	2.603483769e-09	5.138734114e-09	
5.467146764e-09	5.128472358e-09	0.9999999816	2.641190182e-09	5.138782301e-09	
5.467094824e-09	5.128422143e-09	0.9999999817	2.603483758e-09	5.138734114e-09	
5.467094824e-09	5.128422143e-09	0.9999999817	2.603483738e-09	5.138734114e-09	
5.467094824e-09	5.128422143e-09	0.9999999817	2.603483756e-09	5.138734114e-09	
5.467094824e-09	5.128422143e-09	0.9999999817	2.603483784e-09	5.138734114e-09	
5.467094824e-09	5.128422143e-09	0.9999999817	2.603483792e-09	5.138734114e-09	
5.467146764e-09	5.128472358e-09	0.9999999816	2.641190197e-09	5.138782301e-09	
5.467094824e-09	5.128422143e-09	0.9999999817	2.603483773e-09	5.138734114e-09	
5.467094824e-09	5.128422143e-09	0.9999999817	2.603483753e-09	5.138734114e-09	
5.467094824e-09	5.128422143e-09	0.9999999817	2.603483778e-09	5.138734114e-09	
5.467094824e-09	5.128422143e-09	0.9999999817	2.603483786e-09	5.138734114e-09	
5.467094824e-09	5.128422143e-09	0.9999999817	2.603483766e-09	5.138734114e-09	
5.467094824e-09	5.128422143e-09	0.9999999817	2.603483793e-09	5.138734114e-09	
5.467146764e-09	5.128472358e-09	0.9999999816	2.641190199e-09	5.138782301e-09	
5.467094824e-09	5.128422143e-09	0.9999999817	2.603483775e-09	5.138734114e-09	
5.467094824e-09	5.128422143e-09	0.9999999817	2.603483754e-09	5.138734114e-09	
5.467155537e-09	5.128480836e-09	0.9999999816	2.647615795e-09	5.138790441e-09	
2.026099551e-08	2.200522448e-08	0.999896154	0.0001037847279	1.904405968e-08	
2.026102291e-08	2.20052553e-08	0.9998959015	0.0001040371933	1.904408504e-08	
6.3984589e-08	0.0007958547955	0.000224171681	0.9989798494	6.014141616e-08	
1.483741695e-08	1.931558978e-05	5.055193183e-05	0.9999301037	1.394622428e-08	
1.496080937e-08	2.12638897e-05	5.085186388e-05	0.9999278552	1.406220575e-08	
1.451938586e-08	1.429723837e-05	4.934291089e-05	0.9999363317	1.364729574e-08	
1.356087639e-08	1.496812882e-08	4.606833978e-05	0.9999538904	1.274636486e-08	
1.356104022e-08	1.497342595e-08	4.612112925e-05	0.9999538373	1.299178643e-08	
1.356091314e-08	1.502091843e-08	4.612070251e-05	0.999953838	1.274639876e-08	
1.356089756e-08	1.498505852e-08	4.614346872e-05	0.9999538152	1.274638468e-08	
5.467094824e-09	5.128422143e-09	0.9999999817	2.603483794e-09	5.138734114e-09	
5.467146764e-09	5.128472358e-09	0.9999999816	2.641190227e-09	5.138782301e-09	
5.467094824e-09	5.128422143e-09	0.9999999817	2.603483783e-09	5.138734114e-09	
5.467094824e-09	5.128422143e-09	0.9999999817	2.603483808e-09	5.138734114e-09	
5.467155537e-09	5.128480836e-09	0.9999999816	2.647615823e-09	5.138790441e-09	
5.467146764e-09	5.128472358e-09	0.9999999816	2.641190207e-09	5.138782301e-09	
5.467094824e-09	5.128422143e-09	0.9999999817	2.603483783e-09	5.138734114e-09	
5.467094824e-09	5.128422143e-09	0.9999999817	2.603483763e-09	5.138734114e-09	
5.467155537e-09	5.128480836e-09	0.9999999816	2.647615803e-09	5.138790441e-09	
5.467146764e-09	5.128472358e-09	0.9999999816	2.641190235e-09	5.138782301e-09	
5.467094824e-09	5.128422143e-09	0.9999999817	2.60348379e-09	5.138734114e-09	
5.467094824e-09	5.128422143e-09	0.9999999817	2.603483815e-09	5.138734114e-09	
5.467155537e-09	5.128480836e-09	0.9999999816	2.647615831e-09	5.138790441e-09	
5.467146764e-09	5.128472358e-09	0.9999999816	2.641190216e-09	5.138782301e-09	
5.467146764e-09	5.128472358e-09	0.9999999816	2.641190196e-09	5.138782301e-09	
5.467146764e-09	5.128472358e-09	0.9999999816	2.641190221e-09	5.138782301e-09	
5.467207478e-09	5.128531051e-09	0.9999999816	2.685961403e-09	5.138838628e-09	
5.467094824e-09	5.128422143e-09	0.9999999817	2.603483772e-09	5.138734114e-09	
5.467094824e-09	5.128422143e-09	0.9999999817	2.603483797e-09	5.138734114e-09	
5.467155537e-09	5.128480836e-09	0.9999999816	2.647615812e-09	5.138790441e-09	
5.467094824e-09	5.128422143e-09	0.9999999817	2.603483777e-09	5.138734114e-09	
5.467155537e-09	5.128480836e-09	0.9999999816	2.647615791e-09	5.138790441e-09	
5.467155537e-09	5.128480836e-09	0.9999999816	2.647615817e-09	5.138790441e-09	
4.998493423e-09	0.9999999836	4.286937777e-09	2.394729791e-09	4.698277782e-09	
4.998497203e-09	0.9999999836	4.286941021e-09	2.397462427e-09	4.698281287e-09	
4.998518768e-09	0.9999999836	4.286958951e-09	2.41316153e-09	4.698301292e-09	
4.998497455e-09	0.9999999836	4.286941238e-09	2.397644913e-09	4.698281521e-09	
4.998497203e-09	0.9999999836	4.286941021e-09	2.397462427e-09	4.698281287e-09	
4.998497742e-09	0.9999999836	4.286941485e-09	2.397853313e-09	4.698281788e-09	
4.99923938e-09	0.999999983	4.287561636e-09	3.003515546e-09	4.698971255e-09	
4.998497203e-09	0.9999999836	4.286941021e-09	2.397462427e-09	4.698281287e-09	
4.998516223e-09	0.9999999836	4.286956725e-09	2.411311404e-09	4.698298932e-09	
4.998493423e-09	0.9999999836	4.286937777e-09	2.394729787e-09	4.698277782e-09	
4.998493423e-09	0.9999999836	4.286937777e-09	2.394729592e-09	4.698277781e-09	
4.998700784e-09	0.9999999835	4.287110453e-09	2.550165266e-09	4.69847101e-09	
4.99851336e-09	0.9999999836	4.286954346e-09	2.409222281e-09	4.698296276e-09	
4.998497742e-09	0.9999999836	4.286941485e-09	2.397853312e-09	4.698281788e-09	
4.998515771e-09	0.9999999836	4.286956447e-09	2.410973844e-09	4.698298512e-09	
1.215168548e-08	0.9999502619	1.042181629e-08	4.970409265e-05	1.142182759e-08	
4.998477266e-09	0.9999999836	4.286924453e-09	2.383040678e-09	4.698262793e-09	
4.998498831e-09	0.9999999836	4.286942383e-09	2.398645344e-09	4.698282798e-09	
4.998477518e-09	0.9999999836	4.28692467e-09	2.383222066e-09	4.698263027e-09	
4.998477266e-09	0.9999999836	4.286924453e-09	2.383040678e-09	4.698262793e-09	
4.99921944e-09	0.999999983	4.287545065e-09	2.985448131e-09	4.698952758e-09	
4.998477266e-09	0.9999999836	4.286924453e-09	2.383040678e-09	4.698262793e-09	
4.998496286e-09	0.9999999836	4.286940157e-09	2.396806347e-09	4.698280438e-09	
4.998473486e-09	0.9999999836	4.286921209e-09	2.380324476e-09	4.698259288e-09	
4.998473486e-09	0.9999999836	4.286921208e-09	2.380324282e-09	4.698259287e-09	
4.998680847e-09	0.9999999835	4.287093884e-09	2.534824945e-09	4.698452515e-09	
4.998493423e-09	0.9999999836	4.286937777e-09	2.394729791e-09	4.698277782e-09	
4.998477806e-09	0.9999999836	4.286924916e-09	2.383429211e-09	4.698263294e-09	
4.998495834e-09	0.9999999836	4.286939879e-09	2.396470818e-09	4.698280018e-09	
4.99850261e-09	0.9999999836	4.286945627e-09	2.401382447e-09	4.698286303e-09	
6.373937539e-09	0.9999905858	5.667488806e-09	9.396165054e-06	5.991103496e-09	
4.998481297e-09	0.9999999836	4.286927914e-09	2.38594157e-09	4.698266532e-09	
4.998481045e-09	0.9999999836	4.286927697e-09	2.385759975e-09	4.698266298e-09	
4.998481585e-09	0.9999999836	4.286928161e-09	2.386148953e-09	4.698266799e-09	
4.99922322e-09	0.999999983	4.28754831e-09	2.988854838e-09	4.698956264e-09	
4.998481045e-09	0.9999999836	4.286927697e-09	2.385759975e-09	4.698266298e-09	
4.998500066e-09	0.9999999836	4.286943401e-09	2.399541352e-09	4.698283943e-09	
4.998477266e-09	0.9999999836	4.286924453e-09	2.383040673e-09	4.698262793e-09	
4.998477265e-09	0.9999999836	4.286924452e-09	2.383040479e-09	4.698262792e-09	
4.998684626e-09	0.9999999835	4.287097128e-09	2.537717444e-09	4.69845602e-09	
4.998497203e-09	0.9999999836	4.286941021e-09	2.397462427e-09	4.698281287e-09	
4.998481585e-09	0.9999999836	4.286928161e-09	2.386148952e-09	4.698266799e-09	
4.998499613e-09	0.9999999836	4.286943123e-09	2.399205441e-09	4.698283523e-09	
6.373964647e-09	0.9999905243	5.667512161e-09	9.457692594e-06	5.991128638e-09	
4.998502862e-09	0.9999999836	4.286945844e-09	2.401565231e-09	4.698286537e-09	
4.99850261e-09	0.9999999836	4.286945627e-09	2.401382447e-09	4.698286303e-09	
4.99850315e-09	0.9999999836	4.286946091e-09	2.401773973e-09	4.698286804e-09	
4.99850261e-09	0.9999999836	4.286945627e-09	2.401382447e-09	4.698286303e-09	
4.998521631e-09	0.9999999836	4.286961331e-09	2.415254068e-09	4.698303948e-09	
4.998498831e-09	0.9999999836	4.286942383e-09	2.398645339e-09	4.698282798e-09	
4.99849883e-09	0.9999999836	4.286942382e-09	2.398645144e-09	4.698282797e-09	
4.998518768e-09	0.9999999836	4.286958951e-09	2.41316153e-09	4.698301292e-09	
4.99850315e-09	0.9999999836	4.286946091e-09	2.401773972e-09	4.698286804e-09	
4.998521178e-09	0.9999999836	4.286961053e-09	2.414915957e-09	4.698303528e-09	
1.215169764e-08	0.9999501806	1.042182664e-08	4.978535831e-05	1.142183886e-08	
6.373937857e-09	0.9999905851	5.667489088e-09	9.396880246e-06	5.99110379e-09	
6.373937539e-09	0.9999905858	5.667488806e-09	9.396165054e-06	5.991103496e-09	
6.373938218e-09	0.9999905843	5.66748941e-09	9.397697004e-06	5.991104125e-09	
6.373937539e-09	0.9999905858	5.667488806e-09	9.396165054e-06	5.991103496e-09	
6.374193327e-09	0.9999899873	5.667709409e-09	9.994633971e-06	5.99134184e-09	
6.373938218e-09	0.9999905843	5.66748941e-09	9.397697e-06	5.991104125e-09	
6.37396088e-09	0.9999905328	5.667508899e-09	9.449118671e-06	5.991125144e-09	
4.64808004e-08	0.0005408062095	4.132906824e-08	0.9994590621	4.392815447e-08	
2.980676897e-08	0.4190427614	2.665747129e-08	0.5809571541	2.801647246e-08	
4.998481297e-09	0.9999999836	4.286927914e-09	2.38594157e-09	4.698266532e-09	
4.998481837e-09	0.9999999836	4.286928377e-09	2.386330577e-09	4.698267033e-09	
4.999223472e-09	0.999999983	4.287548527e-09	2.989082337e-09	4.698956498e-09	
4.998481297e-09	0.9999999836	4.286927914e-09	2.38594157e-09	4.698266532e-09	
4.998500318e-09	0.9999999836	4.286943618e-09	2.399723996e-09	4.698284177e-09	
4.998477518e-09	0.9999999836	4.28692467e-09	2.383222061e-09	4.698263027e-09	
4.998477517e-09	0.9999999836	4.286924669e-09	2.383221867e-09	4.698263026e-09	
4.998684878e-09	0.9999999835	4.287097345e-09	2.537910605e-09	4.698456254e-09	
4.998497455e-09	0.9999999836	4.286941238e-09	2.397644913e-09	4.698281521e-09	
4.998499865e-09	0.9999999836	4.286943339e-09	2.399388059e-09	4.698283757e-09	
4.998481585e-09	0.9999999836	4.286928161e-09	2.386148953e-09	4.698266799e-09	
4.99922322e-09	0.999999983	4.28754831e-09	2.988854838e-09	4.698956264e-09	
4.998481045e-09	0.9999999836	4.286927697e-09	2.385759975e-09	4.698266298e-09	
4.998500066e-09	0.9999999836	4.286943401e-09	2.399541352e-09	4.698283943e-09	
4.998477266e-09	0.9999999836	4.286924453e-09	2.383040673e-09	4.698262793e-09	
4.998477265e-09	0.9999999836	4.286924452e-09	2.383040479e-09	4.698262792e-09	
4.998684626e-09	0.9999999835	4.287097128e-09	2.537717444e-09	4.69845602e-09	
4.998497203e-09	0.9999999836	4.286941021e-09	2.397462427e-09	4.698281287e-09	
4.998481585e-09	0.9999999836	4.286928161e-09	2.386148952e-09	4.698266799e-09	
4.998499613e-09	0.9999999836	4.286943123e-09	2.399205441e-09	4.698283523e-09	
4.998481585e-09	0.9999999836	4.286928161e-09	2.386148953e-09	4.698266799e-09	
4.998500605e-09	0.9999999836	4.286943865e-09	2.399932577e-09	4.698284444e-09	
4.998477806e-09	0.9999999836	4.286924916e-09	2.383429208e-09	4.698263294e-09	
4.998477805e-09	0.9999999836	4.286924916e-09	2.383429014e-09	4.698263293e-09	
4.998685166e-09	0.9999999835	4.287097592e-09	2.538131197e-09	4.698456521e-09	
4.998497742e-09	0.9999999836	4.286941485e-09	2.397853313e-09	4.698281788e-09	
4.998482125e-09	0.9999999836	4.286928624e-09	2.386537993e-09	4.6982673e-09	
4.998500153e-09	0.9999999836	4.286943586e-09	2.399596611e-09	4.698284024e-09	
4.99922322e-09	0.999999983	4.28754831e-09	2.988854838e-09	4.698956264e-09	
4.99921944e-09	0.999999983	4.287545065e-09	2.985448125e-09	4.698952758e-09	
4.999426831e-09	0.9999999828	4.287717766e-09	3.179225545e-09	4.699146013e-09	
4.99923938e-09	0.999999983	4.287561636e-09	3.003515546e-09	4.698971255e-09	
4.999241791e-09	0.999999983	4.287563738e-09	3.005699175e-09	4.698973491e-09	
6.08799501e-08	0.9995145847	5.264166724e-08	0.0004852446049	5.722327101e-08	
5.576422289e-08	0.9995590409	4.810423729e-08	0.0004408027724	5.241481542e-08	
8.047223438e-08	0.9993443159	6.94062326e-08	0.0006554585707	7.563877097e-08	
4.998500066e-09	0.9999999836	4.286943401e-09	2.399541352e-09	4.698283943e-09	
4.998477266e-09	0.9999999836	4.286924453e-09	2.383040673e-09	4.698262793e-09	
4.998477265e-09	0.9999999836	4.286924452e-09	2.383040479e-09	4.698262792e-09	
4.998684626e-09	0.9999999835	4.287097128e-09	2.537717444e-09	4.69845602e-09	
4.998497203e-09	0.9999999836	4.286941021e-09	2.397462427e-09	4.698281287e-09	
4.998481585e-09	0.9999999836	4.286928161e-09	2.386148952e-09	4.698266799e-09	
4.998499613e-09	0.9999999836	4.286943123e-09	2.399205441e-09	4.698283523e-09	
4.998496285e-09	0.9999999836	4.286940156e-09	2.396806147e-09	4.698280437e-09	
4.998703647e-09	0.9999999835	4.287112833e-09	2.552376605e-09	4.698473666e-09	
4.998516223e-09	0.9999999836	4.286956725e-09	2.411311404e-09	4.698298932e-09	
4.998500605e-09	0.9999999836	4.286943865e-09	2.399932576e-09	4.698284444e-09	
4.998518634e-09	0.9999999836	4.286958827e-09	2.413064486e-09	4.698301168e-09	
1.215169192e-08	0.9999502188	1.042182163e-08	4.97471907e-05	1.142183355e-08	
4.998473486e-09	0.9999999836	4.286921208e-09	2.380324278e-09	4.698259287e-09	
4.998680847e-09	0.9999999835	4.287093884e-09	2.53482494e-09	4.698452515e-09	
4.998493423e-09	0.9999999836	4.286937777e-09	2.394729787e-09	4.698277782e-09	
4.998477806e-09	0.9999999836	4.286924916e-09	2.383429207e-09	4.698263294e-09	
4.998495834e-09	0.9999999836	4.286939879e-09	2.396470814e-09	4.698280018e-09	
4.998680846e-09	0.9999999835	4.287093883e-09	2.534824734e-09	4.698452514e-09	
4.998493423e-09	0.9999999836	4.286937777e-09	2.394729592e-09	4.698277781e-09	
4.998477805e-09	0.9999999836	4.286924916e-09	2.383429013e-09	4.698263293e-09	
4.998495833e-09	0.9999999836	4.286939878e-09	2.396470619e-09	4.698280017e-09	
4.998700784e-09	0.9999999835	4.287110453e-09	2.550165266e-09	4.69847101e-09	
4.998685166e-09	0.9999999835	4.287097592e-09	2.538131196e-09	4.698456521e-09	
4.998703195e-09	0.9999999835	4.287112554e-09	2.552019298e-09	4.698473246e-09	
7.192761708e-08	0.9995062543	6.168818136e-08	0.0004935431102	6.901426296e-08	
1.215210579e-08	0.9999473543	1.042216549e-08	5.261170092e-05	1.142221917e-08	
4.998497742e-09	0.9999999836	4.286941485e-09	2.397853312e-09	4.698281788e-09	
4.998515771e-09	0.9999999836	4.286956447e-09	2.410973844e-09	4.698298512e-09	
1.215168548e-08	0.9999502619	1.042181629e-08	4.970409265e-05	1.142182759e-08	
4.998500153e-09	0.9999999836	4.286943586e-09	2.39959661e-09	4.698284024e-09	
1.21516909e-08	0.9999502258	1.042182102e-08	4.974022694e-05	1.142183261e-08	
4.988590965e-09	4.679559169e-09	4.278441669e-09	2.484683822e-09	0.9999999836	
4.988647326e-09	4.6796113e-09	4.278488545e-09	2.527585201e-09	0.9999999835	
4.988562962e-09	4.679533213e-09	4.278418397e-09	2.463678564e-09	0.9999999836	
4.988585334e-09	4.67955395e-09	4.278436989e-09	2.480444971e-09	0.9999999836	
1.001644805e-08	9.433187464e-09	8.590537501e-09	3.597033014e-05	0.9999640016	
4.988656915e-09	4.679620178e-09	4.278496524e-09	2.534959382e-09	0.9999999835	
4.988585334e-09	4.67955395e-09	4.278436989e-09	2.480444971e-09	0.9999999836	
4.988587835e-09	4.679556268e-09	4.278439068e-09	2.48232654e-09	0.9999999836	
2.362607168e-08	2.216246863e-08	2.026273753e-08	0.000133735137	0.9998661988	
4.988555347e-09	4.679526152e-09	4.278412029e-09	2.457947388e-09	0.9999999836	
4.988470984e-09	4.679448066e-09	4.278341882e-09	2.39580145e-09	0.9999999837	
4.988493356e-09	4.679468803e-09	4.278360474e-09	2.412105924e-09	0.9999999836	
1.00162733e-08	9.433025169e-09	8.590392381e-09	3.497934177e-05	0.9999649926	
4.988470984e-09	4.679448066e-09	4.278341882e-09	2.395801439e-09	0.9999999837	
4.988564935e-09	4.67953503e-09	4.278420007e-09	2.465118402e-09	0.9999999836	
4.988493356e-09	4.679468803e-09	4.278360474e-09	2.412105924e-09	0.9999999836	
4.988527344e-09	4.679500196e-09	4.278388757e-09	2.437168156e-09	0.9999999836	
4.988549716e-09	4.679520933e-09	4.278407349e-09	2.453754148e-09	0.9999999836	
4.988527344e-09	4.679500196e-09	4.278388757e-09	2.437168148e-09	0.9999999836	
4.988527344e-09	4.679500196e-09	4.278388757e-09	2.437168145e-09	0.9999999836	
4.988621297e-09	4.679587161e-09	4.278466882e-09	2.507681958e-09	0.9999999835	
4.988549716e-09	4.679520933e-09	4.278407349e-09	2.453754148e-09	0.9999999836	
4.988552217e-09	4.679523251e-09	4.278409427e-09	2.455615471e-09	0.9999999836	
2.362593699e-08	2.216234415e-08	2.026262631e-08	0.0001322962707	0.9998676377	
4.988465354e-09	4.679442847e-09	4.278337202e-09	2.391714231e-09	0.9999999837	
4.988442982e-09	4.679422111e-09	4.27831861e-09	2.375547586e-09	0.9999999837	
4.988442982e-09	4.679422111e-09	4.27831861e-09	2.375547582e-09	0.9999999837	
4.988465354e-09	4.679442847e-09	4.278337202e-09	2.391714231e-09	0.9999999837	
4.988467855e-09	4.679445165e-09	4.27833928e-09	2.393528492e-09	0.9999999837	
4.988465354e-09	4.679442847e-09	4.278337202e-09	2.391714223e-09	0.9999999837	
1.001626259e-08	9.433015211e-09	8.590383497e-09	3.491966936e-05	0.9999650523	
4.988465354e-09	4.679442847e-09	4.278337202e-09	2.39171422e-09	0.9999999837	
4.988559305e-09	4.679529811e-09	4.278415327e-09	2.460912929e-09	0.9999999836	
4.988487726e-09	4.679463583e-09	4.278355794e-09	2.407990889e-09	0.9999999836	
4.988490226e-09	4.679465901e-09	4.278357872e-09	2.409817498e-09	0.9999999836	
4.988442982e-09	4.679422111e-09	4.27831861e-09	2.375547574e-09	0.9999999837	
4.988536933e-09	4.679509074e-09	4.278396735e-09	2.444278539e-09	0.9999999836	
4.988465354e-09	4.679442847e-09	4.278337202e-09	2.391714223e-09	0.9999999837	
4.988467855e-09	4.679445165e-09	4.27833928e-09	2.393528484e-09	0.9999999837	
1.001626259e-08	9.433015211e-09	8.590383497e-09	3.491966936e-05	0.9999650523	
1.001626735e-08	9.433019633e-09	8.590387442e-09	3.494615714e-05	0.9999650258	
1.977246052e-08	1.874614985e-08	1.695769981e-08	0.9998619701	0.0001379744456	
1.977241068e-08	1.872248711e-08	1.695765791e-08	0.9998625084	0.0001374361693	
2.133873911e-08	2.038574392e-05	1.83009811e-08	0.9998306639	0.0001489106895	
1.977263708e-08	1.893096293e-08	1.706663215e-08	0.9998621741	0.00013777011	
1.977246052e-08	1.874614985e-08	1.695769981e-08	0.9998619701	0.0001379744456	
4.988536933e-09	4.679509074e-09	4.278396735e-09	2.444278536e-09	0.9999999836	
4.988465354e-09	4.679442847e-09	4.278337202e-09	2.39171422e-09	0.9999999837	
4.988467855e-09	4.679445165e-09	4.27833928e-09	2.393528481e-09	0.9999999837	
4.988559305e-09	4.679529811e-09	4.278415327e-09	2.460912929e-09	0.9999999836	
4.988561806e-09	4.679532128e-09	4.278417405e-09	2.462779682e-09	0.9999999836	
2.362597328e-08	2.216237764e-08	2.026265627e-08	0.0001326821913	0.9998672518	
4.988490226e-09	4.679465901e-09	4.278357872e-09	2.409817498e-09	0.9999999836	
1.254514972e-08	1.176799128e-08	1.075925394e-08	0.9999634106	3.655437236e-05	
1.254514973e-08	1.176799261e-08	1.075925394e-08	0.9999634106	3.655437234e-05	
1.254515291e-08	1.176799571e-08	1.075925662e-08	0.9999633938	3.657109402e-05	
1.254515291e-08	1.176799568e-08	1.075925662e-08	0.9999633938	3.657109402e-05	
1.254515291e-08	1.176799424e-08	1.075925662e-08	0.9999633938	3.657109371e-05	
1.2545147e-08	1.176798999e-08	1.075925165e-08	0.9999634249	3.65400558e-05	
1.254514973e-08	1.176799257e-08	1.075925394e-08	0.9999634106	3.655437264e-05	
1.2545147e-08	1.176798999e-08	1.075925165e-08	0.9999634249	3.65400558e-05	
1.254515291e-08	1.176799562e-08	1.075925662e-08	0.9999633938	3.657109402e-05	
1.254516374e-08	1.178511347e-08	1.075926583e-08	0.9999633938	3.657112492e-05	
1.254574326e-08	1.274589911e-08	1.075975695e-08	0.9999634078	3.655609957e-05	
9.846299291e-09	9.236336948e-09	8.444616398e-09	0.9999999631	9.356498389e-09	
9.846301953e-09	9.236339537e-09	8.444618641e-09	0.9999999631	9.360778646e-09	
9.846301953e-09	9.236339517e-09	8.444618641e-09	0.9999999631	9.360778646e-09	
9.846301951e-09	9.236338385e-09	8.444618639e-09	0.9999999631	9.360778567e-09	
9.846297012e-09	9.236334764e-09	8.444614478e-09	0.9999999631	9.352833778e-09	
9.846288075e-09	9.268870218e-09	8.444607066e-09	0.9999999631	9.305555139e-09	
9.846267521e-09	9.236307546e-09	8.444589636e-09	0.9999999632	9.305535636e-09	
9.846299291e-09	9.236336921e-09	8.444616398e-09	0.9999999631	9.356498467e-09	
9.846297012e-09	9.236334764e-09	8.444614478e-09	0.9999999631	9.352833778e-09	
9.846301953e-09	9.236339468e-09	8.44461864e-09	0.9999999631	9.360778646e-09	
9.846310456e-09	9.24977474e-09	8.444625867e-09	0.9999999631	9.360786556e-09	
9.84626752e-09	9.236307488e-09	8.444589635e-09	0.9999999632	9.305535565e-09	
9.846301954e-09	9.236340583e-09	8.444618642e-09	0.9999999631	9.360778641e-09	
9.846301954e-09	9.236340563e-09	8.444618642e-09	0.9999999631	9.360778641e-09	
9.846301953e-09	9.23633943e-09	8.44461864e-09	0.9999999631	9.360778562e-09	
9.846297013e-09	9.236335809e-09	8.444614479e-09	0.9999999631	9.352833773e-09	
9.846288077e-09	9.268871267e-09	8.444607067e-09	0.9999999631	9.305555134e-09	
9.846267522e-09	9.236308592e-09	8.444589637e-09	0.9999999632	9.305535631e-09	
9.846299293e-09	9.236337967e-09	8.444616399e-09	0.9999999631	9.356498462e-09	
9.846297013e-09	9.236335809e-09	8.444614479e-09	0.9999999631	9.352833773e-09	
9.846301954e-09	9.236340514e-09	8.444618641e-09	0.9999999631	9.360778641e-09	
9.846267522e-09	9.236308534e-09	8.444589636e-09	0.9999999632	9.30553556e-09	
9.846765157e-09	1.000386696e-08	8.445011208e-09	0.9999999623	9.356940508e-09	
9.846304616e-09	9.236343153e-09	8.444620884e-09	0.9999999631	9.365060855e-09	
9.846299675e-09	9.236338399e-09	8.444616721e-09	0.9999999631	9.357112353e-09	
9.846290738e-09	9.268873866e-09	8.444609309e-09	0.9999999631	9.309812086e-09	
9.846301954e-09	9.236340556e-09	8.444618642e-09	0.9999999631	9.360778719e-09	
9.846299675e-09	9.236338399e-09	8.444616721e-09	0.9999999631	9.357112353e-09	
9.846304616e-09	9.236343104e-09	8.444620884e-09	0.9999999631	9.365060855e-09	
9.846313119e-09	9.24977838e-09	8.444628111e-09	0.9999999631	9.365068769e-09	
9.846270183e-09	9.236311124e-09	8.444591879e-09	0.9999999632	9.309792503e-09	
9.846767819e-09	1.000386977e-08	8.445013451e-09	0.9999999623	9.361220967e-09	
9.846304614e-09	9.236342e-09	8.444620883e-09	0.9999999631	9.365060776e-09	
9.846299675e-09	9.236338379e-09	8.444616721e-09	0.9999999631	9.357112353e-09	
9.846290738e-09	9.268873846e-09	8.444609309e-09	0.9999999631	9.309812086e-09	
9.846270183e-09	9.236311161e-09	8.444591879e-09	0.9999999632	9.309792574e-09	
9.846301954e-09	9.236340536e-09	8.444618642e-09	0.9999999631	9.360778719e-09	
9.846299675e-09	9.236338379e-09	8.444616721e-09	0.9999999631	9.357112353e-09	
9.846304616e-09	9.236343084e-09	8.444620884e-09	0.9999999631	9.365060855e-09	
9.846767819e-09	1.000386974e-08	8.445013451e-09	0.9999999623	9.361220967e-09	
9.846299673e-09	9.236337246e-09	8.44461672e-09	0.9999999631	9.357112274e-09	
9.846290737e-09	9.268872709e-09	8.444609308e-09	0.9999999631	9.309812008e-09	
9.846270182e-09	9.236310029e-09	8.444591878e-09	0.9999999632	9.309792495e-09	
9.846301953e-09	9.236339404e-09	8.44461864e-09	0.9999999631	9.36077864e-09	
9.846299673e-09	9.236337246e-09	8.44461672e-09	0.9999999631	9.357112274e-09	
9.846304614e-09	9.236341951e-09	8.444620883e-09	0.9999999631	9.365060776e-09	
9.846313117e-09	9.249777226e-09	8.444628109e-09	0.9999999631	9.36506869e-09	
9.846270182e-09	9.236309971e-09	8.444591877e-09	0.9999999632	9.309792424e-09	
9.846285797e-09	9.268869075e-09	8.444605146e-09	0.9999999631	9.301910475e-09	
9.846265242e-09	9.236306408e-09	8.444587716e-09	0.9999999632	9.30189098e-09	
9.846297013e-09	9.236335783e-09	8.444614479e-09	0.9999999631	9.35283385e-09	
9.846294733e-09	9.236333626e-09	8.444612559e-09	0.9999999631	9.349170596e-09	
9.846299674e-09	9.23633833e-09	8.444616721e-09	0.9999999631	9.357112353e-09	
9.846308178e-09	9.2497736e-09	8.444623948e-09	0.9999999631	9.35712026e-09	
9.846265242e-09	9.23630635e-09	8.444587716e-09	0.9999999632	9.301890909e-09	
9.846762877e-09	1.00038646e-08	8.445009288e-09	0.9999999624	9.353275723e-09	
9.846285797e-09	9.268869075e-09	8.444605146e-09	0.9999999631	9.301910475e-09	
9.846256306e-09	9.268841704e-09	8.444580304e-09	0.9999999632	9.254869787e-09	
9.846753941e-09	1.003910371e-08	8.445001875e-09	0.9999999624	9.305994851e-09	
9.846384873e-09	9.319452401e-09	8.444689021e-09	0.999999963	9.410316714e-09	
1.062662528e-08	1.014758848e-05	9.113844024e-09	0.9999898225	1.019620365e-08	
1.086299266e-08	1.338217521e-05	9.370832681e-09	0.9999865874	1.021053269e-08	
9.846381431e-09	9.419893967e-09	8.489231374e-09	0.999999963	9.254986704e-09	
9.846267522e-09	9.236308565e-09	8.444589637e-09	0.9999999632	9.305535708e-09	
9.846265242e-09	9.236306408e-09	8.444587716e-09	0.9999999632	9.30189098e-09	
9.846270183e-09	9.236311112e-09	8.444591879e-09	0.9999999632	9.309792574e-09	
9.846278686e-09	9.249746342e-09	8.444599106e-09	0.9999999631	9.309800441e-09	
9.846235751e-09	9.236279132e-09	8.444562874e-09	0.9999999632	9.25485039e-09	
9.846733385e-09	1.000383512e-08	8.444984444e-09	0.9999999624	9.305975346e-09	
9.846297013e-09	9.236335783e-09	8.444614479e-09	0.9999999631	9.35283385e-09	
9.846301954e-09	9.236340487e-09	8.444618642e-09	0.9999999631	9.360778718e-09	
9.846310457e-09	9.24977576e-09	8.444625868e-09	0.9999999631	9.360786629e-09	
9.846267522e-09	9.236308507e-09	8.444589636e-09	0.9999999632	9.305535637e-09	
9.846765157e-09	1.000386693e-08	8.445011208e-09	0.9999999623	9.356940586e-09	
9.846299674e-09	9.23633833e-09	8.444616721e-09	0.9999999631	9.357112353e-09	
9.846308178e-09	9.2497736e-09	8.444623948e-09	0.9999999631	9.35712026e-09	
9.846265242e-09	9.23630635e-09	8.444587716e-09	0.9999999632	9.301890909e-09	
9.846762877e-09	1.00038646e-08	8.445009288e-09	0.9999999624	9.353275723e-09	
9.846270183e-09	9.236311055e-09	8.444591879e-09	0.9999999632	9.309792503e-09	
9.846767819e-09	1.000386969e-08	8.44501345e-09	0.9999999623	9.361220967e-09	
9.846278686e-09	9.249746285e-09	8.444599106e-09	0.9999999631	9.30980037e-09	
9.846776322e-09	1.001842142e-08	8.445020678e-09	0.9999999623	9.361228877e-09	
9.846315009e-09	9.307422788e-09	8.444630146e-09	0.9999999631	9.309834936e-09	
1.054245758e-08	8.979222743e-06	9.092750446e-09	0.9999909912	9.968041597e-09	
9.846733385e-09	1.000383505e-08	8.444984444e-09	0.9999999624	9.305975276e-09	
9.846523009e-09	9.349226536e-09	8.444805719e-09	0.9999999628	9.605834595e-09	
1.077353755e-08	1.219485952e-05	9.315680927e-09	0.9999877747	1.033670209e-08	
9.846497932e-09	9.465153184e-09	8.444784586e-09	0.9999999628	9.447256931e-09	
9.846430763e-09	9.356434366e-09	8.44472804e-09	0.9999999629	9.447193028e-09	
1.062677402e-08	1.018000804e-05	9.113969673e-09	0.9999897898	1.040804954e-08	
1.08631446e-08	1.342492851e-05	9.370961776e-09	0.9999865444	1.042267619e-08	
1.054258102e-08	9.02650564e-06	9.092855424e-09	0.9999909437	1.011511045e-08	
9.846519148e-09	9.49982847e-09	8.444802517e-09	0.9999999628	9.447277247e-09	
9.846519567e-09	9.449988997e-09	8.489348687e-09	0.9999999628	9.447277298e-09	
9.846639046e-09	9.453333792e-09	8.499077036e-09	0.9999999626	9.629177949e-09	
9.846509119e-09	9.483278138e-09	8.444794074e-09	0.9999999628	9.447267584e-09	
9.846535677e-09	9.460678116e-09	8.503193882e-09	0.9999999627	9.447292694e-09	
1.077350476e-08	1.217945992e-05	9.315653042e-09	0.9999877902	1.029637039e-08	
9.84646781e-09	9.453200499e-09	8.444759178e-09	0.9999999628	9.410395512e-09	
9.846400641e-09	9.344618972e-09	8.444702632e-09	0.999999963	9.410331858e-09	
1.062674165e-08	1.016715276e-05	9.113942368e-09	0.9999898027	1.036743943e-08	
1.086311155e-08	1.340797561e-05	9.370933739e-09	0.9999865614	1.038200904e-08	
1.054254889e-08	9.015106985e-06	9.092828169e-09	0.9999909552	1.00756433e-08	
9.846489026e-09	9.487831996e-09	8.444777109e-09	0.9999999628	9.410415749e-09	
9.846489445e-09	9.43805546e-09	8.489323144e-09	0.9999999628	9.410415799e-09	
9.846608924e-09	9.441396032e-09	8.499051464e-09	0.9999999626	9.591606708e-09	
9.846516648e-09	9.471342097e-09	8.49897282e-09	0.9999999628	9.410441313e-09	
9.846523009e-09	9.349226536e-09	8.444805719e-09	0.9999999628	9.605834595e-09	
9.846478997e-09	9.471302564e-09	8.444768665e-09	0.9999999628	9.410406123e-09	
9.846505555e-09	9.448731081e-09	8.503168297e-09	0.9999999628	9.410431136e-09	
1.07734757e-08	1.233047846e-05	9.315628324e-09	0.9999876393	1.01263915e-08	
1.077340373e-08	1.218884962e-05	9.315567265e-09	0.9999877809	1.012632444e-08	
1.168182998e-08	0.01718879936	1.015989037e-08	0.9828111678	1.09801813e-08	
1.140126549e-08	0.0116226192	9.914160188e-09	0.9883773488	1.071646834e-08	
1.077349958e-08	1.231072396e-05	9.364788152e-09	0.999987659	1.012641353e-08	
1.077352888e-08	1.235414154e-05	9.375432549e-09	0.9999876156	1.012644055e-08	
1.077353755e-08	1.219485952e-05	9.315680927e-09	0.9999877747	1.033670209e-08	
1.077348768e-08	1.235408998e-05	9.315638571e-09	0.9999876157	1.012640268e-08	
9.846375564e-09	9.460488488e-09	8.444681499e-09	0.999999963	9.254981646e-09	
1.062671325e-08	1.029322007e-05	9.113918413e-09	0.9999896768	1.019628754e-08	
1.054252086e-08	9.126889666e-06	9.0928044e-09	0.9999908436	9.90930871e-09	
9.846463949e-09	9.605477296e-09	8.444755976e-09	0.9999999628	9.255064152e-09	
1.684069817e-08	9.659355266e-05	1.444329881e-08	0.9999033593	1.582920016e-08	
9.846464368e-09	9.555083551e-09	8.4893019e-09	0.9999999629	9.255064202e-09	
9.846583846e-09	9.558465545e-09	8.499030196e-09	0.9999999627	9.433263925e-09	
9.846491571e-09	9.588782928e-09	8.498951552e-09	0.9999999628	9.255089294e-09	
9.846497932e-09	9.465153184e-09	8.444784586e-09	0.9999999628	9.447256931e-09	
9.84645392e-09	9.588742905e-09	8.444747533e-09	0.9999999629	9.255054685e-09	
9.846480478e-09	9.565891546e-09	8.503147019e-09	0.9999999628	9.255079285e-09	
1.062664201e-08	1.01749911e-05	9.113858463e-09	0.9999897951	1.019621978e-08	
1.086300967e-08	1.341831241e-05	9.370847445e-09	0.9999865512	1.021054875e-08	
1.054245005e-08	9.022057161e-06	9.092744467e-09	0.9999909484	9.909242719e-09	
9.846397199e-09	9.445331774e-09	8.489245056e-09	0.999999963	9.255001599e-09	
9.846516676e-09	9.448674921e-09	8.498973287e-09	0.9999999628	9.433200117e-09	
9.846424401e-09	9.478644072e-09	8.498894644e-09	0.9999999629	9.255026691e-09	
9.846430763e-09	9.356434366e-09	8.44472804e-09	0.9999999629	9.447193028e-09	
9.846386751e-09	9.478604509e-09	8.444690987e-09	0.999999963	9.254992082e-09	
9.846413309e-09	9.456015625e-09	8.503090082e-09	0.9999999629	9.255016682e-09	
1.155548736e-08	0.01438967985	9.968189048e-09	0.9856102875	1.108743615e-08	
1.12675654e-08	0.009720961909	9.718132565e-09	0.9902790063	1.08111763e-08	
1.062673677e-08	1.02767294e-05	9.162013761e-09	0.9999896933	1.019630969e-08	
1.062676574e-08	1.031297354e-05	9.172427741e-09	0.999989657	1.019633697e-08	
1.062677402e-08	1.018000804e-05	9.113969673e-09	0.9999897898	1.040804954e-08	
1.062672511e-08	1.03129305e-05	9.113928473e-09	0.9999896571	1.019629884e-08	
1.062675403e-08	1.028835355e-05	9.176955892e-09	0.9999896816	1.019632619e-08	
1.148264585e-08	0.01278000047	9.961326482e-09	0.9872199673	1.07929611e-08	
1.086310494e-08	1.362395492e-05	9.370928165e-09	0.9999863456	1.021063768e-08	
1.634233013e-08	0.1205070888	1.409750014e-08	0.8794928654	1.536075669e-08	
1.086310618e-08	1.355247979e-05	9.420360302e-09	0.999986417	1.021063846e-08	
1.086323794e-08	1.355727658e-05	9.431155496e-09	0.999986412	1.040723704e-08	
1.086313567e-08	1.360027674e-05	9.431067822e-09	0.9999863692	1.021066566e-08	
1.08631446e-08	1.342492851e-05	9.370961776e-09	0.9999865444	1.042267619e-08	
1.086309414e-08	1.360021998e-05	9.370919018e-09	0.9999863693	1.021062747e-08	
1.651193787e-08	0.08435541196	1.42413417e-08	0.9156445418	1.552017714e-08	
1.054254418e-08	9.112267546e-06	9.140788309e-09	0.9999908581	9.909330217e-09	
1.054267207e-08	9.115492776e-06	9.151263145e-09	0.9999908547	1.010012734e-08	
1.054257297e-08	9.144404882e-06	9.151178202e-09	0.999990826	9.909356766e-09	
1.054258102e-08	9.02650564e-06	9.092855424e-09	0.9999909437	1.011511045e-08	
1.054253266e-08	9.144366714e-06	9.092814457e-09	0.9999908261	9.909319711e-09	
1.054256132e-08	9.122574566e-06	9.155695836e-09	0.9999908478	9.909346264e-09	
1.68407285e-08	9.694738575e-05	1.444332437e-08	0.9999030055	1.58292286e-08	
9.846485584e-09	9.590088294e-09	8.489319926e-09	0.9999999628	9.255084105e-09	
9.846605063e-09	9.593482678e-09	8.499048242e-09	0.9999999626	9.433284211e-09	
9.846512787e-09	9.623911128e-09	8.498969599e-09	0.9999999628	9.255109197e-09	
9.846519148e-09	9.49982847e-09	8.444802517e-09	0.9999999628	9.447277247e-09	
9.846501694e-09	9.600935883e-09	8.503165074e-09	0.9999999628	9.255099188e-09	
1.684073778e-08	9.643881438e-05	1.451952001e-08	0.999903514	1.582923674e-08	
1.684094155e-08	9.647294531e-05	1.453615812e-08	0.9999034795	1.613401696e-08	
1.684077857e-08	9.677890701e-05	1.453601917e-08	0.9999031739	1.582927427e-08	
1.684071419e-08	9.67785031e-05	1.444331237e-08	0.9999031744	1.582921509e-08	
1.684076349e-08	9.65478882e-05	1.454319817e-08	0.9999034049	1.582926081e-08	
9.846605481e-09	9.543151861e-09	8.543880557e-09	0.9999999626	9.433284262e-09	
9.846513205e-09	9.573420673e-09	8.543801498e-09	0.9999999628	9.255109247e-09	
9.846519567e-09	9.449988997e-09	8.489348687e-09	0.9999999628	9.447277298e-09	
9.846475554e-09	9.573380714e-09	8.489311438e-09	0.9999999628	9.255074638e-09	
9.846502113e-09	9.550565964e-09	8.548019105e-09	0.9999999628	9.255099237e-09	
9.846632685e-09	9.576809157e-09	8.553592248e-09	0.9999999626	9.433309838e-09	
9.846639046e-09	9.453333792e-09	8.499077036e-09	0.9999999626	9.629177949e-09	
9.846595033e-09	9.576769184e-09	8.499039745e-09	0.9999999626	9.433274562e-09	
9.846502757e-09	9.607144622e-09	8.498961101e-09	0.9999999628	9.25509973e-09	
9.846529316e-09	9.584249409e-09	8.5577355e-09	0.9999999628	9.25512433e-09	
9.846509119e-09	9.483278138e-09	8.444794074e-09	0.9999999628	9.447267584e-09	
9.846535677e-09	9.460678116e-09	8.503193882e-09	0.9999999627	9.447292694e-09	
9.846491665e-09	9.584209405e-09	8.503156572e-09	0.9999999628	9.255089721e-09	
