5.467094795e-09	5.128500167e-09	0.9999999817	2.603468146e-09	5.138734085e-09	
5.467161107e-09	5.128564253e-09	0.9999999816	2.651709727e-09	5.138795607e-09	
5.467094795e-09	5.128500167e-09	0.9999999817	2.603468132e-09	5.138734085e-09	
5.467094795e-09	5.128500167e-09	0.9999999817	2.60346812e-09	5.138734085e-09	
5.467094795e-09	5.128500167e-09	0.9999999817	2.603468135e-09	5.138734085e-09	
5.467094795e-09	5.128500167e-09	0.9999999817	2.603468136e-09	5.138734085e-09	
5.467094795e-09	5.128500167e-09	0.9999999817	2.603468145e-09	5.138734085e-09	
5.467094795e-09	5.128500167e-09	0.9999999817	2.603468172e-09	5.138734085e-09	
5.467146735e-09	5.128550368e-09	0.9999999816	2.641173762e-09	5.138782271e-09	
5.467094795e-09	5.128500167e-09	0.9999999817	2.603468154e-09	5.138734085e-09	
5.467094795e-09	5.128500167e-09	0.9999999817	2.603468159e-09	5.138734085e-09	
5.467155507e-09	5.128558843e-09	0.9999999816	2.647599214e-09	5.138790411e-09	
5.467161107e-09	5.128564253e-09	0.9999999816	2.651709718e-09	5.138795607e-09	
5.467094795e-09	5.128500167e-09	0.9999999817	2.603468124e-09	5.138734085e-09	
5.467094794e-09	5.128500167e-09	0.9999999817	2.603468112e-09	5.138734085e-09	
5.467094795e-09	5.128500167e-09	0.9999999817	2.603468127e-09	5.138734085e-09	
5.467094795e-09	5.128500167e-09	0.9999999817	2.603468137e-09	5.138734085e-09	
5.467094795e-09	5.128500167e-09	0.9999999817	2.603468146e-09	5.138734085e-09	
5.467094795e-09	5.128500167e-09	0.9999999817	2.603468125e-09	5.138734085e-09	
5.467094795e-09	5.128500167e-09	0.9999999817	2.603468151e-09	5.138734085e-09	
5.467155507e-09	5.128558843e-09	0.9999999816	2.647599206e-09	5.138790411e-09	
5.467161107e-09	5.128564253e-09	0.9999999816	2.651709705e-09	5.138795607e-09	
5.467161107e-09	5.128564253e-09	0.9999999816	2.651709708e-09	5.138795607e-09	
2.026104215e-08	2.199781148e-08	0.9998957406	0.0001041980886	1.904410289e-08	
5.467161107e-09	5.128564253e-09	0.9999999816	2.651709738e-09	5.138795607e-09	
5.467161107e-09	5.128564253e-09	0.9999999816	2.651709745e-09	5.138795607e-09	
5.467213047e-09	5.128614455e-09	0.9999999816	2.69011401e-09	5.138843794e-09	
5.467161107e-09	5.128564253e-09	0.9999999816	2.651709727e-09	5.138795607e-09	
5.467161107e-09	5.128564253e-09	0.9999999816	2.651709732e-09	5.138795607e-09	
5.46722182e-09	5.12862293e-09	0.9999999816	2.696658523e-09	5.138851934e-09	
5.467094794e-09	5.128500167e-09	0.9999999817	2.603468099e-09	5.138734085e-09	
5.467094794e-09	5.128500167e-09	0.9999999817	2.603468114e-09	5.138734085e-09	
5.467094795e-09	5.128500167e-09	0.9999999817	2.603468115e-09	5.138734085e-09	
5.467094795e-09	5.128500167e-09	0.9999999817	2.603468143e-09	5.138734085e-09	
5.467094795e-09	5.128500167e-09	0.9999999817	2.603468123e-09	5.138734085e-09	
5.467094795e-09	5.128500167e-09	0.9999999817	2.603468151e-09	5.138734085e-09	
5.467146734e-09	5.128550368e-09	0.9999999816	2.64117374e-09	5.138782271e-09	
5.467094795e-09	5.128500167e-09	0.9999999817	2.603468132e-09	5.138734085e-09	
5.467094794e-09	5.128500167e-09	0.9999999817	2.603468112e-09	5.138734085e-09	
5.467094795e-09	5.128500167e-09	0.9999999817	2.603468137e-09	5.138734085e-09	
5.467094794e-09	5.128500167e-09	0.9999999817	2.603468101e-09	5.138734085e-09	
5.467094794e-09	5.128500167e-09	0.9999999817	2.603468103e-09	5.138734085e-09	
5.467094795e-09	5.128500167e-09	0.9999999817	2.603468131e-09	5.138734085e-09	
5.467146734e-09	5.128550368e-09	0.9999999816	2.641173728e-09	5.138782271e-09	
5.467094795e-09	5.128500167e-09	0.9999999817	2.60346812e-09	5.138734085e-09	
5.467094794e-09	5.128500167e-09	0.9999999817	2.6034681e-09	5.138734085e-09	
5.467094795e-09	5.128500167e-09	0.9999999817	2.603468118e-09	5.138734085e-09	
5.467094795e-09	5.128500167e-09	0.9999999817	2.603468146e-09	5.138734085e-09	
5.467094795e-09	5.128500167e-09	0.9999999817	2.603468153e-09	5.138734085e-09	
5.467146734e-09	5.128550368e-09	0.9999999816	2.641173743e-09	5.138782271e-09	
5.467094795e-09	5.128500167e-09	0.9999999817	2.603468135e-09	5.138734085e-09	
5.467094795e-09	5.128500167e-09	0.9999999817	2.603468115e-09	5.138734085e-09	
5.467094795e-09	5.128500167e-09	0.9999999817	2.60346814e-09	5.138734085e-09	
5.467094795e-09	5.128500167e-09	0.9999999817	2.603468147e-09	5.138734085e-09	
5.467094795e-09	5.128500167e-09	0.9999999817	2.603468128e-09	5.138734085e-09	
5.467094795e-09	5.128500167e-09	0.9999999817	2.603468155e-09	5.138734085e-09	
5.467146734e-09	5.128550368e-09	0.9999999816	2.641173745e-09	5.138782271e-09	
5.467094795e-09	5.128500167e-09	0.9999999817	2.603468136e-09	5.138734085e-09	
5.467094795e-09	5.128500167e-09	0.9999999817	2.603468116e-09	5.138734085e-09	
5.467155507e-09	5.128558843e-09	0.9999999816	2.647599196e-09	5.138790411e-09	
2.026099728e-08	2.199776103e-08	0.9998961546	0.0001037841242	1.904406135e-08	
2.026102467e-08	2.199779183e-08	0.9998959021	0.0001040365841	1.904408671e-08	
6.395486743e-08	0.0007951140868	0.000224056481	0.9989807054	6.011347988e-08	
1.483741447e-08	1.930777596e-05	5.055191869e-05	0.9999301115	1.394622196e-08	
1.495921329e-08	2.123025969e-05	5.084634861e-05	0.9999278944	1.406070553e-08	
1.451938275e-08	1.42911183e-05	4.934289572e-05	0.9999363378	1.364729282e-08	
1.356095335e-08	1.496300457e-08	4.606860092e-05	0.9999538901	1.274643721e-08	
1.356111718e-08	1.496827732e-08	4.612139147e-05	0.9999538371	1.299186434e-08	
1.356099009e-08	1.501574591e-08	4.612096469e-05	0.9999538377	1.274647109e-08	
1.356097456e-08	1.497999527e-08	4.614373156e-05	0.999953815	1.274645706e-08	
5.467094795e-09	5.128500167e-09	0.9999999817	2.603468156e-09	5.138734085e-09	
5.467146735e-09	5.128550368e-09	0.9999999816	2.641173773e-09	5.138782271e-09	
5.467094795e-09	5.128500167e-09	0.9999999817	2.603468144e-09	5.138734085e-09	
5.467094795e-09	5.128500167e-09	0.9999999817	2.60346817e-09	5.138734085e-09	
5.467155507e-09	5.128558843e-09	0.9999999816	2.647599225e-09	5.138790411e-09	
5.467146734e-09	5.128550368e-09	0.9999999816	2.641173753e-09	5.138782271e-09	
5.467094795e-09	5.128500167e-09	0.9999999817	2.603468145e-09	5.138734085e-09	
5.467094795e-09	5.128500167e-09	0.9999999817	2.603468124e-09	5.138734085e-09	
5.467155507e-09	5.128558843e-09	0.9999999816	2.647599205e-09	5.138790411e-09	
5.467146735e-09	5.128550368e-09	0.9999999816	2.641173781e-09	5.138782271e-09	
5.467094795e-09	5.128500167e-09	0.9999999817	2.603468152e-09	5.138734085e-09	
5.467094795e-09	5.128500167e-09	0.9999999817	2.603468177e-09	5.138734085e-09	
5.467155507e-09	5.128558843e-09	0.9999999816	2.647599232e-09	5.138790411e-09	
5.467146735e-09	5.128550368e-09	0.9999999816	2.641173762e-09	5.138782271e-09	
5.467146734e-09	5.128550368e-09	0.9999999816	2.641173741e-09	5.138782271e-09	
5.467146735e-09	5.128550368e-09	0.9999999816	2.641173767e-09	5.138782271e-09	
5.467207447e-09	5.128609045e-09	0.9999999816	2.685943965e-09	5.138838598e-09	
5.467094795e-09	5.128500167e-09	0.9999999817	2.603468133e-09	5.138734085e-09	
5.467094795e-09	5.128500167e-09	0.9999999817	2.603468159e-09	5.138734085e-09	
5.467155507e-09	5.128558843e-09	0.9999999816	2.647599214e-09	5.138790411e-09	
5.467094795e-09	5.128500167e-09	0.9999999817	2.603468138e-09	5.138734085e-09	
5.467155507e-09	5.128558843e-09	0.9999999816	2.647599193e-09	5.138790411e-09	
5.467155507e-09	5.128558843e-09	0.9999999816	2.647599219e-09	5.138790411e-09	
4.998417356e-09	0.9999999836	4.286872561e-09	2.394682749e-09	4.698206282e-09	
4.998421141e-09	0.9999999836	4.28687581e-09	2.397419568e-09	4.698209792e-09	
4.998442712e-09	0.9999999836	4.286893745e-09	2.41312285e-09	4.698229803e-09	
4.998421393e-09	0.9999999836	4.286876027e-09	2.397602334e-09	4.698210027e-09	
4.998421141e-09	0.9999999836	4.28687581e-09	2.397419568e-09	4.698209792e-09	
4.998421682e-09	0.9999999836	4.286876274e-09	2.397811054e-09	4.698210294e-09	
4.999164913e-09	0.999999983	4.287497777e-09	3.005027741e-09	4.698901251e-09	
4.998421141e-09	0.9999999836	4.28687581e-09	2.397419568e-09	4.698209792e-09	
4.998440161e-09	0.9999999836	4.286891514e-09	2.411268386e-09	4.698227437e-09	
4.998417356e-09	0.9999999836	4.286872561e-09	2.394682744e-09	4.698206282e-09	
4.998417355e-09	0.9999999836	4.286872561e-09	2.394682548e-09	4.698206281e-09	
4.998624748e-09	0.9999999835	4.287045263e-09	2.550141825e-09	4.698399538e-09	
4.998437298e-09	0.9999999836	4.286889134e-09	2.409178748e-09	4.69822478e-09	
4.998421682e-09	0.9999999836	4.286876274e-09	2.397811053e-09	4.698210294e-09	
4.998439713e-09	0.9999999836	4.286891239e-09	2.410934151e-09	4.698227021e-09	
1.215233375e-08	0.9999502571	1.042237234e-08	4.970892229e-05	1.142243692e-08	
4.998401199e-09	0.9999999836	4.286859237e-09	2.382994325e-09	4.698191293e-09	
4.99842277e-09	0.9999999836	4.286877172e-09	2.398603119e-09	4.698211304e-09	
4.998401452e-09	0.9999999836	4.286859454e-09	2.383175991e-09	4.698191528e-09	
4.998401199e-09	0.9999999836	4.286859237e-09	2.382994325e-09	4.698191293e-09	
4.999144969e-09	0.999999983	4.287481202e-09	2.986946527e-09	4.69888275e-09	
4.998401199e-09	0.9999999836	4.286859237e-09	2.382994325e-09	4.698191293e-09	
4.998420219e-09	0.9999999836	4.286874942e-09	2.396759814e-09	4.698208938e-09	
4.998397414e-09	0.9999999836	4.286855989e-09	2.380273968e-09	4.698187783e-09	
4.998397413e-09	0.9999999836	4.286855988e-09	2.380273773e-09	4.698187782e-09	
4.998604805e-09	0.9999999835	4.287028689e-09	2.534797654e-09	4.698381039e-09	
4.998417356e-09	0.9999999836	4.286872561e-09	2.394682749e-09	4.698206282e-09	
4.99840174e-09	0.9999999836	4.286859702e-09	2.383383454e-09	4.698191795e-09	
4.998419772e-09	0.9999999836	4.286874667e-09	2.39642759e-09	4.698208522e-09	
4.998426555e-09	0.9999999836	4.286880421e-09	2.401344419e-09	4.698214814e-09	
6.374651396e-09	0.9999905804	5.667844039e-09	9.401606186e-06	5.99177448e-09	
4.998405237e-09	0.9999999836	4.286862703e-09	2.38589966e-09	4.698195038e-09	
4.998404984e-09	0.9999999836	4.286862486e-09	2.385717786e-09	4.698194804e-09	
4.998405525e-09	0.9999999836	4.28686295e-09	2.386107361e-09	4.698195305e-09	
4.999148754e-09	0.999999983	4.287484451e-09	2.990360229e-09	4.698886261e-09	
4.998404984e-09	0.9999999836	4.286862486e-09	2.385717786e-09	4.698194804e-09	
4.998424005e-09	0.9999999836	4.28687819e-09	2.399499008e-09	4.698212449e-09	
4.998401199e-09	0.9999999836	4.286859237e-09	2.38299432e-09	4.698191293e-09	
4.998401198e-09	0.9999999836	4.286859237e-09	2.382994125e-09	4.698191293e-09	
4.998608591e-09	0.9999999835	4.287031938e-09	2.537694607e-09	4.69838455e-09	
4.998421141e-09	0.9999999836	4.28687581e-09	2.397419568e-09	4.698209792e-09	
4.998405525e-09	0.9999999836	4.28686295e-09	2.38610736e-09	4.698195305e-09	
4.998423557e-09	0.9999999836	4.286877916e-09	2.399166404e-09	4.698212033e-09	
6.374678513e-09	0.9999905188	5.667867402e-09	9.463186841e-06	5.991799631e-09	
4.998426808e-09	0.9999999836	4.286880638e-09	2.401527484e-09	4.698215049e-09	
4.998426555e-09	0.9999999836	4.286880421e-09	2.401344419e-09	4.698214814e-09	
4.998427096e-09	0.9999999836	4.286880885e-09	2.401736546e-09	4.698215316e-09	
4.998426555e-09	0.9999999836	4.286880421e-09	2.401344419e-09	4.698214814e-09	
4.998445575e-09	0.9999999836	4.286896125e-09	2.415215909e-09	4.698232459e-09	
4.99842277e-09	0.9999999836	4.286877172e-09	2.398603115e-09	4.698211304e-09	
4.998422769e-09	0.9999999836	4.286877171e-09	2.398602918e-09	4.698211303e-09	
4.998442712e-09	0.9999999836	4.286893745e-09	2.41312285e-09	4.698229803e-09	
4.998427096e-09	0.9999999836	4.286880885e-09	2.401736545e-09	4.698215316e-09	
4.998445128e-09	0.9999999836	4.28689585e-09	2.414881127e-09	4.698232044e-09	
1.215234593e-08	0.9999501757	1.04223827e-08	4.979029745e-05	1.14224482e-08	
6.374651713e-09	0.9999905796	5.667844322e-09	9.402322905e-06	5.991774775e-09	
6.374651396e-09	0.9999905804	5.667844039e-09	9.401606186e-06	5.99177448e-09	
6.374652076e-09	0.9999905788	5.667844644e-09	9.403141403e-06	5.991775111e-09	
6.374651396e-09	0.9999905804	5.667844039e-09	9.401606186e-06	5.99177448e-09	
6.374907246e-09	0.9999899815	5.668064685e-09	1.000050851e-05	5.992012882e-09	
6.374652076e-09	0.9999905788	5.667844644e-09	9.4031414e-06	5.991775111e-09	
6.374674744e-09	0.9999905274	5.667864139e-09	9.454603828e-06	5.991796135e-09	
4.645919881e-08	0.0005404113546	4.130782383e-08	0.999459457	4.390774309e-08	
2.981235395e-08	0.4185982056	2.666110644e-08	0.5814017099	2.802172197e-08	
4.998405237e-09	0.9999999836	4.286862703e-09	2.38589966e-09	4.698195038e-09	
4.998405777e-09	0.9999999836	4.286863167e-09	2.386289264e-09	4.69819554e-09	
4.999149007e-09	0.999999983	4.287484668e-09	2.990588197e-09	4.698886495e-09	
4.998405237e-09	0.9999999836	4.286862703e-09	2.38589966e-09	4.698195038e-09	
4.998424257e-09	0.9999999836	4.286878407e-09	2.399681932e-09	4.698212683e-09	
4.998401452e-09	0.9999999836	4.286859454e-09	2.383175986e-09	4.698191528e-09	
4.998401451e-09	0.9999999836	4.286859454e-09	2.383175791e-09	4.698191527e-09	
4.998608843e-09	0.9999999835	4.287032155e-09	2.537888067e-09	4.698384784e-09	
4.998421393e-09	0.9999999836	4.286876027e-09	2.397602334e-09	4.698210027e-09	
4.998423809e-09	0.9999999836	4.286878132e-09	2.399349303e-09	4.698212267e-09	
4.998405525e-09	0.9999999836	4.28686295e-09	2.386107361e-09	4.698195305e-09	
4.999148754e-09	0.999999983	4.287484451e-09	2.990360229e-09	4.698886261e-09	
4.998404984e-09	0.9999999836	4.286862486e-09	2.385717786e-09	4.698194804e-09	
4.998424005e-09	0.9999999836	4.28687819e-09	2.399499008e-09	4.698212449e-09	
4.998401199e-09	0.9999999836	4.286859237e-09	2.38299432e-09	4.698191293e-09	
4.998401198e-09	0.9999999836	4.286859237e-09	2.382994125e-09	4.698191293e-09	
4.998608591e-09	0.9999999835	4.287031938e-09	2.537694607e-09	4.69838455e-09	
4.998421141e-09	0.9999999836	4.28687581e-09	2.397419568e-09	4.698209792e-09	
4.998405525e-09	0.9999999836	4.28686295e-09	2.38610736e-09	4.698195305e-09	
4.998423557e-09	0.9999999836	4.286877916e-09	2.399166404e-09	4.698212033e-09	
4.998405525e-09	0.9999999836	4.28686295e-09	2.386107361e-09	4.698195305e-09	
4.998424545e-09	0.9999999836	4.286878655e-09	2.399890833e-09	4.69821295e-09	
4.99840174e-09	0.9999999836	4.286859702e-09	2.38338345e-09	4.698191795e-09	
4.998401739e-09	0.9999999836	4.286859701e-09	2.383383255e-09	4.698191794e-09	
4.998609131e-09	0.9999999835	4.287032402e-09	2.538108999e-09	4.698385051e-09	
4.998421682e-09	0.9999999836	4.286876274e-09	2.397811054e-09	4.698210294e-09	
4.998406066e-09	0.9999999836	4.286863414e-09	2.386496998e-09	4.698195807e-09	
4.998424097e-09	0.9999999836	4.28687838e-09	2.399558175e-09	4.698212534e-09	
4.999148754e-09	0.999999983	4.287484451e-09	2.990360229e-09	4.698886261e-09	
4.999144969e-09	0.999999983	4.287481202e-09	2.986946521e-09	4.69888275e-09	
4.999352391e-09	0.9999999828	4.287653927e-09	3.180854446e-09	4.699076034e-09	
4.999164913e-09	0.999999983	4.287497777e-09	3.005027741e-09	4.698901251e-09	
4.99916733e-09	0.999999983	4.287499882e-09	3.0072173e-09	4.698903492e-09	
6.088299205e-08	0.9995143068	5.26442973e-08	0.0004855224823	5.722613013e-08	
5.582677739e-08	0.9995582686	4.81581179e-08	0.0004415749491	5.247361251e-08	
8.047813646e-08	0.9993439252	6.941132273e-08	0.0006558492824	7.564431838e-08	
4.998424005e-09	0.9999999836	4.28687819e-09	2.399499008e-09	4.698212449e-09	
4.998401199e-09	0.9999999836	4.286859237e-09	2.38299432e-09	4.698191293e-09	
4.998401198e-09	0.9999999836	4.286859237e-09	2.382994125e-09	4.698191293e-09	
4.998608591e-09	0.9999999835	4.287031938e-09	2.537694607e-09	4.69838455e-09	
4.998421141e-09	0.9999999836	4.28687581e-09	2.397419568e-09	4.698209792e-09	
4.998405525e-09	0.9999999836	4.28686295e-09	2.38610736e-09	4.698195305e-09	
4.998423557e-09	0.9999999836	4.286877916e-09	2.399166404e-09	4.698212033e-09	
4.998420219e-09	0.9999999836	4.286874941e-09	2.396759613e-09	4.698208938e-09	
4.998627612e-09	0.9999999835	4.287047643e-09	2.552353731e-09	4.698402195e-09	
4.998440161e-09	0.9999999836	4.286891514e-09	2.411268386e-09	4.698227437e-09	
4.998424545e-09	0.9999999836	4.286878655e-09	2.399890832e-09	4.69821295e-09	
4.998442577e-09	0.9999999836	4.28689362e-09	2.413025313e-09	4.698229678e-09	
1.215234019e-08	0.999950214	1.042237767e-08	4.975203596e-05	1.142244289e-08	
4.998397413e-09	0.9999999836	4.286855988e-09	2.380273768e-09	4.698187782e-09	
4.998604805e-09	0.9999999835	4.287028689e-09	2.534797649e-09	4.698381039e-09	
4.998417356e-09	0.9999999836	4.286872561e-09	2.394682744e-09	4.698206282e-09	
4.99840174e-09	0.9999999836	4.286859702e-09	2.383383449e-09	4.698191795e-09	
4.998419772e-09	0.9999999836	4.286874667e-09	2.396427586e-09	4.698208522e-09	
4.998604805e-09	0.9999999835	4.287028689e-09	2.534797441e-09	4.698381038e-09	
4.998417355e-09	0.9999999836	4.286872561e-09	2.394682548e-09	4.698206281e-09	
4.998401739e-09	0.9999999836	4.286859701e-09	2.383383254e-09	4.698191794e-09	
4.998419771e-09	0.9999999836	4.286874666e-09	2.39642739e-09	4.698208522e-09	
4.998624748e-09	0.9999999835	4.287045263e-09	2.550141825e-09	4.698399538e-09	
4.998609131e-09	0.9999999835	4.287032402e-09	2.538108998e-09	4.698385051e-09	
4.998627164e-09	0.9999999835	4.287047368e-09	2.551999939e-09	4.698401779e-09	
7.193039931e-08	0.999506231	6.169056783e-08	0.0004935663925	6.901694027e-08	
1.215275414e-08	0.9999473487	1.042272161e-08	5.261728018e-05	1.142282858e-08	
4.998421682e-09	0.9999999836	4.286876274e-09	2.397811053e-09	4.698210294e-09	
4.998439713e-09	0.9999999836	4.286891239e-09	2.410934151e-09	4.698227021e-09	
1.215233375e-08	0.9999502571	1.042237234e-08	4.970892229e-05	1.142243692e-08	
4.998424097e-09	0.9999999836	4.28687838e-09	2.399558174e-09	4.698212534e-09	
1.215233919e-08	0.9999502209	1.042237708e-08	4.974513998e-05	1.142244196e-08	
4.988590964e-09	4.67963039e-09	4.278441692e-09	2.484666965e-09	0.9999999836	
4.988647325e-09	4.679682521e-09	4.278488567e-09	2.527567293e-09	0.9999999835	
4.988562962e-09	4.679604434e-09	4.27841842e-09	2.463662192e-09	0.9999999836	
4.988585334e-09	4.67962517e-09	4.278437012e-09	2.480428212e-09	0.9999999836	
1.001644803e-08	9.433327286e-09	8.590537528e-09	3.597009094e-05	0.9999640019	
4.988656914e-09	4.6796914e-09	4.278496545e-09	2.534941285e-09	0.9999999835	
4.988585334e-09	4.67962517e-09	4.278437012e-09	2.480428212e-09	0.9999999836	
4.988587834e-09	4.679627488e-09	4.27843909e-09	2.482309738e-09	0.9999999836	
2.36260716e-08	2.216280586e-08	2.026273756e-08	0.0001337342476	0.9998661997	
4.988555347e-09	4.679597372e-09	4.278412052e-09	2.457931214e-09	0.9999999836	
4.988470986e-09	4.679519286e-09	4.278341906e-09	2.395786739e-09	0.9999999837	
4.988493357e-09	4.679540022e-09	4.278360498e-09	2.412090844e-09	0.9999999836	
1.001627328e-08	9.433164989e-09	8.59039241e-09	3.497912682e-05	0.9999649928	
4.988470986e-09	4.679519286e-09	4.278341906e-09	2.395786727e-09	0.9999999837	
4.988564936e-09	4.67960625e-09	4.27842003e-09	2.465102048e-09	0.9999999836	
4.988493357e-09	4.679540022e-09	4.278360498e-09	2.412090844e-09	0.9999999836	
4.988527345e-09	4.679571416e-09	4.27838878e-09	2.437152459e-09	0.9999999836	
4.988549717e-09	4.679592153e-09	4.278407372e-09	2.453738072e-09	0.9999999836	
4.988527345e-09	4.679571416e-09	4.27838878e-09	2.437152451e-09	0.9999999836	
4.988527345e-09	4.679571416e-09	4.27838878e-09	2.437152447e-09	0.9999999836	
4.988621296e-09	4.679658382e-09	4.278466905e-09	2.507664568e-09	0.9999999835	
4.988549717e-09	4.679592153e-09	4.278407372e-09	2.453738072e-09	0.9999999836	
4.988552217e-09	4.679594471e-09	4.27840945e-09	2.455599351e-09	0.9999999836	
2.362593691e-08	2.216268138e-08	2.026262635e-08	0.000132295418	0.9998676385	
4.988465356e-09	4.679514067e-09	4.278337226e-09	2.391699613e-09	0.9999999837	
4.988442984e-09	4.67949333e-09	4.278318635e-09	2.37553333e-09	0.9999999837	
4.988442984e-09	4.67949333e-09	4.278318635e-09	2.375533327e-09	0.9999999837	
4.988465356e-09	4.679514067e-09	4.278337226e-09	2.391699613e-09	0.9999999837	
4.988467856e-09	4.679516384e-09	4.278339304e-09	2.393513833e-09	0.9999999837	
4.988465356e-09	4.679514066e-09	4.278337226e-09	2.391699605e-09	0.9999999837	
1.001626257e-08	9.433155031e-09	8.590383526e-09	3.491945578e-05	0.9999650525	
4.988465355e-09	4.679514066e-09	4.278337226e-09	2.391699602e-09	0.9999999837	
4.988559305e-09	4.679601031e-09	4.27841535e-09	2.460896673e-09	0.9999999836	
4.988487727e-09	4.679534803e-09	4.278355818e-09	2.407975905e-09	0.9999999836	
4.988490227e-09	4.679537121e-09	4.278357896e-09	2.409802471e-09	0.9999999836	
4.988442984e-09	4.67949333e-09	4.278318635e-09	2.375533319e-09	0.9999999837	
4.988536933e-09	4.679580294e-09	4.278396758e-09	2.444262664e-09	0.9999999836	
4.988465356e-09	4.679514066e-09	4.278337226e-09	2.391699605e-09	0.9999999837	
4.988467856e-09	4.679516384e-09	4.278339304e-09	2.393513825e-09	0.9999999837	
1.001626257e-08	9.433155031e-09	8.590383526e-09	3.491945578e-05	0.9999650525	
1.001626733e-08	9.433159453e-09	8.590387472e-09	3.494594295e-05	0.999965026	
1.977257914e-08	1.874640199e-08	1.695780163e-08	0.9998619692	0.0001379753216	
1.977252931e-08	1.872276531e-08	1.695775975e-08	0.9998625075	0.0001374370325	
2.133878086e-08	2.038498691e-05	1.830101701e-08	0.9998306644	0.000148910998	
1.977275566e-08	1.893116256e-08	1.706673626e-08	0.9998621732	0.0001377709808	
1.977257914e-08	1.874640199e-08	1.695780163e-08	0.9998619692	0.0001379753216	
4.988536933e-09	4.679580294e-09	4.278396758e-09	2.444262661e-09	0.9999999836	
4.988465355e-09	4.679514066e-09	4.278337226e-09	2.391699602e-09	0.9999999837	
4.988467856e-09	4.679516384e-09	4.278339304e-09	2.393513822e-09	0.9999999837	
4.988559305e-09	4.679601031e-09	4.27841535e-09	2.460896673e-09	0.9999999836	
4.988561806e-09	4.679603349e-09	4.278417428e-09	2.462763382e-09	0.9999999836	
2.36259732e-08	2.216271487e-08	2.026265631e-08	0.0001326813289	0.9998672526	
4.988490227e-09	4.679537121e-09	4.278357896e-09	2.409802471e-09	0.9999999836	
1.254522503e-08	1.176824102e-08	1.075931858e-08	0.9999634103	3.655459519e-05	
1.254522503e-08	1.176824235e-08	1.075931859e-08	0.9999634103	3.655459517e-05	
1.254522822e-08	1.176824545e-08	1.075932126e-08	0.9999633936	3.657131722e-05	
1.254522822e-08	1.176824543e-08	1.075932126e-08	0.9999633936	3.657131722e-05	
1.254522821e-08	1.176824399e-08	1.075932126e-08	0.9999633936	3.657131692e-05	
1.254522231e-08	1.176823974e-08	1.075931629e-08	0.9999634246	3.65402783e-05	
1.254522503e-08	1.176824232e-08	1.075931859e-08	0.9999634103	3.655459547e-05	
1.254522231e-08	1.176823974e-08	1.075931629e-08	0.9999634246	3.65402783e-05	
1.254522822e-08	1.176824536e-08	1.075932126e-08	0.9999633936	3.657131722e-05	
1.254523905e-08	1.178536013e-08	1.075933047e-08	0.9999633936	3.657134812e-05	
1.254581744e-08	1.27442115e-08	1.075982062e-08	0.9999634076	3.655631908e-05	
9.846358389e-09	9.236532956e-09	8.444667127e-09	0.9999999631	9.356556209e-09	
9.84636105e-09	9.236535546e-09	8.444669369e-09	0.9999999631	9.360836562e-09	
9.84636105e-09	9.236535526e-09	8.444669369e-09	0.9999999631	9.360836562e-09	
9.846361049e-09	9.236534399e-09	8.444669368e-09	0.9999999631	9.360836483e-09	
9.846356109e-09	9.236530773e-09	8.444665207e-09	0.9999999631	9.352891514e-09	
9.846347133e-09	9.26900405e-09	8.444657761e-09	0.9999999631	9.305611778e-09	
9.846326617e-09	9.236503553e-09	8.444640364e-09	0.9999999632	9.305592312e-09	
9.846358389e-09	9.23653293e-09	8.444667127e-09	0.9999999631	9.356556286e-09	
9.846356109e-09	9.236530773e-09	8.444665207e-09	0.9999999631	9.352891514e-09	
9.84636105e-09	9.236535477e-09	8.444669369e-09	0.9999999631	9.360836562e-09	
9.846369552e-09	9.249968332e-09	8.444676595e-09	0.9999999631	9.360844471e-09	
9.846326617e-09	9.236503495e-09	8.444640364e-09	0.9999999632	9.305592241e-09	
9.846361052e-09	9.236536586e-09	8.44466937e-09	0.9999999631	9.360836558e-09	
9.846361052e-09	9.236536566e-09	8.44466937e-09	0.9999999631	9.360836558e-09	
9.84636105e-09	9.236535439e-09	8.444669369e-09	0.9999999631	9.360836479e-09	
9.84635611e-09	9.236531813e-09	8.444665208e-09	0.9999999631	9.352891509e-09	
9.846347134e-09	9.269005094e-09	8.444657761e-09	0.9999999631	9.305611773e-09	
9.846326619e-09	9.236504593e-09	8.444640365e-09	0.9999999632	9.305592307e-09	
9.84635839e-09	9.23653397e-09	8.444667128e-09	0.9999999631	9.356556281e-09	
9.84635611e-09	9.236531813e-09	8.444665208e-09	0.9999999631	9.352891509e-09	
9.846361052e-09	9.236536517e-09	8.44466937e-09	0.9999999631	9.360836557e-09	
9.846326618e-09	9.236504535e-09	8.444640365e-09	0.9999999632	9.305592236e-09	
9.846823368e-09	1.000254239e-08	8.445061177e-09	0.9999999623	9.356997477e-09	
9.846363713e-09	9.236539155e-09	8.444671613e-09	0.9999999631	9.365118869e-09	
9.846358772e-09	9.236534402e-09	8.44466745e-09	0.9999999631	9.357170186e-09	
9.846349796e-09	9.269007693e-09	8.444660004e-09	0.9999999631	9.309868821e-09	
9.846361052e-09	9.236536559e-09	8.44466937e-09	0.9999999631	9.360836635e-09	
9.846358772e-09	9.236534402e-09	8.44466745e-09	0.9999999631	9.357170186e-09	
9.846363713e-09	9.236539106e-09	8.444671613e-09	0.9999999631	9.365118869e-09	
9.846372215e-09	9.249971967e-09	8.444678838e-09	0.9999999631	9.365126782e-09	
9.84632928e-09	9.236507125e-09	8.444642607e-09	0.9999999632	9.309849275e-09	
9.846826029e-09	1.00025452e-08	8.44506342e-09	0.9999999623	9.361278032e-09	
9.846363712e-09	9.236538008e-09	8.444671611e-09	0.9999999631	9.36511879e-09	
9.846358772e-09	9.236534382e-09	8.44466745e-09	0.9999999631	9.357170186e-09	
9.846349796e-09	9.269007672e-09	8.444660004e-09	0.9999999631	9.309868821e-09	
9.84632928e-09	9.236507162e-09	8.444642607e-09	0.9999999632	9.309849346e-09	
9.846361052e-09	9.236536539e-09	8.44466937e-09	0.9999999631	9.360836635e-09	
9.846358772e-09	9.236534382e-09	8.44466745e-09	0.9999999631	9.357170186e-09	
9.846363713e-09	9.236539086e-09	8.444671613e-09	0.9999999631	9.365118869e-09	
9.846826029e-09	1.000254517e-08	8.44506342e-09	0.9999999623	9.361278032e-09	
9.846358771e-09	9.236533255e-09	8.444667449e-09	0.9999999631	9.357170107e-09	
9.846349794e-09	9.269006542e-09	8.444660003e-09	0.9999999631	9.309868743e-09	
9.846329279e-09	9.236506035e-09	8.444642606e-09	0.9999999632	9.309849268e-09	
9.84636105e-09	9.236535413e-09	8.444669369e-09	0.9999999631	9.360836556e-09	
9.846358771e-09	9.236533255e-09	8.444667449e-09	0.9999999631	9.357170107e-09	
9.846363712e-09	9.23653796e-09	8.444671611e-09	0.9999999631	9.36511879e-09	
9.846372213e-09	9.249970818e-09	8.444678837e-09	0.9999999631	9.365126703e-09	
9.846329279e-09	9.236505978e-09	8.444642606e-09	0.9999999632	9.309849197e-09	
9.846344854e-09	9.269002903e-09	8.444655841e-09	0.9999999631	9.301967032e-09	
9.846324339e-09	9.236502409e-09	8.444638444e-09	0.9999999632	9.301947573e-09	
9.846356111e-09	9.236531786e-09	8.444665208e-09	0.9999999631	9.352891586e-09	
9.846353831e-09	9.236529629e-09	8.444663287e-09	0.9999999631	9.349228249e-09	
9.846358772e-09	9.236534333e-09	8.44466745e-09	0.9999999631	9.357170186e-09	
9.846367273e-09	9.249967187e-09	8.444674675e-09	0.9999999631	9.357178092e-09	
9.846324339e-09	9.236502352e-09	8.444638444e-09	0.9999999632	9.301947502e-09	
9.846821088e-09	1.000254003e-08	8.445059257e-09	0.9999999624	9.353332609e-09	
9.846344854e-09	9.269002903e-09	8.444655841e-09	0.9999999631	9.301967032e-09	
9.846315363e-09	9.268975529e-09	8.444630998e-09	0.9999999632	9.254925293e-09	
9.846812111e-09	1.00377064e-08	8.44505181e-09	0.9999999624	9.306050644e-09	
9.846443897e-09	9.319531336e-09	8.444739688e-09	0.999999963	9.410375746e-09	
1.062664601e-08	1.014714682e-05	9.11386185e-09	0.9999898229	1.019622469e-08	
1.086183695e-08	1.336566159e-05	9.369819963e-09	0.9999866039	1.020944637e-08	
9.846440438e-09	9.419947321e-09	8.48928297e-09	0.999999963	9.255042164e-09	
9.846326619e-09	9.236504566e-09	8.444640365e-09	0.9999999632	9.305592384e-09	
9.846324339e-09	9.236502409e-09	8.444638444e-09	0.9999999632	9.301947573e-09	
9.84632928e-09	9.236507113e-09	8.444642607e-09	0.9999999632	9.309849346e-09	
9.846337782e-09	9.249939927e-09	8.444649832e-09	0.9999999631	9.309857212e-09	
9.846294847e-09	9.236475132e-09	8.444613601e-09	0.9999999632	9.254905933e-09	
9.846791595e-09	1.000251055e-08	8.445034413e-09	0.9999999624	9.306031176e-09	
9.846356111e-09	9.236531786e-09	8.444665208e-09	0.9999999631	9.352891586e-09	
9.846361052e-09	9.236536491e-09	8.44466937e-09	0.9999999631	9.360836635e-09	
9.846369553e-09	9.249969347e-09	8.444676596e-09	0.9999999631	9.360844544e-09	
9.846326619e-09	9.236504509e-09	8.444640365e-09	0.9999999632	9.305592313e-09	
9.846823368e-09	1.000254236e-08	8.445061178e-09	0.9999999623	9.356997554e-09	
9.846358772e-09	9.236534333e-09	8.44466745e-09	0.9999999631	9.357170186e-09	
9.846367273e-09	9.249967187e-09	8.444674675e-09	0.9999999631	9.357178092e-09	
9.846324339e-09	9.236502352e-09	8.444638444e-09	0.9999999632	9.301947502e-09	
9.846821088e-09	1.000254003e-08	8.445059257e-09	0.9999999624	9.353332609e-09	
9.84632928e-09	9.236507056e-09	8.444642607e-09	0.9999999632	9.309849275e-09	
9.846826029e-09	1.000254512e-08	8.44506342e-09	0.9999999623	9.361278032e-09	
9.846337781e-09	9.24993987e-09	8.444649832e-09	0.9999999631	9.309857141e-09	
9.846834531e-09	1.0017092e-08	8.445070646e-09	0.9999999623	9.361285941e-09	
9.846374064e-09	9.307553927e-09	8.444680839e-09	0.9999999631	9.30989167e-09	
1.054245864e-08	8.978561896e-06	9.092751355e-09	0.9999909918	9.968043561e-09	
9.846791595e-09	1.000251049e-08	8.445034413e-09	0.9999999624	9.306031105e-09	
9.846582033e-09	9.349300167e-09	8.444856385e-09	0.9999999628	9.605898195e-09	
1.077353909e-08	1.219416259e-05	9.315682248e-09	0.9999877754	1.033670716e-08	
9.846556964e-09	9.465243989e-09	8.444835259e-09	0.9999999628	9.447316853e-09	
9.846489779e-09	9.356499907e-09	8.444778701e-09	0.9999999629	9.447252936e-09	
1.062679475e-08	1.017955892e-05	9.113987498e-09	0.9999897903	1.040807464e-08	
1.086198887e-08	1.340835416e-05	9.369949044e-09	0.999986561	1.042157093e-08	
1.054258204e-08	9.025777368e-06	9.092856298e-09	0.9999909445	1.011511494e-08	
9.846578122e-09	9.499824489e-09	8.444853142e-09	0.9999999628	9.447337114e-09	
9.846578573e-09	9.450036904e-09	8.489400282e-09	0.9999999628	9.447337196e-09	
9.846698046e-09	9.453367465e-09	8.499128833e-09	0.9999999626	9.629242088e-09	
9.846568112e-09	9.483307168e-09	8.444844715e-09	0.9999999628	9.44732747e-09	
9.846594709e-09	9.460768269e-09	8.503245797e-09	0.9999999627	9.447352617e-09	
1.077350631e-08	1.217878103e-05	9.315654369e-09	0.9999877908	1.029637473e-08	
9.846526849e-09	9.453304503e-09	8.444809857e-09	0.9999999628	9.410454559e-09	
9.846459665e-09	9.344697592e-09	8.444753299e-09	0.999999963	9.410390891e-09	
1.062676238e-08	1.016671853e-05	9.1139602e-09	0.9999898032	1.036746371e-08	
1.086195583e-08	1.339144105e-05	9.369921017e-09	0.9999865779	1.038090739e-08	
1.054254992e-08	9.014392329e-06	9.09282905e-09	0.9999909559	1.00756471e-08	
9.846548007e-09	9.487841384e-09	8.444827739e-09	0.9999999628	9.410474741e-09	
9.846548458e-09	9.438116601e-09	8.489374746e-09	0.9999999628	9.410474822e-09	
9.846667931e-09	9.441442961e-09	8.499103268e-09	0.9999999626	9.591669943e-09	
9.84657565e-09	9.471384412e-09	8.499024619e-09	0.9999999628	9.410500325e-09	
9.846582033e-09	9.349300167e-09	8.444856385e-09	0.9999999628	9.605898195e-09	
9.846537998e-09	9.471344898e-09	8.444819313e-09	0.9999999628	9.410465134e-09	
9.846564595e-09	9.448834429e-09	8.503220219e-09	0.9999999628	9.410490183e-09	
1.077347725e-08	1.232981234e-05	9.315629659e-09	0.99998764	1.012639296e-08	
1.077340527e-08	1.218815959e-05	9.315568587e-09	0.9999877816	1.012632588e-08	
1.168077925e-08	0.01716686878	1.015895939e-08	0.9828330984	1.097919366e-08	
1.140121899e-08	0.01162096162	9.914119685e-09	0.9883790064	1.071642463e-08	
1.077350111e-08	1.231000321e-05	9.364790217e-09	0.9999876597	1.012641496e-08	
1.077353039e-08	1.235339341e-05	9.375434769e-09	0.9999876163	1.012644197e-08	
1.077353909e-08	1.219416259e-05	9.315682248e-09	0.9999877754	1.033670716e-08	
1.07734892e-08	1.235334188e-05	9.315639871e-09	0.9999876164	1.01264041e-08	
9.846434596e-09	9.460584336e-09	8.444732173e-09	0.999999963	9.25503713e-09	
1.062673399e-08	1.029279813e-05	9.113936252e-09	0.9999896773	1.01963086e-08	
1.05425219e-08	9.126181827e-06	9.092805288e-09	0.9999908443	9.909309682e-09	
9.846522938e-09	9.605503302e-09	8.444806614e-09	0.9999999628	9.255119596e-09	
1.683998692e-08	9.658390989e-05	1.44426889e-08	0.999903369	1.582853163e-08	
9.846523389e-09	9.555161866e-09	8.489353509e-09	0.9999999629	9.255119675e-09	
9.846642862e-09	9.558529476e-09	8.499082006e-09	0.9999999627	9.433323492e-09	
9.846550581e-09	9.588842242e-09	8.499003358e-09	0.9999999628	9.255144757e-09	
9.846556964e-09	9.465243989e-09	8.444835259e-09	0.9999999628	9.447316853e-09	
9.846512929e-09	9.588802238e-09	8.444798187e-09	0.9999999629	9.255110147e-09	
9.846539526e-09	9.566012609e-09	8.503198947e-09	0.9999999628	9.255134782e-09	
1.062666274e-08	1.017454767e-05	9.113876289e-09	0.9999897955	1.019624082e-08	
1.086185395e-08	1.340175344e-05	9.369834727e-09	0.9999865678	1.020946244e-08	
1.054245107e-08	9.0213341e-06	9.092745341e-09	0.9999909491	9.909243677e-09	
9.846456205e-09	9.445384738e-09	8.489296652e-09	0.999999963	9.255057058e-09	
9.846575677e-09	9.448713659e-09	8.499025084e-09	0.9999999628	9.433259669e-09	
9.846483396e-09	9.478678167e-09	8.498946436e-09	0.9999999629	9.25508214e-09	
9.846489779e-09	9.356499907e-09	8.444778701e-09	0.9999999629	9.447252936e-09	
9.846445745e-09	9.478638623e-09	8.444741629e-09	0.999999963	9.25504753e-09	
9.846472341e-09	9.456110819e-09	8.503141998e-09	0.9999999629	9.255072165e-09	
1.155442473e-08	0.01437145294	9.967255626e-09	0.9856285144	1.10864178e-08	
1.12675353e-08	0.009719698305	9.718106596e-09	0.9902802699	1.081114863e-08	
1.062675749e-08	1.027626165e-05	9.162032401e-09	0.9999896938	1.019633072e-08	
1.062678645e-08	1.031248341e-05	9.172446552e-09	0.9999896575	1.019635798e-08	
1.062679475e-08	1.017955892e-05	9.113987498e-09	0.9999897903	1.040807464e-08	
1.062674581e-08	1.031244039e-05	9.113946278e-09	0.9999896576	1.019631985e-08	
1.062677478e-08	1.028793115e-05	9.176974817e-09	0.9999896821	1.019634724e-08	
1.148155024e-08	0.01276332534	9.96035922e-09	0.9872366424	1.079193128e-08	
1.086194918e-08	1.360704116e-05	9.3699154e-09	0.9999863625	1.020955131e-08	
1.634244962e-08	0.1203646316	1.409757952e-08	0.8796353226	1.536086899e-08	
1.086195045e-08	1.353572905e-05	9.419342974e-09	0.9999864338	1.020955213e-08	
1.086208219e-08	1.35404995e-05	9.430137161e-09	0.9999864288	1.040613313e-08	
1.086197992e-08	1.358343962e-05	9.430049493e-09	0.9999863861	1.020957931e-08	
1.086198887e-08	1.340835416e-05	9.369949044e-09	0.999986561	1.042157093e-08	
1.086193839e-08	1.358338296e-05	9.369906272e-09	0.9999863862	1.020954113e-08	
1.651140773e-08	0.08434072819	1.424088445e-08	0.9156592255	1.551967884e-08	
1.054254519e-08	9.111519621e-06	9.140789907e-09	0.9999908589	9.909331164e-09	
1.054267308e-08	9.114730846e-06	9.151264898e-09	0.9999908555	1.010013154e-08	
1.054257397e-08	9.143635938e-06	9.15117995e-09	0.9999908268	9.909357701e-09	
1.054258204e-08	9.025777368e-06	9.092856298e-09	0.9999909445	1.011511494e-08	
1.054253365e-08	9.143597792e-06	9.092815311e-09	0.9999908269	9.909320645e-09	
1.054256236e-08	9.121866475e-06	9.15569769e-09	0.9999908485	9.909347237e-09	
1.684001717e-08	9.693673717e-05	1.444271438e-08	0.9999030162	1.582856e-08	
9.846544547e-09	9.590070874e-09	8.489371485e-09	0.9999999628	9.255139524e-09	
9.84666402e-09	9.593450788e-09	8.499100003e-09	0.9999999626	9.433343723e-09	
9.846571739e-09	9.623874298e-09	8.499021355e-09	0.9999999628	9.255164606e-09	
9.846578122e-09	9.499824489e-09	8.444853142e-09	0.9999999628	9.447337114e-09	
9.846560684e-09	9.60096126e-09	8.503216953e-09	0.9999999628	9.255154631e-09	
1.684002649e-08	9.642875086e-05	1.4518908e-08	0.9999035241	1.582856817e-08	
1.684023025e-08	9.646273281e-05	1.453554566e-08	0.9999034898	1.613334069e-08	
1.684006727e-08	9.676861348e-05	1.453540671e-08	0.9999031842	1.582860569e-08	
1.684000289e-08	9.676820981e-05	1.444270241e-08	0.9999031847	1.582854651e-08	
1.684005225e-08	9.653824379e-05	1.454258556e-08	0.9999034145	1.582859228e-08	
9.846664471e-09	9.543172517e-09	8.543933299e-09	0.9999999626	9.433343804e-09	
9.84657219e-09	9.573436581e-09	8.543854236e-09	0.9999999628	9.255164686e-09	
9.846578573e-09	9.450036904e-09	8.489400282e-09	0.9999999628	9.447337196e-09	
9.846534538e-09	9.573396642e-09	8.489363014e-09	0.9999999628	9.255130076e-09	
9.846561135e-09	9.550643627e-09	8.548071967e-09	0.9999999628	9.255154711e-09	
9.846691663e-09	9.576810633e-09	8.553645189e-09	0.9999999626	9.433369369e-09	
9.846698046e-09	9.453367465e-09	8.499128833e-09	0.9999999626	9.629242088e-09	
9.846654011e-09	9.576770679e-09	8.499091523e-09	0.9999999626	9.433334093e-09	
9.84656173e-09	9.607141292e-09	8.499012874e-09	0.9999999628	9.255155158e-09	
9.846588326e-09	9.584308077e-09	8.557788561e-09	0.9999999628	9.255179793e-09	
9.846568112e-09	9.483307168e-09	8.444844715e-09	0.9999999628	9.44732747e-09	
9.846594709e-09	9.460768269e-09	8.503245797e-09	0.9999999627	9.447352617e-09	
9.846550674e-09	9.584268093e-09	8.503208469e-09	0.9999999628	9.255145183e-09	
