5.467094795e-09	5.12849865e-09	0.9999999817	2.60346845e-09	5.138734086e-09	
5.467161107e-09	5.128562736e-09	0.9999999816	2.651710051e-09	5.138795608e-09	
5.467094795e-09	5.128498649e-09	0.9999999817	2.603468437e-09	5.138734085e-09	
5.467094795e-09	5.128498649e-09	0.9999999817	2.603468424e-09	5.138734085e-09	
5.467094795e-09	5.12849865e-09	0.9999999817	2.603468439e-09	5.138734085e-09	
5.467094795e-09	5.12849865e-09	0.9999999817	2.603468441e-09	5.138734085e-09	
5.467094795e-09	5.12849865e-09	0.9999999817	2.603468449e-09	5.138734086e-09	
5.467094795e-09	5.12849865e-09	0.9999999817	2.603468476e-09	5.138734086e-09	
5.467146735e-09	5.128548851e-09	0.9999999816	2.641174082e-09	5.138782272e-09	
5.467094795e-09	5.12849865e-09	0.9999999817	2.603468458e-09	5.138734086e-09	
5.467094795e-09	5.12849865e-09	0.9999999817	2.603468463e-09	5.138734086e-09	
5.467155507e-09	5.128557326e-09	0.9999999816	2.647599537e-09	5.138790412e-09	
5.467161107e-09	5.128562736e-09	0.9999999816	2.651710043e-09	5.138795608e-09	
5.467094795e-09	5.128498649e-09	0.9999999817	2.603468428e-09	5.138734085e-09	
5.467094795e-09	5.128498649e-09	0.9999999817	2.603468416e-09	5.138734085e-09	
5.467094795e-09	5.128498649e-09	0.9999999817	2.603468431e-09	5.138734085e-09	
5.467094795e-09	5.12849865e-09	0.9999999817	2.603468441e-09	5.138734085e-09	
5.467094795e-09	5.12849865e-09	0.9999999817	2.60346845e-09	5.138734086e-09	
5.467094795e-09	5.128498649e-09	0.9999999817	2.603468429e-09	5.138734085e-09	
5.467094795e-09	5.12849865e-09	0.9999999817	2.603468455e-09	5.138734086e-09	
5.467155507e-09	5.128557326e-09	0.9999999816	2.647599528e-09	5.138790411e-09	
5.467161107e-09	5.128562736e-09	0.9999999816	2.65171003e-09	5.138795608e-09	
5.467161107e-09	5.128562736e-09	0.9999999816	2.651710032e-09	5.138795608e-09	
2.026104212e-08	2.199795568e-08	0.9998957406	0.0001041981005	1.904410286e-08	
5.467161107e-09	5.128562736e-09	0.9999999816	2.651710063e-09	5.138795608e-09	
5.467161107e-09	5.128562736e-09	0.9999999816	2.65171007e-09	5.138795608e-09	
5.467213048e-09	5.128612938e-09	0.9999999816	2.690114351e-09	5.138843795e-09	
5.467161107e-09	5.128562736e-09	0.9999999816	2.651710051e-09	5.138795608e-09	
5.467161107e-09	5.128562736e-09	0.9999999816	2.651710056e-09	5.138795608e-09	
5.46722182e-09	5.128621413e-09	0.9999999816	2.696658868e-09	5.138851935e-09	
5.467094795e-09	5.128498649e-09	0.9999999817	2.603468403e-09	5.138734085e-09	
5.467094795e-09	5.128498649e-09	0.9999999817	2.603468418e-09	5.138734085e-09	
5.467094795e-09	5.128498649e-09	0.9999999817	2.603468419e-09	5.138734085e-09	
5.467094795e-09	5.12849865e-09	0.9999999817	2.603468448e-09	5.138734085e-09	
5.467094795e-09	5.128498649e-09	0.9999999817	2.603468428e-09	5.138734085e-09	
5.467094795e-09	5.12849865e-09	0.9999999817	2.603468455e-09	5.138734086e-09	
5.467146735e-09	5.128548851e-09	0.9999999816	2.64117406e-09	5.138782272e-09	
5.467094795e-09	5.128498649e-09	0.9999999817	2.603468437e-09	5.138734085e-09	
5.467094795e-09	5.128498649e-09	0.9999999817	2.603468416e-09	5.138734085e-09	
5.467094795e-09	5.12849865e-09	0.9999999817	2.603468442e-09	5.138734085e-09	
5.467094795e-09	5.128498649e-09	0.9999999817	2.603468406e-09	5.138734085e-09	
5.467094795e-09	5.128498649e-09	0.9999999817	2.603468407e-09	5.138734085e-09	
5.467094795e-09	5.128498649e-09	0.9999999817	2.603468435e-09	5.138734085e-09	
5.467146735e-09	5.128548851e-09	0.9999999816	2.641174048e-09	5.138782272e-09	
5.467094795e-09	5.128498649e-09	0.9999999817	2.603468424e-09	5.138734085e-09	
5.467094795e-09	5.128498649e-09	0.9999999817	2.603468404e-09	5.138734085e-09	
5.467094795e-09	5.128498649e-09	0.9999999817	2.603468422e-09	5.138734085e-09	
5.467094795e-09	5.12849865e-09	0.9999999817	2.60346845e-09	5.138734086e-09	
5.467094795e-09	5.12849865e-09	0.9999999817	2.603468458e-09	5.138734086e-09	
5.467146735e-09	5.128548851e-09	0.9999999816	2.641174063e-09	5.138782272e-09	
5.467094795e-09	5.12849865e-09	0.9999999817	2.603468439e-09	5.138734085e-09	
5.467094795e-09	5.128498649e-09	0.9999999817	2.603468419e-09	5.138734085e-09	
5.467094795e-09	5.12849865e-09	0.9999999817	2.603468444e-09	5.138734085e-09	
5.467094795e-09	5.12849865e-09	0.9999999817	2.603468452e-09	5.138734086e-09	
5.467094795e-09	5.128498649e-09	0.9999999817	2.603468432e-09	5.138734085e-09	
5.467094795e-09	5.12849865e-09	0.9999999817	2.603468459e-09	5.138734086e-09	
5.467146735e-09	5.128548851e-09	0.9999999816	2.641174065e-09	5.138782272e-09	
5.467094795e-09	5.12849865e-09	0.9999999817	2.603468441e-09	5.138734085e-09	
5.467094795e-09	5.128498649e-09	0.9999999817	2.60346842e-09	5.138734085e-09	
5.467155507e-09	5.128557326e-09	0.9999999816	2.647599519e-09	5.138790411e-09	
2.026099725e-08	2.199790523e-08	0.9998961546	0.000103784136	1.904406132e-08	
2.026102464e-08	2.199793603e-08	0.9998959021	0.000104036596	1.904408668e-08	
6.395544578e-08	0.0007951284599	0.0002240587223	0.9989806887	6.011402349e-08	
1.483741452e-08	1.930792706e-05	5.055191893e-05	0.9999301114	1.3946222e-08	
1.495924435e-08	2.123091288e-05	5.084645592e-05	0.9999278936	1.406073472e-08	
1.45193828e-08	1.429123648e-05	4.934289596e-05	0.9999363377	1.364729287e-08	
1.356095185e-08	1.496310357e-08	4.606859584e-05	0.9999538901	1.274643581e-08	
1.356111568e-08	1.496837679e-08	4.612138636e-05	0.9999538371	1.299186282e-08	
1.356098859e-08	1.501584585e-08	4.612095959e-05	0.9999538377	1.274646968e-08	
1.356097306e-08	1.498009309e-08	4.614372645e-05	0.999953815	1.274645565e-08	
5.467094795e-09	5.12849865e-09	0.9999999817	2.60346846e-09	5.138734086e-09	
5.467146735e-09	5.128548851e-09	0.9999999816	2.641174093e-09	5.138782272e-09	
5.467094795e-09	5.12849865e-09	0.9999999817	2.603468449e-09	5.138734085e-09	
5.467094795e-09	5.12849865e-09	0.9999999817	2.603468474e-09	5.138734086e-09	
5.467155507e-09	5.128557326e-09	0.9999999816	2.647599548e-09	5.138790412e-09	
5.467146735e-09	5.128548851e-09	0.9999999816	2.641174073e-09	5.138782272e-09	
5.467094795e-09	5.12849865e-09	0.9999999817	2.603468449e-09	5.138734086e-09	
5.467094795e-09	5.128498649e-09	0.9999999817	2.603468429e-09	5.138734085e-09	
5.467155507e-09	5.128557326e-09	0.9999999816	2.647599528e-09	5.138790411e-09	
5.467146735e-09	5.128548851e-09	0.9999999816	2.641174101e-09	5.138782272e-09	
5.467094795e-09	5.12849865e-09	0.9999999817	2.603468456e-09	5.138734086e-09	
5.467094795e-09	5.12849865e-09	0.9999999817	2.603468481e-09	5.138734086e-09	
5.467155507e-09	5.128557326e-09	0.9999999816	2.647599555e-09	5.138790412e-09	
5.467146735e-09	5.128548851e-09	0.9999999816	2.641174082e-09	5.138782272e-09	
5.467146735e-09	5.128548851e-09	0.9999999816	2.641174062e-09	5.138782272e-09	
5.467146735e-09	5.128548851e-09	0.9999999816	2.641174087e-09	5.138782272e-09	
5.467207448e-09	5.128607528e-09	0.9999999816	2.685944304e-09	5.138838598e-09	
5.467094795e-09	5.12849865e-09	0.9999999817	2.603468438e-09	5.138734085e-09	
5.467094795e-09	5.12849865e-09	0.9999999817	2.603468463e-09	5.138734086e-09	
5.467155507e-09	5.128557326e-09	0.9999999816	2.647599537e-09	5.138790412e-09	
5.467094795e-09	5.12849865e-09	0.9999999817	2.603468443e-09	5.138734085e-09	
5.467155507e-09	5.128557326e-09	0.9999999816	2.647599516e-09	5.138790411e-09	
5.467155507e-09	5.128557326e-09	0.9999999816	2.647599542e-09	5.138790412e-09	
4.998418835e-09	0.9999999836	4.28687383e-09	2.394683665e-09	4.698207672e-09	
4.99842262e-09	0.9999999836	4.286877078e-09	2.397420403e-09	4.698211183e-09	
4.998444191e-09	0.9999999836	4.286895013e-09	2.413123603e-09	4.698231193e-09	
4.998422873e-09	0.9999999836	4.286877295e-09	2.397603163e-09	4.698211417e-09	
4.99842262e-09	0.9999999836	4.286877078e-09	2.397420403e-09	4.698211183e-09	
4.998423161e-09	0.9999999836	4.286877543e-09	2.397811877e-09	4.698211684e-09	
4.999166361e-09	0.999999983	4.287499018e-09	3.004997405e-09	4.698902612e-09	
4.99842262e-09	0.9999999836	4.286877078e-09	2.397420403e-09	4.698211183e-09	
4.998441641e-09	0.9999999836	4.286892783e-09	2.411269224e-09	4.698228828e-09	
4.998418835e-09	0.9999999836	4.28687383e-09	2.39468366e-09	4.698207672e-09	
4.998418834e-09	0.9999999836	4.286873829e-09	2.394683464e-09	4.698207672e-09	
4.998626227e-09	0.9999999835	4.287046531e-09	2.550142287e-09	4.698400928e-09	
4.998438777e-09	0.9999999836	4.286890402e-09	2.409179595e-09	4.698226171e-09	
4.998423161e-09	0.9999999836	4.286877543e-09	2.397811876e-09	4.698211684e-09	
4.998441193e-09	0.9999999836	4.286892508e-09	2.410934924e-09	4.698228412e-09	
1.215232117e-08	0.9999502572	1.042236154e-08	4.970882857e-05	1.14224251e-08	
4.998402679e-09	0.9999999836	4.286860506e-09	2.382995226e-09	4.698192684e-09	
4.998424249e-09	0.9999999836	4.28687844e-09	2.398603941e-09	4.698212694e-09	
4.998402931e-09	0.9999999836	4.286860723e-09	2.383176887e-09	4.698192918e-09	
4.998402679e-09	0.9999999836	4.286860506e-09	2.382995226e-09	4.698192684e-09	
4.999146416e-09	0.999999983	4.287482443e-09	2.986916464e-09	4.698884111e-09	
4.998402679e-09	0.9999999836	4.286860506e-09	2.382995226e-09	4.698192684e-09	
4.998421699e-09	0.9999999836	4.28687621e-09	2.39676072e-09	4.698210329e-09	
4.998398894e-09	0.9999999836	4.286857257e-09	2.380274951e-09	4.698189174e-09	
4.998398893e-09	0.9999999836	4.286857257e-09	2.380274755e-09	4.698189173e-09	
4.998606284e-09	0.9999999835	4.287029957e-09	2.534798189e-09	4.698382429e-09	
4.998418835e-09	0.9999999836	4.28687383e-09	2.394683665e-09	4.698207672e-09	
4.998403219e-09	0.9999999836	4.28686097e-09	2.383384344e-09	4.698193186e-09	
4.998421251e-09	0.9999999836	4.286875935e-09	2.396428432e-09	4.698209913e-09	
4.998428034e-09	0.9999999836	4.286881689e-09	2.401345159e-09	4.698216205e-09	
6.374637495e-09	0.9999905805	5.667837111e-09	9.401500244e-06	5.991761414e-09	
4.998406716e-09	0.9999999836	4.286863971e-09	2.385900475e-09	4.698196429e-09	
4.998406464e-09	0.9999999836	4.286863755e-09	2.385718606e-09	4.698196195e-09	
4.998407004e-09	0.9999999836	4.286864219e-09	2.38610817e-09	4.698196696e-09	
4.999150202e-09	0.999999983	4.287485692e-09	2.990330028e-09	4.698887622e-09	
4.998406464e-09	0.9999999836	4.286863755e-09	2.385718606e-09	4.698196195e-09	
4.998425484e-09	0.9999999836	4.286879459e-09	2.399499832e-09	4.698213839e-09	
4.998402678e-09	0.9999999836	4.286860506e-09	2.382995222e-09	4.698192684e-09	
4.998402678e-09	0.9999999836	4.286860505e-09	2.382995026e-09	4.698192683e-09	
4.998610069e-09	0.9999999835	4.287033206e-09	2.537695056e-09	4.69838594e-09	
4.99842262e-09	0.9999999836	4.286877078e-09	2.397420403e-09	4.698211183e-09	
4.998407004e-09	0.9999999836	4.286864219e-09	2.386108169e-09	4.698196696e-09	
4.998425036e-09	0.9999999836	4.286879184e-09	2.399167164e-09	4.698213423e-09	
6.374664612e-09	0.9999905189	5.667860474e-09	9.463079868e-06	5.991786565e-09	
4.998428287e-09	0.9999999836	4.286881906e-09	2.401528219e-09	4.698216439e-09	
4.998428034e-09	0.9999999836	4.286881689e-09	2.401345159e-09	4.698216205e-09	
4.998428575e-09	0.9999999836	4.286882153e-09	2.401737274e-09	4.698216706e-09	
4.998428034e-09	0.9999999836	4.286881689e-09	2.401345159e-09	4.698216205e-09	
4.998447055e-09	0.9999999836	4.286897393e-09	2.415216653e-09	4.69823385e-09	
4.998424249e-09	0.9999999836	4.28687844e-09	2.398603937e-09	4.698212694e-09	
4.998424248e-09	0.9999999836	4.28687844e-09	2.39860374e-09	4.698212694e-09	
4.998444191e-09	0.9999999836	4.286895013e-09	2.413123603e-09	4.698231193e-09	
4.998428575e-09	0.9999999836	4.286882153e-09	2.401737273e-09	4.698216706e-09	
4.998446607e-09	0.9999999836	4.286897118e-09	2.414881806e-09	4.698233434e-09	
1.215233335e-08	0.9999501758	1.042237191e-08	4.979020159e-05	1.142243638e-08	
6.374637813e-09	0.9999905797	5.667837394e-09	9.402216934e-06	5.991761709e-09	
6.374637495e-09	0.9999905805	5.667837111e-09	9.401500244e-06	5.991761414e-09	
6.374638175e-09	0.9999905789	5.667837716e-09	9.403035398e-06	5.991762045e-09	
6.374637495e-09	0.9999905805	5.667837111e-09	9.401500244e-06	5.991761414e-09	
6.374893344e-09	0.9999899816	5.668057756e-09	1.000039415e-05	5.991999815e-09	
6.374638175e-09	0.9999905789	5.667837716e-09	9.403035395e-06	5.991762045e-09	
6.374660843e-09	0.9999905275	5.667857211e-09	9.454497032e-06	5.99178307e-09	
4.645961915e-08	0.0005404190352	4.130823715e-08	0.9994594493	4.390814028e-08	
2.981224534e-08	0.4186068588	2.666103574e-08	0.5813930567	2.80216199e-08	
4.998406716e-09	0.9999999836	4.286863971e-09	2.385900475e-09	4.698196429e-09	
4.998407257e-09	0.9999999836	4.286864436e-09	2.386290068e-09	4.69819693e-09	
4.999150454e-09	0.999999983	4.287485909e-09	2.990557988e-09	4.698887856e-09	
4.998406716e-09	0.9999999836	4.286863971e-09	2.385900475e-09	4.698196429e-09	
4.998425737e-09	0.9999999836	4.286879676e-09	2.399682751e-09	4.698214074e-09	
4.998402931e-09	0.9999999836	4.286860723e-09	2.383176883e-09	4.698192918e-09	
4.99840293e-09	0.9999999836	4.286860722e-09	2.383176687e-09	4.698192918e-09	
4.998610322e-09	0.9999999835	4.287033423e-09	2.537888509e-09	4.698386174e-09	
4.998422873e-09	0.9999999836	4.286877295e-09	2.397603163e-09	4.698211417e-09	
4.998425289e-09	0.9999999836	4.286879401e-09	2.399350057e-09	4.698213658e-09	
4.998407004e-09	0.9999999836	4.286864219e-09	2.38610817e-09	4.698196696e-09	
4.999150202e-09	0.999999983	4.287485692e-09	2.990330028e-09	4.698887622e-09	
4.998406464e-09	0.9999999836	4.286863755e-09	2.385718606e-09	4.698196195e-09	
4.998425484e-09	0.9999999836	4.286879459e-09	2.399499832e-09	4.698213839e-09	
4.998402678e-09	0.9999999836	4.286860506e-09	2.382995222e-09	4.698192684e-09	
4.998402678e-09	0.9999999836	4.286860505e-09	2.382995026e-09	4.698192683e-09	
4.998610069e-09	0.9999999835	4.287033206e-09	2.537695056e-09	4.69838594e-09	
4.99842262e-09	0.9999999836	4.286877078e-09	2.397420403e-09	4.698211183e-09	
4.998407004e-09	0.9999999836	4.286864219e-09	2.386108169e-09	4.698196696e-09	
4.998425036e-09	0.9999999836	4.286879184e-09	2.399167164e-09	4.698213423e-09	
4.998407004e-09	0.9999999836	4.286864219e-09	2.38610817e-09	4.698196696e-09	
4.998426025e-09	0.9999999836	4.286879923e-09	2.399891646e-09	4.698214341e-09	
4.998403219e-09	0.9999999836	4.28686097e-09	2.38338434e-09	4.698193186e-09	
4.998403218e-09	0.9999999836	4.286860969e-09	2.383384145e-09	4.698193185e-09	
4.99861061e-09	0.9999999835	4.28703367e-09	2.538109435e-09	4.698386441e-09	
4.998423161e-09	0.9999999836	4.286877543e-09	2.397811877e-09	4.698211684e-09	
4.998407545e-09	0.9999999836	4.286864683e-09	2.386497796e-09	4.698197198e-09	
4.998425577e-09	0.9999999836	4.286879648e-09	2.399558923e-09	4.698213925e-09	
4.999150202e-09	0.999999983	4.287485692e-09	2.990330028e-09	4.698887622e-09	
4.999146416e-09	0.999999983	4.287482443e-09	2.986916458e-09	4.698884111e-09	
4.999353838e-09	0.9999999828	4.287655168e-09	3.18082179e-09	4.699077394e-09	
4.999166361e-09	0.999999983	4.287499018e-09	3.004997405e-09	4.698902612e-09	
4.999168777e-09	0.999999983	4.287501124e-09	3.007186847e-09	4.698904853e-09	
6.088293296e-08	0.9995143123	5.264424621e-08	0.0004855169286	5.722607459e-08	
5.582555875e-08	0.9995582838	4.815706824e-08	0.000441559772	5.247246707e-08	
8.047802281e-08	0.999343933	6.941122471e-08	0.0006558414907	7.564421156e-08	
4.998425484e-09	0.9999999836	4.286879459e-09	2.399499832e-09	4.698213839e-09	
4.998402678e-09	0.9999999836	4.286860506e-09	2.382995222e-09	4.698192684e-09	
4.998402678e-09	0.9999999836	4.286860505e-09	2.382995026e-09	4.698192683e-09	
4.998610069e-09	0.9999999835	4.287033206e-09	2.537695056e-09	4.69838594e-09	
4.99842262e-09	0.9999999836	4.286877078e-09	2.397420403e-09	4.698211183e-09	
4.998407004e-09	0.9999999836	4.286864219e-09	2.386108169e-09	4.698196696e-09	
4.998425036e-09	0.9999999836	4.286879184e-09	2.399167164e-09	4.698213423e-09	
4.998421698e-09	0.9999999836	4.28687621e-09	2.396760519e-09	4.698210328e-09	
4.998629091e-09	0.9999999835	4.287048911e-09	2.552354181e-09	4.698403585e-09	
4.998441641e-09	0.9999999836	4.286892783e-09	2.411269224e-09	4.698228828e-09	
4.998426025e-09	0.9999999836	4.286879923e-09	2.399891645e-09	4.698214341e-09	
4.998444056e-09	0.9999999836	4.286894888e-09	2.413026076e-09	4.698231068e-09	
1.215232761e-08	0.9999502141	1.042236688e-08	4.975194193e-05	1.142243106e-08	
4.998398893e-09	0.9999999836	4.286857257e-09	2.380274751e-09	4.698189173e-09	
4.998606284e-09	0.9999999835	4.287029957e-09	2.534798184e-09	4.698382429e-09	
4.998418835e-09	0.9999999836	4.28687383e-09	2.39468366e-09	4.698207672e-09	
4.998403219e-09	0.9999999836	4.28686097e-09	2.383384339e-09	4.698193186e-09	
4.998421251e-09	0.9999999836	4.286875935e-09	2.396428427e-09	4.698209913e-09	
4.998606284e-09	0.9999999835	4.287029957e-09	2.534797977e-09	4.698382428e-09	
4.998418834e-09	0.9999999836	4.286873829e-09	2.394683464e-09	4.698207672e-09	
4.998403218e-09	0.9999999836	4.286860969e-09	2.383384144e-09	4.698193185e-09	
4.99842125e-09	0.9999999836	4.286875935e-09	2.396428231e-09	4.698209912e-09	
4.998626227e-09	0.9999999835	4.287046531e-09	2.550142287e-09	4.698400928e-09	
4.99861061e-09	0.9999999835	4.28703367e-09	2.538109434e-09	4.698386441e-09	
4.998628643e-09	0.9999999835	4.287048636e-09	2.552000321e-09	4.698403169e-09	
7.193034532e-08	0.9995062314	6.169052152e-08	0.0004935659415	6.901688831e-08	
1.215274156e-08	0.9999473488	1.042271081e-08	5.261717197e-05	1.142281675e-08	
4.998423161e-09	0.9999999836	4.286877543e-09	2.397811876e-09	4.698211684e-09	
4.998441193e-09	0.9999999836	4.286892508e-09	2.410934924e-09	4.698228412e-09	
1.215232117e-08	0.9999502572	1.042236154e-08	4.970882857e-05	1.14224251e-08	
4.998425577e-09	0.9999999836	4.286879648e-09	2.399558922e-09	4.698213925e-09	
1.21523266e-08	0.999950221	1.042236629e-08	4.974504463e-05	1.142243013e-08	
4.988590964e-09	4.679629005e-09	4.278441692e-09	2.484667293e-09	0.9999999836	
4.988647325e-09	4.679681136e-09	4.278488566e-09	2.527567642e-09	0.9999999835	
4.988562962e-09	4.679603048e-09	4.27841842e-09	2.463662511e-09	0.9999999836	
4.988585334e-09	4.679623785e-09	4.278437011e-09	2.480428539e-09	0.9999999836	
1.001644803e-08	9.433324566e-09	8.590537528e-09	3.59700956e-05	0.9999640019	
4.988656914e-09	4.679690014e-09	4.278496545e-09	2.534941638e-09	0.9999999835	
4.988585334e-09	4.679623785e-09	4.278437011e-09	2.480428539e-09	0.9999999836	
4.988587834e-09	4.679626103e-09	4.27843909e-09	2.482310065e-09	0.9999999836	
2.36260716e-08	2.21627993e-08	2.026273756e-08	0.0001337342649	0.9998661997	
4.988555347e-09	4.679595987e-09	4.278412051e-09	2.457931528e-09	0.9999999836	
4.988470986e-09	4.679517901e-09	4.278341906e-09	2.395787025e-09	0.9999999837	
4.988493357e-09	4.679538637e-09	4.278360497e-09	2.412091138e-09	0.9999999836	
1.001627328e-08	9.433162269e-09	8.59039241e-09	3.4979131e-05	0.9999649928	
4.988470986e-09	4.6795179e-09	4.278341906e-09	2.395787013e-09	0.9999999837	
4.988564936e-09	4.679604865e-09	4.27842003e-09	2.465102366e-09	0.9999999836	
4.988493357e-09	4.679538637e-09	4.278360497e-09	2.412091138e-09	0.9999999836	
4.988527345e-09	4.679570031e-09	4.278388779e-09	2.437152764e-09	0.9999999836	
4.988549717e-09	4.679590768e-09	4.278407371e-09	2.453738385e-09	0.9999999836	
4.988527345e-09	4.679570031e-09	4.278388779e-09	2.437152756e-09	0.9999999836	
4.988527345e-09	4.679570031e-09	4.278388779e-09	2.437152753e-09	0.9999999836	
4.988621296e-09	4.679656996e-09	4.278466904e-09	2.507664906e-09	0.9999999835	
4.988549717e-09	4.679590768e-09	4.278407371e-09	2.453738385e-09	0.9999999836	
4.988552217e-09	4.679593086e-09	4.27840945e-09	2.455599665e-09	0.9999999836	
2.362593691e-08	2.216267482e-08	2.026262634e-08	0.0001322954346	0.9998676385	
4.988465356e-09	4.679512681e-09	4.278337226e-09	2.391699897e-09	0.9999999837	
4.988442984e-09	4.679491945e-09	4.278318634e-09	2.375533607e-09	0.9999999837	
4.988442984e-09	4.679491945e-09	4.278318634e-09	2.375533604e-09	0.9999999837	
4.988465356e-09	4.679512681e-09	4.278337226e-09	2.391699897e-09	0.9999999837	
4.988467856e-09	4.679514999e-09	4.278339304e-09	2.393514118e-09	0.9999999837	
4.988465355e-09	4.679512681e-09	4.278337226e-09	2.391699889e-09	0.9999999837	
1.001626257e-08	9.433152311e-09	8.590383525e-09	3.491945993e-05	0.9999650525	
4.988465355e-09	4.679512681e-09	4.278337226e-09	2.391699886e-09	0.9999999837	
4.988559305e-09	4.679599646e-09	4.278415349e-09	2.460896989e-09	0.9999999836	
4.988487727e-09	4.679533418e-09	4.278355817e-09	2.407976196e-09	0.9999999836	
4.988490227e-09	4.679535736e-09	4.278357896e-09	2.409802763e-09	0.9999999836	
4.988442984e-09	4.679491945e-09	4.278318634e-09	2.375533596e-09	0.9999999837	
4.988536933e-09	4.679578909e-09	4.278396758e-09	2.444262973e-09	0.9999999836	
4.988465355e-09	4.679512681e-09	4.278337226e-09	2.391699889e-09	0.9999999837	
4.988467856e-09	4.679514999e-09	4.278339304e-09	2.39351411e-09	0.9999999837	
1.001626257e-08	9.433152311e-09	8.590383525e-09	3.491945993e-05	0.9999650525	
1.001626733e-08	9.433156733e-09	8.590387471e-09	3.494594712e-05	0.999965026	
1.977257683e-08	1.874639708e-08	1.695779965e-08	0.9998619692	0.0001379753046	
1.9772527e-08	1.872275989e-08	1.695775776e-08	0.9998625075	0.0001374370157	
2.133878005e-08	2.03850016e-05	1.830101631e-08	0.9998306644	0.000148910992	
1.977275336e-08	1.893115866e-08	1.706673423e-08	0.9998621733	0.0001377709638	
1.977257683e-08	1.874639708e-08	1.695779965e-08	0.9998619692	0.0001379753046	
4.988536933e-09	4.679578909e-09	4.278396758e-09	2.44426297e-09	0.9999999836	
4.988465355e-09	4.679512681e-09	4.278337226e-09	2.391699886e-09	0.9999999837	
4.988467856e-09	4.679514999e-09	4.278339304e-09	2.393514107e-09	0.9999999837	
4.988559305e-09	4.679599646e-09	4.278415349e-09	2.460896989e-09	0.9999999836	
4.988561806e-09	4.679601964e-09	4.278417428e-09	2.462763699e-09	0.9999999836	
2.36259732e-08	2.216270831e-08	2.026265631e-08	0.0001326813457	0.9998672526	
4.988490227e-09	4.679535736e-09	4.278357896e-09	2.409802763e-09	0.9999999836	
1.254522357e-08	1.176823617e-08	1.075931733e-08	0.9999634103	3.655459085e-05	
1.254522357e-08	1.176823749e-08	1.075931733e-08	0.9999634103	3.655459083e-05	
1.254522675e-08	1.176824059e-08	1.075932e-08	0.9999633936	3.657131288e-05	
1.254522675e-08	1.176824057e-08	1.075932e-08	0.9999633936	3.657131288e-05	
1.254522675e-08	1.176823913e-08	1.075932e-08	0.9999633936	3.657131257e-05	
1.254522084e-08	1.176823488e-08	1.075931503e-08	0.9999634247	3.654027397e-05	
1.254522357e-08	1.176823746e-08	1.075931733e-08	0.9999634103	3.655459113e-05	
1.254522084e-08	1.176823488e-08	1.075931503e-08	0.9999634247	3.654027397e-05	
1.254522675e-08	1.176824051e-08	1.075932e-08	0.9999633936	3.657131288e-05	
1.254523758e-08	1.178535533e-08	1.075932921e-08	0.9999633936	3.657134378e-05	
1.254581599e-08	1.274424429e-08	1.075981938e-08	0.9999634076	3.655631481e-05	
9.846357239e-09	9.236529143e-09	8.44466614e-09	0.9999999631	9.356555084e-09	
9.8463599e-09	9.236531733e-09	8.444668382e-09	0.9999999631	9.360835435e-09	
9.8463599e-09	9.236531713e-09	8.444668382e-09	0.9999999631	9.360835435e-09	
9.846359899e-09	9.236530586e-09	8.444668381e-09	0.9999999631	9.360835357e-09	
9.846354959e-09	9.23652696e-09	8.44466422e-09	0.9999999631	9.35289039e-09	
9.846345984e-09	9.269001447e-09	8.444656774e-09	0.9999999631	9.305610676e-09	
9.846325467e-09	9.23649974e-09	8.444639377e-09	0.9999999632	9.305591209e-09	
9.846357239e-09	9.236529117e-09	8.44466614e-09	0.9999999631	9.356555161e-09	
9.846354959e-09	9.23652696e-09	8.44466422e-09	0.9999999631	9.35289039e-09	
9.8463599e-09	9.236531664e-09	8.444668382e-09	0.9999999631	9.360835435e-09	
9.846368402e-09	9.249964565e-09	8.444675608e-09	0.9999999631	9.360843344e-09	
9.846325467e-09	9.236499682e-09	8.444639377e-09	0.9999999632	9.305591138e-09	
9.846359902e-09	9.236532773e-09	8.444668383e-09	0.9999999631	9.360835431e-09	
9.846359902e-09	9.236532753e-09	8.444668383e-09	0.9999999631	9.360835431e-09	
9.8463599e-09	9.236531626e-09	8.444668382e-09	0.9999999631	9.360835352e-09	
9.846354961e-09	9.236528e-09	8.444664221e-09	0.9999999631	9.352890385e-09	
9.846345985e-09	9.26900249e-09	8.444656775e-09	0.9999999631	9.305610671e-09	
9.846325469e-09	9.23650078e-09	8.444639378e-09	0.9999999632	9.305591204e-09	
9.84635724e-09	9.236530157e-09	8.444666141e-09	0.9999999631	9.356555156e-09	
9.846354961e-09	9.236528e-09	8.444664221e-09	0.9999999631	9.352890385e-09	
9.846359902e-09	9.236532704e-09	8.444668383e-09	0.9999999631	9.360835431e-09	
9.846325469e-09	9.236500722e-09	8.444639378e-09	0.9999999632	9.305591133e-09	
9.846822235e-09	1.000256813e-08	8.445060205e-09	0.9999999623	9.356996368e-09	
9.846362563e-09	9.236535342e-09	8.444670626e-09	0.9999999631	9.365117741e-09	
9.846357622e-09	9.236530589e-09	8.444666463e-09	0.9999999631	9.357169061e-09	
9.846348646e-09	9.269005089e-09	8.444659017e-09	0.9999999631	9.309867718e-09	
9.846359902e-09	9.236532747e-09	8.444668383e-09	0.9999999631	9.360835508e-09	
9.846357622e-09	9.236530589e-09	8.444666463e-09	0.9999999631	9.357169061e-09	
9.846362563e-09	9.236535294e-09	8.444670625e-09	0.9999999631	9.36511774e-09	
9.846371065e-09	9.2499682e-09	8.444677851e-09	0.9999999631	9.365125653e-09	
9.84632813e-09	9.236503312e-09	8.44464162e-09	0.9999999632	9.309848171e-09	
9.846824897e-09	1.000257093e-08	8.445062448e-09	0.9999999623	9.361276922e-09	
9.846362562e-09	9.236534195e-09	8.444670624e-09	0.9999999631	9.365117662e-09	
9.846357622e-09	9.236530569e-09	8.444666463e-09	0.9999999631	9.357169061e-09	
9.846348646e-09	9.269005069e-09	8.444659017e-09	0.9999999631	9.309867717e-09	
9.84632813e-09	9.236503349e-09	8.44464162e-09	0.9999999632	9.309848241e-09	
9.846359902e-09	9.236532726e-09	8.444668383e-09	0.9999999631	9.360835508e-09	
9.846357622e-09	9.236530569e-09	8.444666463e-09	0.9999999631	9.357169061e-09	
9.846362563e-09	9.236535273e-09	8.444670625e-09	0.9999999631	9.36511774e-09	
9.846824897e-09	1.000257091e-08	8.445062448e-09	0.9999999623	9.361276922e-09	
9.846357621e-09	9.236529443e-09	8.444666462e-09	0.9999999631	9.357168982e-09	
9.846348645e-09	9.269003938e-09	8.444659016e-09	0.9999999631	9.309867639e-09	
9.846328129e-09	9.236502223e-09	8.444641619e-09	0.9999999632	9.309848163e-09	
9.8463599e-09	9.2365316e-09	8.444668382e-09	0.9999999631	9.360835429e-09	
9.846357621e-09	9.236529443e-09	8.444666462e-09	0.9999999631	9.357168982e-09	
9.846362562e-09	9.236534147e-09	8.444670624e-09	0.9999999631	9.365117661e-09	
9.846371063e-09	9.249967051e-09	8.44467785e-09	0.9999999631	9.365125574e-09	
9.846328129e-09	9.236502165e-09	8.444641619e-09	0.9999999632	9.309848092e-09	
9.846343705e-09	9.269000299e-09	8.444654855e-09	0.9999999631	9.301965931e-09	
9.846323189e-09	9.236498597e-09	8.444637457e-09	0.9999999632	9.301946472e-09	
9.846354961e-09	9.236527974e-09	8.444664221e-09	0.9999999631	9.352890463e-09	
9.846352681e-09	9.236525817e-09	8.4446623e-09	0.9999999631	9.349227127e-09	
9.846357622e-09	9.236530521e-09	8.444666463e-09	0.9999999631	9.357169061e-09	
9.846366124e-09	9.24996342e-09	8.444673688e-09	0.9999999631	9.357176966e-09	
9.846323189e-09	9.236498539e-09	8.444637457e-09	0.9999999632	9.301946401e-09	
9.846819955e-09	1.000256577e-08	8.445058285e-09	0.9999999624	9.353331502e-09	
9.846343705e-09	9.269000299e-09	8.444654855e-09	0.9999999631	9.301965931e-09	
9.846314213e-09	9.268972926e-09	8.444630012e-09	0.9999999632	9.254924213e-09	
9.846810979e-09	1.003773355e-08	8.445050839e-09	0.9999999624	9.306049558e-09	
9.846442749e-09	9.319529799e-09	8.444738703e-09	0.999999963	9.410374598e-09	
1.062664561e-08	1.014715539e-05	9.113861501e-09	0.9999898229	1.019622427e-08	
1.086185944e-08	1.33659829e-05	9.369839668e-09	0.9999866036	1.020946751e-08	
9.846439289e-09	9.419946276e-09	8.489281966e-09	0.999999963	9.255041084e-09	
9.846325469e-09	9.236500754e-09	8.444639378e-09	0.9999999632	9.305591281e-09	
9.846323189e-09	9.236498597e-09	8.444637457e-09	0.9999999632	9.301946472e-09	
9.84632813e-09	9.236503301e-09	8.44464162e-09	0.9999999632	9.309848241e-09	
9.846336632e-09	9.24993616e-09	8.444648845e-09	0.9999999631	9.309856107e-09	
9.846293697e-09	9.236471319e-09	8.444612614e-09	0.9999999632	9.254904852e-09	
9.846790462e-09	1.000253629e-08	8.445033441e-09	0.9999999624	9.30603009e-09	
9.846354961e-09	9.236527974e-09	8.444664221e-09	0.9999999631	9.352890463e-09	
9.846359902e-09	9.236532678e-09	8.444668383e-09	0.9999999631	9.360835508e-09	
9.846368403e-09	9.24996558e-09	8.444675609e-09	0.9999999631	9.360843417e-09	
9.846325469e-09	9.236500696e-09	8.444639378e-09	0.9999999632	9.30559121e-09	
9.846822235e-09	1.00025681e-08	8.445060205e-09	0.9999999623	9.356996446e-09	
9.846357622e-09	9.236530521e-09	8.444666463e-09	0.9999999631	9.357169061e-09	
9.846366124e-09	9.24996342e-09	8.444673688e-09	0.9999999631	9.357176966e-09	
9.846323189e-09	9.236498539e-09	8.444637457e-09	0.9999999632	9.301946401e-09	
9.846819955e-09	1.000256577e-08	8.445058285e-09	0.9999999624	9.353331502e-09	
9.84632813e-09	9.236503243e-09	8.44464162e-09	0.9999999632	9.30984817e-09	
9.846824897e-09	1.000257086e-08	8.445062447e-09	0.9999999623	9.361276922e-09	
9.846336632e-09	9.249936103e-09	8.444648845e-09	0.9999999631	9.309856036e-09	
9.846833399e-09	1.001711783e-08	8.445069673e-09	0.9999999623	9.361284831e-09	
9.846372915e-09	9.307551373e-09	8.444679853e-09	0.9999999631	9.309890566e-09	
1.054245861e-08	8.978574611e-06	9.092751328e-09	0.9999909918	9.968043512e-09	
9.846790462e-09	1.000253623e-08	8.44503344e-09	0.9999999624	9.306030019e-09	
9.846580884e-09	9.34929873e-09	8.444855399e-09	0.9999999628	9.605896958e-09	
1.077353906e-08	1.219417613e-05	9.31568222e-09	0.9999877754	1.033670706e-08	
9.846555815e-09	9.465242213e-09	8.444834273e-09	0.9999999628	9.447315687e-09	
9.846488631e-09	9.356498628e-09	8.444777715e-09	0.9999999629	9.44725177e-09	
1.062679434e-08	1.017956763e-05	9.113987149e-09	0.9999897903	1.040807415e-08	
1.086201135e-08	1.340867665e-05	9.369968749e-09	0.9999865607	1.042159244e-08	
1.054258201e-08	9.025791392e-06	9.092856271e-09	0.9999909445	1.011511485e-08	
9.846576974e-09	9.499824556e-09	8.444852157e-09	0.9999999628	9.44733595e-09	
9.846577425e-09	9.450035964e-09	8.489399278e-09	0.9999999628	9.44733603e-09	
9.846696898e-09	9.4533668e-09	8.499127825e-09	0.9999999626	9.62924084e-09	
9.846566965e-09	9.483306594e-09	8.44484373e-09	0.9999999628	9.447326305e-09	
9.846593561e-09	9.460766505e-09	8.503244787e-09	0.9999999627	9.447351451e-09	
1.077350628e-08	1.217879421e-05	9.315654342e-09	0.9999877908	1.029637465e-08	
9.8465257e-09	9.453302471e-09	8.444808871e-09	0.9999999628	9.41045341e-09	
9.846458516e-09	9.344696059e-09	8.444752313e-09	0.999999963	9.410389742e-09	
1.062676198e-08	1.016672695e-05	9.113959851e-09	0.9999898032	1.036746324e-08	
1.086197832e-08	1.339176277e-05	9.369940722e-09	0.9999865776	1.038092882e-08	
1.054254989e-08	9.01440609e-06	9.092829023e-09	0.9999909559	1.007564701e-08	
9.846546859e-09	9.487841191e-09	8.444826754e-09	0.9999999628	9.410473593e-09	
9.84654731e-09	9.438115404e-09	8.489373742e-09	0.9999999628	9.410473673e-09	
9.846666783e-09	9.441442039e-09	8.499102259e-09	0.9999999626	9.591668712e-09	
9.846574502e-09	9.471383579e-09	8.499023611e-09	0.9999999628	9.410499177e-09	
9.846580884e-09	9.34929873e-09	8.444855399e-09	0.9999999628	9.605896958e-09	
9.84653685e-09	9.471344065e-09	8.444818327e-09	0.9999999628	9.410463986e-09	
9.846563446e-09	9.448832409e-09	8.503219209e-09	0.9999999628	9.410489034e-09	
1.077347722e-08	1.232982526e-05	9.315629632e-09	0.99998764	1.012639293e-08	
1.077340524e-08	1.218817299e-05	9.31556856e-09	0.9999877816	1.012632585e-08	
1.16807997e-08	0.01716729545	1.01589775e-08	0.9828326717	1.097921288e-08	
1.140121988e-08	0.01162099366	9.914120463e-09	0.9883789743	1.071642547e-08	
1.077350108e-08	1.23100172e-05	9.364790175e-09	0.9999876597	1.012641494e-08	
1.077353036e-08	1.235340794e-05	9.375434724e-09	0.9999876163	1.012644194e-08	
1.077353906e-08	1.219417613e-05	9.31568222e-09	0.9999877754	1.033670706e-08	
1.077348917e-08	1.23533564e-05	9.315639844e-09	0.9999876164	1.012640407e-08	
9.846433447e-09	9.460582462e-09	8.444731187e-09	0.999999963	9.25503605e-09	
1.062673359e-08	1.029280631e-05	9.113935903e-09	0.9999896773	1.019630818e-08	
1.054252187e-08	9.126195448e-06	9.092805261e-09	0.9999908443	9.909309653e-09	
9.84652179e-09	9.605502781e-09	8.444805628e-09	0.9999999628	9.255118517e-09	
1.684000073e-08	9.658409696e-05	1.444270073e-08	0.9999033688	1.582854461e-08	
9.846522241e-09	9.555160329e-09	8.489352504e-09	0.9999999629	9.255118596e-09	
9.846641714e-09	9.558528218e-09	8.499080998e-09	0.9999999627	9.433322333e-09	
9.846549432e-09	9.588841073e-09	8.49900235e-09	0.9999999628	9.255143678e-09	
9.846555815e-09	9.465242213e-09	8.444834273e-09	0.9999999628	9.447315687e-09	
9.846511781e-09	9.588801069e-09	8.444797202e-09	0.9999999629	9.255109068e-09	
9.846538377e-09	9.566010239e-09	8.503197937e-09	0.9999999628	9.255133703e-09	
1.062666233e-08	1.017455627e-05	9.11387594e-09	0.9999897955	1.01962404e-08	
1.086187644e-08	1.340207563e-05	9.369854431e-09	0.9999865675	1.020948357e-08	
1.054245104e-08	9.021348024e-06	9.092745315e-09	0.9999909491	9.909243648e-09	
9.846455057e-09	9.445383699e-09	8.489295648e-09	0.999999963	9.255055979e-09	
9.846574529e-09	9.448712896e-09	8.499024076e-09	0.9999999628	9.43325851e-09	
9.846482248e-09	9.478677494e-09	8.498945428e-09	0.9999999629	9.255081061e-09	
9.846488631e-09	9.356498628e-09	8.444777715e-09	0.9999999629	9.44725177e-09	
9.846444597e-09	9.47863795e-09	8.444740643e-09	0.999999963	9.255046452e-09	
9.846471192e-09	9.456108958e-09	8.503140987e-09	0.9999999629	9.255071086e-09	
1.15544454e-08	0.01437180755	9.967273786e-09	0.9856281598	1.108643761e-08	
1.126753587e-08	0.009719722716	9.718107091e-09	0.9902802455	1.081114916e-08	
1.062675708e-08	1.027627072e-05	9.162032037e-09	0.9999896937	1.019633031e-08	
1.062678604e-08	1.031249292e-05	9.172446185e-09	0.9999896575	1.019635757e-08	
1.062679434e-08	1.017956763e-05	9.113987149e-09	0.9999897903	1.040807415e-08	
1.062674541e-08	1.031244989e-05	9.11394593e-09	0.9999896576	1.019631944e-08	
1.062677437e-08	1.028793933e-05	9.176974447e-09	0.9999896821	1.019634683e-08	
1.148157155e-08	0.01276364957	9.960378032e-09	0.9872363182	1.079195131e-08	
1.086197166e-08	1.360737025e-05	9.369935105e-09	0.9999863622	1.020957245e-08	
1.634244727e-08	0.1203674031	1.409757796e-08	0.8796325511	1.536086678e-08	
1.086197293e-08	1.353605497e-05	9.419362768e-09	0.9999864335	1.020957327e-08	
1.086210468e-08	1.354082593e-05	9.430156975e-09	0.9999864285	1.040615461e-08	
1.086200241e-08	1.358376722e-05	9.430069306e-09	0.9999863857	1.020960045e-08	
1.086201135e-08	1.340867665e-05	9.369968749e-09	0.9999865607	1.042159244e-08	
1.086196088e-08	1.358371055e-05	9.369925977e-09	0.9999863858	1.020956227e-08	
1.651141803e-08	0.08434101227	1.424089333e-08	0.9156589415	1.551968851e-08	
1.054254516e-08	9.111534023e-06	9.140789866e-09	0.9999908589	9.909331136e-09	
1.054267305e-08	9.114745519e-06	9.151264854e-09	0.9999908555	1.010013145e-08	
1.054257394e-08	9.143650746e-06	9.151179906e-09	0.9999908267	9.909357673e-09	
1.054258201e-08	9.025791392e-06	9.092856271e-09	0.9999909445	1.011511485e-08	
1.054253362e-08	9.1436126e-06	9.092815285e-09	0.9999908268	9.909320617e-09	
1.054256233e-08	9.1218801e-06	9.155697645e-09	0.9999908485	9.909347208e-09	
1.684003097e-08	9.693694379e-05	1.444272622e-08	0.9999030159	1.582857297e-08	
9.8465434e-09	9.590071198e-09	8.489370482e-09	0.9999999628	9.255138446e-09	
9.846662873e-09	9.593451393e-09	8.499098996e-09	0.9999999626	9.433342565e-09	
9.846570592e-09	9.623874999e-09	8.499020348e-09	0.9999999628	9.255163528e-09	
9.846576974e-09	9.499824556e-09	8.444852157e-09	0.9999999628	9.44733595e-09	
9.846559536e-09	9.60096075e-09	8.503215944e-09	0.9999999628	9.255153553e-09	
1.68400403e-08	9.642894613e-05	1.451891988e-08	0.9999035239	1.582858115e-08	
1.684024405e-08	9.646293097e-05	1.453555754e-08	0.9999034896	1.613335382e-08	
1.684008108e-08	9.67688132e-05	1.453541859e-08	0.999903184	1.582861867e-08	
1.684001669e-08	9.676840953e-05	1.444271425e-08	0.9999031845	1.582855948e-08	
1.684006605e-08	9.653843089e-05	1.454259745e-08	0.9999034144	1.582860525e-08	
9.846663323e-09	9.543172102e-09	8.543932273e-09	0.9999999626	9.433342645e-09	
9.846571042e-09	9.573436257e-09	8.54385321e-09	0.9999999628	9.255163607e-09	
9.846577425e-09	9.450035964e-09	8.489399278e-09	0.9999999628	9.44733603e-09	
9.84653339e-09	9.573396318e-09	8.489362011e-09	0.9999999628	9.255128997e-09	
9.846559986e-09	9.550642103e-09	8.548070938e-09	0.9999999628	9.255153632e-09	
9.846690516e-09	9.576810589e-09	8.553644159e-09	0.9999999626	9.433368211e-09	
9.846696898e-09	9.4533668e-09	8.499127825e-09	0.9999999626	9.62924084e-09	
9.846652863e-09	9.576770635e-09	8.499090515e-09	0.9999999626	9.433332934e-09	
9.846560582e-09	9.607141341e-09	8.499011867e-09	0.9999999628	9.255154079e-09	
9.846587178e-09	9.58430692e-09	8.557787528e-09	0.9999999628	9.255178714e-09	
9.846566965e-09	9.483306594e-09	8.44484373e-09	0.9999999628	9.447326305e-09	
9.846593561e-09	9.460766505e-09	8.503244787e-09	0.9999999627	9.447351451e-09	
9.846549526e-09	9.584266936e-09	8.503207459e-09	0.9999999628	9.255144104e-09	
