6.25648591e-09	5.639268058e-09	0.9999999793	3.024813506e-09	5.774141446e-09	
6.256545116e-09	5.639324624e-09	0.9999999793	3.071738321e-09	5.774195137e-09	
6.25648591e-09	5.639268057e-09	0.9999999793	3.024813266e-09	5.774141446e-09	
6.256485907e-09	5.639268055e-09	0.9999999793	3.024812532e-09	5.774141444e-09	
6.25648591e-09	5.639268058e-09	0.9999999793	3.024813329e-09	5.774141446e-09	
6.256485908e-09	5.639268056e-09	0.9999999793	3.024812558e-09	5.774141444e-09	
6.256485908e-09	5.639268056e-09	0.9999999793	3.024812568e-09	5.774141444e-09	
6.256485911e-09	5.639268058e-09	0.9999999793	3.024813638e-09	5.774141447e-09	
6.256519227e-09	5.639300604e-09	0.9999999793	3.049216139e-09	5.774171449e-09	
6.25648591e-09	5.639268058e-09	0.9999999793	3.024813356e-09	5.774141446e-09	
6.25648591e-09	5.639268058e-09	0.9999999793	3.024813433e-09	5.774141446e-09	
6.256525007e-09	5.639306233e-09	0.9999999793	3.053508121e-09	5.774176658e-09	
6.256545116e-09	5.639324625e-09	0.9999999793	3.071738473e-09	5.774195137e-09	
6.25648591e-09	5.639268058e-09	0.9999999793	3.024813416e-09	5.774141446e-09	
6.256485908e-09	5.639268056e-09	0.9999999793	3.024812682e-09	5.774141444e-09	
6.25648591e-09	5.639268058e-09	0.9999999793	3.024813479e-09	5.774141446e-09	
6.256485908e-09	5.639268056e-09	0.9999999793	3.024812718e-09	5.774141444e-09	
6.25648591e-09	5.639268058e-09	0.9999999793	3.024813506e-09	5.774141446e-09	
6.256485908e-09	5.639268056e-09	0.9999999793	3.024812704e-09	5.774141444e-09	
6.256485911e-09	5.639268058e-09	0.9999999793	3.024813583e-09	5.774141446e-09	
6.256525007e-09	5.639306233e-09	0.9999999793	3.053508273e-09	5.774176659e-09	
6.256545116e-09	5.639324624e-09	0.9999999793	3.071738229e-09	5.774195137e-09	
6.256545116e-09	5.639324624e-09	0.9999999793	3.071738293e-09	5.774195137e-09	
1.559836001e-08	1.824305737e-08	0.9999351882	6.476380809e-05	1.417013633e-08	
6.256545116e-09	5.639324625e-09	0.9999999793	3.071738493e-09	5.774195137e-09	
6.256545117e-09	5.639324625e-09	0.9999999793	3.071738607e-09	5.774195138e-09	
6.256578434e-09	5.639357171e-09	0.9999999792	3.096519673e-09	5.774225141e-09	
6.256545116e-09	5.639324624e-09	0.9999999793	3.071738321e-09	5.774195137e-09	
6.256545116e-09	5.639324625e-09	0.9999999793	3.071738399e-09	5.774195137e-09	
6.256584213e-09	5.6393628e-09	0.9999999792	3.100878238e-09	5.77423035e-09	
6.256485907e-09	5.639268055e-09	0.9999999793	3.024812441e-09	5.774141443e-09	
6.25648591e-09	5.639268057e-09	0.9999999793	3.024813238e-09	5.774141445e-09	
6.256485907e-09	5.639268055e-09	0.9999999793	3.024812467e-09	5.774141443e-09	
6.25648591e-09	5.639268058e-09	0.9999999793	3.024813435e-09	5.774141446e-09	
6.256485907e-09	5.639268055e-09	0.9999999793	3.024812478e-09	5.774141444e-09	
6.256485911e-09	5.639268058e-09	0.9999999793	3.024813548e-09	5.774141446e-09	
6.256519227e-09	5.639300604e-09	0.9999999793	3.049216048e-09	5.774171449e-09	
6.25648591e-09	5.639268057e-09	0.9999999793	3.024813266e-09	5.774141446e-09	
6.256485907e-09	5.639268055e-09	0.9999999793	3.024812463e-09	5.774141443e-09	
6.25648591e-09	5.639268058e-09	0.9999999793	3.024813343e-09	5.774141446e-09	
6.256485907e-09	5.639268055e-09	0.9999999793	3.024812504e-09	5.774141444e-09	
6.256485905e-09	5.639268053e-09	0.9999999793	3.024811733e-09	5.774141442e-09	
6.256485908e-09	5.639268056e-09	0.9999999793	3.024812701e-09	5.774141444e-09	
6.256519225e-09	5.639300602e-09	0.9999999793	3.049215308e-09	5.774171447e-09	
6.256485907e-09	5.639268055e-09	0.9999999793	3.024812532e-09	5.774141444e-09	
6.256485905e-09	5.639268053e-09	0.9999999793	3.024811729e-09	5.774141442e-09	
6.256485907e-09	5.639268055e-09	0.9999999793	3.02481253e-09	5.774141444e-09	
6.25648591e-09	5.639268058e-09	0.9999999793	3.024813498e-09	5.774141446e-09	
6.256485911e-09	5.639268058e-09	0.9999999793	3.02481361e-09	5.774141446e-09	
6.256519227e-09	5.639300604e-09	0.9999999793	3.049216112e-09	5.774171449e-09	
6.25648591e-09	5.639268058e-09	0.9999999793	3.024813329e-09	5.774141446e-09	
6.256485907e-09	5.639268055e-09	0.9999999793	3.024812526e-09	5.774141444e-09	
6.25648591e-09	5.639268058e-09	0.9999999793	3.024813406e-09	5.774141446e-09	
6.256485908e-09	5.639268056e-09	0.9999999793	3.024812727e-09	5.774141444e-09	
6.256485905e-09	5.639268054e-09	0.9999999793	3.02481177e-09	5.774141442e-09	
6.256485908e-09	5.639268056e-09	0.9999999793	3.02481284e-09	5.774141444e-09	
6.256519225e-09	5.639300602e-09	0.9999999793	3.049215335e-09	5.774171447e-09	
6.256485908e-09	5.639268056e-09	0.9999999793	3.024812558e-09	5.774141444e-09	
6.256485905e-09	5.639268054e-09	0.9999999793	3.024811755e-09	5.774141442e-09	
6.256525004e-09	5.639306231e-09	0.9999999793	3.053507315e-09	5.774176656e-09	
1.559830287e-08	1.824298833e-08	0.999935663	6.428898624e-05	1.417008493e-08	
1.559831587e-08	1.824300489e-08	0.9999355725	6.437947159e-05	1.417009643e-08	
1.032872555e-07	0.00144160576	0.05545889321	0.9430993053	9.249051327e-08	
1.952995205e-08	3.349238735e-05	0.08249567273	0.9174707983	1.704558991e-08	
4.766575954e-05	9.340957419e-05	0.7973351974	0.2025237047	2.259032195e-08	
1.914577706e-08	2.665759895e-05	0.04399059527	0.9559827113	1.67179067e-08	
1.752430037e-08	2.073215611e-08	0.06245754305	0.9375424035	1.521027502e-08	
1.157317175e-05	9.388920831e-08	0.000106674524	0.9998816421	1.633416345e-08	
1.741843251e-08	2.075227962e-08	0.08340955674	0.9165903899	1.51887994e-08	
1.680278475e-08	2.003449369e-08	0.0004258015558	0.9995741464	1.522838937e-08	
6.256485908e-09	5.639268056e-09	0.9999999793	3.024812737e-09	5.774141444e-09	
6.256519228e-09	5.639300605e-09	0.9999999793	3.04921631e-09	5.77417145e-09	
6.256485908e-09	5.639268056e-09	0.9999999793	3.024812723e-09	5.774141444e-09	
6.256485911e-09	5.639268058e-09	0.9999999793	3.024813602e-09	5.774141446e-09	
6.256525007e-09	5.639306233e-09	0.9999999793	3.053508292e-09	5.774176659e-09	
6.256519225e-09	5.639300602e-09	0.9999999793	3.049215345e-09	5.774171447e-09	
6.256485908e-09	5.639268056e-09	0.9999999793	3.024812568e-09	5.774141444e-09	
6.256485905e-09	5.639268054e-09	0.9999999793	3.024811766e-09	5.774141442e-09	
6.256525004e-09	5.639306231e-09	0.9999999793	3.053507326e-09	5.774176656e-09	
6.256519228e-09	5.639300605e-09	0.9999999793	3.049216424e-09	5.77417145e-09	
6.256485908e-09	5.639268056e-09	0.9999999793	3.024812836e-09	5.774141444e-09	
6.256485911e-09	5.639268059e-09	0.9999999793	3.024813715e-09	5.774141447e-09	
6.256525007e-09	5.639306234e-09	0.9999999793	3.053508406e-09	5.774176659e-09	
6.256519227e-09	5.639300604e-09	0.9999999793	3.049216139e-09	5.774171449e-09	
6.256519225e-09	5.639300602e-09	0.9999999793	3.049215331e-09	5.774171447e-09	
6.256519228e-09	5.639300605e-09	0.9999999793	3.049216217e-09	5.774171449e-09	
6.256558324e-09	5.63933878e-09	0.9999999793	3.0781424e-09	5.774206662e-09	
6.256485908e-09	5.639268056e-09	0.9999999793	3.024812554e-09	5.774141444e-09	
6.25648591e-09	5.639268058e-09	0.9999999793	3.024813433e-09	5.774141446e-09	
6.256525007e-09	5.639306233e-09	0.9999999793	3.053508121e-09	5.774176658e-09	
6.256485908e-09	5.639268056e-09	0.9999999793	3.024812631e-09	5.774141444e-09	
6.256525004e-09	5.639306231e-09	0.9999999793	3.053507311e-09	5.774176656e-09	
6.256525007e-09	5.639306233e-09	0.9999999793	3.053508199e-09	5.774176659e-09	
5.202041155e-09	0.9999999836	3.901498581e-09	2.527716115e-09	4.800990594e-09	
5.202044408e-09	0.9999999836	3.901951473e-09	2.529777117e-09	4.800993482e-09	
5.20206572e-09	0.9999999835	3.905095417e-09	2.543562399e-09	4.801012713e-09	
5.202044629e-09	0.9999999836	3.901981681e-09	2.529914683e-09	4.800993675e-09	
5.202044408e-09	0.9999999836	3.901951473e-09	2.529777117e-09	4.800993482e-09	
5.202044824e-09	0.9999999836	3.902016099e-09	2.530071821e-09	4.800993894e-09	
5.262631466e-09	0.999999983	4.06089845e-09	2.831101467e-09	4.801490275e-09	
5.202044408e-09	0.9999999836	3.901951473e-09	2.529777117e-09	4.800993482e-09	
5.202063735e-09	0.9999999835	3.904833374e-09	2.542313694e-09	4.801010973e-09	
5.202041155e-09	0.9999999836	3.901498577e-09	2.527716111e-09	4.800990594e-09	
5.202041098e-09	0.9999999836	3.901498475e-09	2.527716009e-09	4.800990593e-09	
5.202726945e-09	0.9999999834	3.914036842e-09	2.639053547e-09	4.801134545e-09	
5.202060946e-09	0.9999999836	3.904415667e-09	2.540478161e-09	4.801008418e-09	
5.202044824e-09	0.9999999836	3.902016099e-09	2.53007182e-09	4.800993894e-09	
5.202062862e-09	0.9999999836	3.904671369e-09	2.541685864e-09	4.801010102e-09	
1.15805894e-08	0.9999562874	1.843887401e-06	4.184664606e-05	1.047896248e-08	
5.202024617e-09	0.9999999836	3.899036228e-09	2.517068827e-09	4.800975658e-09	
5.20204593e-09	0.9999999836	3.902177823e-09	2.530784859e-09	4.800994889e-09	
5.202024838e-09	0.9999999836	3.899066414e-09	2.517205703e-09	4.800975851e-09	
5.202024617e-09	0.9999999836	3.899036228e-09	2.517068827e-09	4.800975658e-09	
5.262611445e-09	0.9999999831	4.057864452e-09	2.81687948e-09	4.801472449e-09	
5.202024617e-09	0.9999999836	3.899036228e-09	2.517068827e-09	4.800975658e-09	
5.202043944e-09	0.9999999836	3.901915977e-09	2.529542427e-09	4.800993149e-09	
5.202021364e-09	0.9999999836	3.898583671e-09	2.515018175e-09	4.80097277e-09	
5.202021307e-09	0.9999999836	3.898583569e-09	2.515018074e-09	4.800972769e-09	
5.202707152e-09	0.9999999835	3.911112568e-09	2.625796309e-09	4.801116721e-09	
5.202041155e-09	0.9999999836	3.901498581e-09	2.527716115e-09	4.800990594e-09	
5.202025034e-09	0.9999999836	3.899100806e-09	2.51736205e-09	4.800976071e-09	
5.202043071e-09	0.9999999836	3.901754092e-09	2.528917751e-09	4.800992278e-09	
5.202049182e-09	0.9999999836	3.902630793e-09	2.532848364e-09	4.800997777e-09	
6.365838658e-09	0.9999925254	5.836269381e-07	6.878862778e-06	5.791191654e-09	
5.202028091e-09	0.9999999836	3.899519023e-09	2.519258135e-09	4.800978739e-09	
5.20202787e-09	0.9999999836	3.899488834e-09	2.519121148e-09	4.800978546e-09	
5.202028286e-09	0.9999999836	3.899553419e-09	2.519414611e-09	4.800978959e-09	
5.262614735e-09	0.9999999831	4.058335495e-09	2.819176254e-09	4.801475338e-09	
5.20202787e-09	0.9999999836	3.899488834e-09	2.519121148e-09	4.800978546e-09	
5.202047197e-09	0.9999999836	3.902368916e-09	2.531604918e-09	4.800996037e-09	
5.202024617e-09	0.9999999836	3.899036224e-09	2.517068824e-09	4.800975658e-09	
5.20202456e-09	0.9999999836	3.899036122e-09	2.517068722e-09	4.800975658e-09	
5.202710405e-09	0.9999999835	3.911566575e-09	2.627937282e-09	4.801119609e-09	
5.202044408e-09	0.9999999836	3.901951473e-09	2.529777117e-09	4.800993482e-09	
5.202028286e-09	0.9999999836	3.899553419e-09	2.51941461e-09	4.800978959e-09	
5.202046324e-09	0.9999999836	3.902207013e-09	2.530979733e-09	4.800995166e-09	
6.365864497e-09	0.9999924874	5.840971653e-07	6.91634687e-06	5.791214632e-09	
5.202049403e-09	0.9999999836	3.902661006e-09	2.532986097e-09	4.80099797e-09	
5.202049182e-09	0.9999999836	3.902630793e-09	2.532848364e-09	4.800997777e-09	
5.202049599e-09	0.9999999836	3.902695431e-09	2.533143425e-09	4.80099819e-09	
5.202049182e-09	0.9999999836	3.902630793e-09	2.532848364e-09	4.800997777e-09	
5.20206851e-09	0.9999999835	3.905513197e-09	2.54540016e-09	4.801015268e-09	
5.20204593e-09	0.9999999836	3.902177819e-09	2.530784856e-09	4.800994889e-09	
5.202045873e-09	0.9999999836	3.902177716e-09	2.530784754e-09	4.800994889e-09	
5.20206572e-09	0.9999999835	3.905095417e-09	2.543562399e-09	4.801012713e-09	
5.202049599e-09	0.9999999836	3.90269543e-09	2.533143424e-09	4.80099819e-09	
5.202067637e-09	0.9999999835	3.905351163e-09	2.544771568e-09	4.801014397e-09	
1.158059944e-08	0.9999562363	1.844208323e-06	4.189744736e-05	1.047897131e-08	
6.365838926e-09	0.999992525	5.836314562e-07	6.879236839e-06	5.791191885e-09	
6.365838658e-09	0.9999925254	5.836269381e-07	6.878862778e-06	5.791191654e-09	
6.365839162e-09	0.9999925245	5.836366039e-07	6.879664118e-06	5.791192147e-09	
6.365838658e-09	0.9999925254	5.836269381e-07	6.878862778e-06	5.791191654e-09	
6.366671989e-09	0.9999922264	5.854344091e-07	7.176000472e-06	5.791360081e-09	
6.365839162e-09	0.9999925245	5.836366039e-07	6.879664116e-06	5.791192147e-09	
6.365861032e-09	0.9999924926	5.840337422e-07	6.911244311e-06	5.791211512e-09	
6.347745559e-08	0.0007648529199	5.818124174e-06	0.9992292075	5.795739876e-08	
5.129284513e-05	0.9244785255	0.01791806651	0.05755209082	2.434387842e-08	
5.202028091e-09	0.9999999836	3.899519023e-09	2.519258135e-09	4.800978739e-09	
5.202028507e-09	0.9999999836	3.899583609e-09	2.519551613e-09	4.800979152e-09	
5.262614959e-09	0.9999999831	4.058366913e-09	2.819329558e-09	4.80147553e-09	
5.202028091e-09	0.9999999836	3.899519023e-09	2.519258135e-09	4.800978739e-09	
5.202047418e-09	0.9999999836	3.902399128e-09	2.531742584e-09	4.80099623e-09	
5.202024838e-09	0.9999999836	3.899066409e-09	2.517205699e-09	4.800975851e-09	
5.202024781e-09	0.9999999836	3.899066307e-09	2.517205598e-09	4.80097585e-09	
5.202710626e-09	0.9999999835	3.911596858e-09	2.628080186e-09	4.801119802e-09	
5.202044629e-09	0.9999999836	3.901981681e-09	2.529914683e-09	4.800993675e-09	
5.202046545e-09	0.9999999836	3.902237223e-09	2.531117365e-09	4.800995359e-09	
5.202028286e-09	0.9999999836	3.899553419e-09	2.519414611e-09	4.800978959e-09	
5.262614735e-09	0.9999999831	4.058335495e-09	2.819176254e-09	4.801475338e-09	
5.20202787e-09	0.9999999836	3.899488834e-09	2.519121148e-09	4.800978546e-09	
5.202047197e-09	0.9999999836	3.902368916e-09	2.531604918e-09	4.800996037e-09	
5.202024617e-09	0.9999999836	3.899036224e-09	2.517068824e-09	4.800975658e-09	
5.20202456e-09	0.9999999836	3.899036122e-09	2.517068722e-09	4.800975658e-09	
5.202710405e-09	0.9999999835	3.911566575e-09	2.627937282e-09	4.801119609e-09	
5.202044408e-09	0.9999999836	3.901951473e-09	2.529777117e-09	4.800993482e-09	
5.202028286e-09	0.9999999836	3.899553419e-09	2.51941461e-09	4.800978959e-09	
5.202046324e-09	0.9999999836	3.902207013e-09	2.530979733e-09	4.800995166e-09	
5.202028286e-09	0.9999999836	3.899553419e-09	2.519414611e-09	4.800978959e-09	
5.202047613e-09	0.9999999836	3.90243355e-09	2.531899835e-09	4.80099645e-09	
5.202025034e-09	0.9999999836	3.899100802e-09	2.517362047e-09	4.800976071e-09	
5.202024977e-09	0.9999999836	3.8991007e-09	2.517361946e-09	4.80097607e-09	
5.202710821e-09	0.9999999835	3.911631361e-09	2.628243421e-09	4.801120022e-09	
5.202044824e-09	0.9999999836	3.902016099e-09	2.530071821e-09	4.800993894e-09	
5.202028703e-09	0.9999999836	3.899618005e-09	2.519708106e-09	4.800979371e-09	
5.20204674e-09	0.9999999836	3.902271644e-09	2.531274577e-09	4.800995579e-09	
5.262614735e-09	0.9999999831	4.058335495e-09	2.819176254e-09	4.801475338e-09	
5.262611445e-09	0.9999999831	4.057864448e-09	2.816879476e-09	4.801472449e-09	
5.263305219e-09	0.9999999829	4.070905226e-09	2.94095359e-09	4.801616415e-09	
5.262631466e-09	0.999999983	4.06089845e-09	2.831101467e-09	4.801490275e-09	
5.262633404e-09	0.999999983	4.0611644e-09	2.832447327e-09	4.801491959e-09	
5.239450242e-08	0.9996387916	3.887606644e-05	0.0003222340258	4.592767621e-08	
4.585779214e-05	0.9997938669	0.0001347454669	2.550804007e-05	2.182764777e-08	
6.452751182e-08	0.9995520257	2.604344095e-05	0.0004218097007	5.658895988e-08	
5.202047197e-09	0.9999999836	3.902368916e-09	2.531604918e-09	4.800996037e-09	
5.202024617e-09	0.9999999836	3.899036224e-09	2.517068824e-09	4.800975658e-09	
5.20202456e-09	0.9999999836	3.899036122e-09	2.517068722e-09	4.800975658e-09	
5.202710405e-09	0.9999999835	3.911566575e-09	2.627937282e-09	4.801119609e-09	
5.202044408e-09	0.9999999836	3.901951473e-09	2.529777117e-09	4.800993482e-09	
5.202028286e-09	0.9999999836	3.899553419e-09	2.51941461e-09	4.800978959e-09	
5.202046324e-09	0.9999999836	3.902207013e-09	2.530979733e-09	4.800995166e-09	
5.202043887e-09	0.9999999836	3.90191587e-09	2.529542322e-09	4.800993149e-09	
5.202729734e-09	0.9999999834	3.914455578e-09	2.640960302e-09	4.801137101e-09	
5.202063735e-09	0.9999999835	3.904833374e-09	2.542313694e-09	4.801010973e-09	
5.202047613e-09	0.9999999836	3.902433549e-09	2.531899834e-09	4.80099645e-09	
5.202065651e-09	0.9999999835	3.905089103e-09	2.543522269e-09	4.801012657e-09	
1.158059526e-08	0.999956257	1.84408461e-06	4.187687961e-05	1.047896773e-08	
5.202021307e-09	0.9999999836	3.898583564e-09	2.51501807e-09	4.800972769e-09	
5.202707152e-09	0.9999999835	3.911112564e-09	2.625796305e-09	4.801116721e-09	
5.202041155e-09	0.9999999836	3.901498577e-09	2.527716111e-09	4.800990594e-09	
5.202025034e-09	0.9999999836	3.899100801e-09	2.517362046e-09	4.800976071e-09	
5.202043071e-09	0.9999999836	3.901754088e-09	2.528917747e-09	4.800992278e-09	
5.202707095e-09	0.9999999835	3.911112461e-09	2.6257962e-09	4.80111672e-09	
5.202041098e-09	0.9999999836	3.901498475e-09	2.527716009e-09	4.800990593e-09	
5.202024977e-09	0.9999999836	3.899100699e-09	2.517361945e-09	4.80097607e-09	
5.202043014e-09	0.9999999836	3.901753986e-09	2.528917646e-09	4.800992277e-09	
5.202726945e-09	0.9999999834	3.914036842e-09	2.639053547e-09	4.801134545e-09	
5.202710821e-09	0.9999999835	3.91163136e-09	2.62824342e-09	4.801120022e-09	
5.202728861e-09	0.9999999834	3.914293174e-09	2.640308111e-09	4.801136229e-09	
1.13726579e-07	0.9996588328	1.556233091e-05	0.0003254428548	4.82734128e-08	
1.158205316e-08	0.9999546592	1.848428058e-06	4.347030476e-05	1.047922071e-08	
5.202044824e-09	0.9999999836	3.902016099e-09	2.53007182e-09	4.800993894e-09	
5.202062862e-09	0.9999999836	3.904671369e-09	2.541685864e-09	4.801010102e-09	
1.15805894e-08	0.9999562874	1.843887401e-06	4.184664606e-05	1.047896248e-08	
5.20204674e-09	0.9999999836	3.902271643e-09	2.531274576e-09	4.800995579e-09	
1.158059344e-08	0.9999562674	1.844008121e-06	4.186653846e-05	1.047896594e-08	
5.080669488e-09	4.579447568e-09	3.807631106e-09	2.574225222e-09	0.999999984	
5.080728746e-09	4.579500203e-09	3.807673233e-09	2.620666476e-09	0.9999999839	
5.080639384e-09	4.579421379e-09	3.807610134e-09	2.551530592e-09	0.999999984	
5.080663434e-09	4.5794423e-09	3.807626887e-09	2.56964343e-09	0.999999984	
1.026389273e-08	9.249257309e-09	7.719759639e-09	3.725194022e-05	0.9999627208	
5.080738917e-09	4.579509179e-09	3.807680425e-09	2.628660172e-09	0.9999999839	
5.080663434e-09	4.5794423e-09	3.807626887e-09	2.56964343e-09	0.999999984	
5.080666123e-09	4.57944464e-09	3.807628761e-09	2.571677099e-09	0.999999984	
2.406230849e-08	2.16884625e-08	1.803304752e-08	0.000138505343	0.9998614309	
5.080631282e-09	4.579414162e-09	3.807604316e-09	2.545266672e-09	0.999999984	
5.080541922e-09	4.57933534e-09	3.807541219e-09	2.478119912e-09	0.9999999841	
5.080565971e-09	4.579356261e-09	3.807557971e-09	2.495711622e-09	0.999999984	
1.026370683e-08	9.249093446e-09	7.719628188e-09	3.618019477e-05	0.9999637926	
5.080541922e-09	4.57933534e-09	3.807541218e-09	2.478119899e-09	0.9999999841	
5.080641452e-09	4.579423138e-09	3.807611508e-09	2.553030379e-09	0.999999984	
5.080565971e-09	4.579356261e-09	3.807557971e-09	2.495711622e-09	0.999999984	
5.080601178e-09	4.579387973e-09	3.807583344e-09	2.522827344e-09	0.999999984	
5.080625227e-09	4.579408894e-09	3.807600096e-09	2.540736423e-09	0.999999984	
5.080601178e-09	4.579387973e-09	3.807583344e-09	2.522827334e-09	0.999999984	
5.080601178e-09	4.579387973e-09	3.807583344e-09	2.522827331e-09	0.999999984	
5.080700709e-09	4.579475772e-09	3.807653634e-09	2.59908926e-09	0.9999999839	
5.080625227e-09	4.579408894e-09	3.807600096e-09	2.540736423e-09	0.999999984	
5.080627916e-09	4.579411234e-09	3.80760197e-09	2.542747214e-09	0.999999984	
2.406216503e-08	2.168833808e-08	1.803294874e-08	0.0001369474511	0.9998629888	
5.080535868e-09	4.579330072e-09	3.807536999e-09	2.473709176e-09	0.9999999841	
5.080511819e-09	4.579309152e-09	3.807520247e-09	2.456272548e-09	0.9999999841	
5.080511819e-09	4.579309152e-09	3.807520247e-09	2.456272544e-09	0.9999999841	
5.080535868e-09	4.579330072e-09	3.807536999e-09	2.473709176e-09	0.9999999841	
5.080538556e-09	4.579332412e-09	3.807538873e-09	2.47566692e-09	0.9999999841	
5.080535868e-09	4.579330072e-09	3.807536999e-09	2.473709167e-09	0.9999999841	
1.026369526e-08	9.249083401e-09	7.71962013e-09	3.611580098e-05	0.999963857	
5.080535868e-09	4.579330072e-09	3.807536999e-09	2.473709163e-09	0.9999999841	
5.080635398e-09	4.57941787e-09	3.807607288e-09	2.548486312e-09	0.999999984	
5.080559917e-09	4.579350993e-09	3.807553751e-09	2.491269574e-09	0.999999984	
5.080562606e-09	4.579353333e-09	3.807555625e-09	2.493241217e-09	0.999999984	
5.080511818e-09	4.579309151e-09	3.807520247e-09	2.456272535e-09	0.9999999841	
5.080611348e-09	4.579396949e-09	3.807590536e-09	2.530522596e-09	0.999999984	
5.080535868e-09	4.579330072e-09	3.807536999e-09	2.473709167e-09	0.9999999841	
5.080538556e-09	4.579332412e-09	3.807538873e-09	2.475666911e-09	0.9999999841	
1.026369526e-08	9.249083401e-09	7.71962013e-09	3.611580098e-05	0.999963857	
1.02637004e-08	9.249087862e-09	7.719623708e-09	3.614438274e-05	0.9999638284	
3.485643974e-08	2.010035641e-08	1.57336758e-05	0.9998402504	0.0001439609957	
3.58511679e-08	1.97264037e-08	1.189795019e-05	0.9998471023	0.000140944215	
5.046752184e-08	3.037343432e-05	6.909490559e-06	0.9998077992	0.0001548674068	
1.354209455e-05	8.464973171e-08	2.138734345e-08	0.9998459897	0.0001403621462	
4.564428721e-06	2.036279951e-08	9.820747762e-06	0.9998427347	0.0001428597413	
5.080611348e-09	4.579396949e-09	3.807590536e-09	2.530522592e-09	0.999999984	
5.080535868e-09	4.579330072e-09	3.807536999e-09	2.473709163e-09	0.9999999841	
5.080538556e-09	4.579332412e-09	3.807538873e-09	2.475666908e-09	0.9999999841	
5.080635398e-09	4.57941787e-09	3.807607288e-09	2.548486312e-09	0.999999984	
5.080638087e-09	4.57942021e-09	3.807609162e-09	2.550503236e-09	0.999999984	
2.406220315e-08	2.168837153e-08	1.803297527e-08	0.0001373651181	0.9998625711	
5.080562606e-09	4.579353333e-09	3.807555625e-09	2.493241217e-09	0.999999984	
1.237656419e-08	1.113771732e-08	9.260540828e-09	0.9999646226	3.534460481e-05	
1.237656419e-08	1.113771911e-08	9.260540832e-09	0.9999646226	3.53446048e-05	
1.237822197e-08	1.113772298e-08	9.260544051e-09	0.9999646071	3.536010543e-05	
1.237822194e-08	1.113772295e-08	9.260544034e-09	0.9999646071	3.536010543e-05	
1.237822193e-08	1.113772102e-08	9.260544029e-09	0.9999646071	3.536010516e-05	
1.237514374e-08	1.113771584e-08	9.260538105e-09	0.9999646359	3.533133293e-05	
1.235675401e-08	1.113770705e-08	9.260528617e-09	0.9999646227	3.534457185e-05	
1.237514374e-08	1.113771584e-08	9.260538105e-09	0.9999646359	3.533133293e-05	
1.235675702e-08	1.113770986e-08	9.260530782e-09	0.9999646072	3.536006941e-05	
1.237690536e-08	1.115959296e-08	9.270889833e-09	0.999964607	3.536016803e-05	
1.237743006e-08	1.249703309e-08	9.274635892e-09	0.9999646188	3.534705676e-05	
9.7295702e-09	8.741680625e-09	7.268351782e-09	0.9999999652	9.044933656e-09	
9.730873578e-09	8.741683801e-09	7.268354421e-09	0.9999999652	9.048900517e-09	
9.730873552e-09	8.741683777e-09	7.268354407e-09	0.9999999652	9.048900517e-09	
9.730873551e-09	8.741682263e-09	7.268354404e-09	0.9999999652	9.048900447e-09	
9.728453417e-09	8.741677945e-09	7.268349545e-09	0.9999999652	9.041537171e-09	
7.486340542e-06	1.023951422e-08	1.022896811e-08	0.9999924837	9.512023697e-09	
9.713966719e-09	8.741644651e-09	7.268320433e-09	0.9999999653	8.997684266e-09	
9.713996851e-09	8.741671166e-09	7.268342194e-09	0.9999999652	9.044925224e-09	
9.728453417e-09	8.741677945e-09	7.268349545e-09	0.9999999652	9.041537171e-09	
9.71399937e-09	8.741673504e-09	7.268344006e-09	0.9999999652	9.0488913e-09	
9.729838551e-09	8.758848931e-09	7.276474551e-09	0.9999999652	9.048916537e-09	
9.73084079e-09	8.741654781e-09	7.268330832e-09	0.9999999653	8.997693311e-09	
9.730873579e-09	8.741685199e-09	7.268354425e-09	0.9999999652	9.048900514e-09	
9.730873553e-09	8.741685175e-09	7.268354411e-09	0.9999999652	9.048900514e-09	
9.730873552e-09	8.74168366e-09	7.268354407e-09	0.9999999652	9.048900444e-09	
9.728453418e-09	8.741679343e-09	7.268349548e-09	0.9999999652	9.041537168e-09	
7.486340543e-06	1.023951586e-08	1.022896812e-08	0.9999924837	9.512023694e-09	
9.71396672e-09	8.741646049e-09	7.268320437e-09	0.9999999653	8.997684262e-09	
9.713996852e-09	8.741672564e-09	7.268342198e-09	0.9999999652	9.044925221e-09	
9.728453418e-09	8.741679343e-09	7.268349548e-09	0.9999999652	9.041537168e-09	
9.713999371e-09	8.741674902e-09	7.26834401e-09	0.9999999652	9.048891296e-09	
9.730840791e-09	8.741656179e-09	7.268330835e-09	0.9999999653	8.997693308e-09	
9.730250912e-09	9.808569309e-09	7.279414642e-09	0.9999999641	9.045561152e-09	
9.732177106e-09	8.741688351e-09	7.26835705e-09	0.9999999652	9.052869115e-09	
9.729756646e-09	8.741682519e-09	7.268352188e-09	0.9999999652	9.04550254e-09	
7.487343409e-06	1.023951957e-08	1.022897182e-08	0.9999924827	9.516195399e-09	
9.715298144e-09	8.74167574e-09	7.268344837e-09	0.9999999652	9.048892079e-09	
9.729756646e-09	8.741682519e-09	7.268352188e-09	0.9999999652	9.04550254e-09	
9.715300663e-09	8.741678079e-09	7.268346649e-09	0.9999999652	9.052859894e-09	
9.731141966e-09	8.758853514e-09	7.276477196e-09	0.9999999652	9.052885142e-09	
9.73214434e-09	8.741659355e-09	7.268333475e-09	0.9999999653	9.001639451e-09	
9.731554381e-09	9.808572873e-09	7.279417285e-09	0.9999999641	9.049528289e-09	
9.732177079e-09	8.741686812e-09	7.268357033e-09	0.9999999652	9.052869045e-09	
9.72975662e-09	8.741682495e-09	7.268352174e-09	0.9999999652	9.04550254e-09	
7.487343389e-06	1.023951954e-08	1.02289718e-08	0.9999924827	9.516195399e-09	
9.715267982e-09	8.741649201e-09	7.268323062e-09	0.9999999653	9.001630402e-09	
9.715298118e-09	8.741675716e-09	7.268344823e-09	0.9999999652	9.048892079e-09	
9.72975662e-09	8.741682495e-09	7.268352174e-09	0.9999999652	9.04550254e-09	
9.715300637e-09	8.741678054e-09	7.268346635e-09	0.9999999652	9.052859894e-09	
9.731554355e-09	9.808572846e-09	7.279417272e-09	0.9999999641	9.049528289e-09	
9.729756619e-09	8.741680981e-09	7.26835217e-09	0.9999999652	9.04550247e-09	
7.487343388e-06	1.023951776e-08	1.02289718e-08	0.9999924827	9.516195325e-09	
9.715267981e-09	8.741647687e-09	7.268323058e-09	0.9999999653	9.001630332e-09	
9.715298117e-09	8.741674201e-09	7.268344819e-09	0.9999999652	9.048892009e-09	
9.729756619e-09	8.741680981e-09	7.26835217e-09	0.9999999652	9.04550247e-09	
9.715300636e-09	8.74167654e-09	7.268346631e-09	0.9999999652	9.052859824e-09	
9.731141939e-09	8.758851973e-09	7.276477179e-09	0.9999999652	9.052885072e-09	
9.732144312e-09	8.741657817e-09	7.268333457e-09	0.9999999653	9.001639381e-09	
7.485481249e-06	1.023951273e-08	1.022896498e-08	0.9999924845	9.508451819e-09	
9.712851728e-09	8.741643369e-09	7.2683182e-09	0.9999999653	8.994305521e-09	
9.712881856e-09	8.741669884e-09	7.268339961e-09	0.9999999652	9.04152874e-09	
9.727336763e-09	8.741676663e-09	7.268347311e-09	0.9999999652	9.038141959e-09	
9.712884375e-09	8.741672223e-09	7.268341772e-09	0.9999999652	9.045493326e-09	
9.728721738e-09	8.758847647e-09	7.276472314e-09	0.9999999652	9.045518554e-09	
9.729723862e-09	8.7416535e-09	7.268328598e-09	0.9999999653	8.994314563e-09	
9.72913405e-09	9.808566303e-09	7.279412402e-09	0.9999999641	9.042164432e-09	
7.485481249e-06	1.023951273e-08	1.022896498e-08	0.9999924845	9.508451819e-09	
7.487318181e-06	1.023948557e-08	1.022893862e-08	0.9999924828	9.462343798e-09	
7.486864305e-06	1.148920776e-08	1.02445372e-08	0.9999924819	9.512683592e-09	
1.367493017e-05	1.143879103e-08	8.25771923e-06	0.9999780457	1.02018797e-08	
1.925051259e-05	1.761305207e-05	4.795595046e-06	0.9999583296	1.120989329e-08	
0.09498554704	0.0002180365335	0.0004953598344	0.9043009939	6.273417976e-08	
8.341727088e-06	1.155970163e-08	9.268917735e-06	0.9999823677	1.008981373e-08	
9.698418347e-09	8.74163659e-09	7.268310849e-09	0.9999999653	8.997675875e-09	
9.712851728e-09	8.741643369e-09	7.2683182e-09	0.9999999653	8.994305521e-09	
9.698420861e-09	8.741638929e-09	7.268312661e-09	0.9999999653	9.001621233e-09	
9.714234641e-09	8.758814287e-09	7.27644317e-09	0.9999999652	9.001646338e-09	
9.715235273e-09	8.741620206e-09	7.268299487e-09	0.9999999653	8.950690695e-09	
9.714646339e-09	9.808528945e-09	7.279383246e-09	0.9999999642	8.998308484e-09	
9.712881856e-09	8.741669884e-09	7.268339961e-09	0.9999999652	9.04152874e-09	
9.698450945e-09	8.741665443e-09	7.268334422e-09	0.9999999652	9.048882861e-09	
9.714264774e-09	8.758840854e-09	7.276464956e-09	0.9999999652	9.048908099e-09	
9.715265408e-09	8.74164672e-09	7.268321248e-09	0.9999999653	8.997684921e-09	
9.714676473e-09	9.808558696e-09	7.27940504e-09	0.9999999642	9.04555272e-09	
9.712884375e-09	8.741672223e-09	7.268341772e-09	0.9999999652	9.045493326e-09	
9.728721738e-09	8.758847647e-09	7.276472314e-09	0.9999999652	9.045518554e-09	
9.729723862e-09	8.7416535e-09	7.268328598e-09	0.9999999653	8.994314563e-09	
9.72913405e-09	9.808566303e-09	7.279412402e-09	0.9999999641	9.042164432e-09	
9.715267927e-09	8.741649059e-09	7.268323059e-09	0.9999999653	9.001630282e-09	
9.714678992e-09	9.80856132e-09	7.279406854e-09	0.9999999641	9.049519071e-09	
9.731109177e-09	8.758824437e-09	7.27645358e-09	0.9999999652	9.001655387e-09	
9.730519282e-09	9.827832942e-09	7.287549774e-09	0.9999999641	9.04954431e-09	
6.900324216e-06	1.023072492e-08	1.023686564e-08	0.9999930697	9.478776575e-09	
1.161615045e-08	1.246891756e-05	4.554398703e-06	0.9999829547	1.03464062e-08	
9.731521591e-09	9.808540312e-09	7.27939366e-09	0.9999999642	8.99831753e-09	
3.136807988e-08	1.104728956e-08	0.006225210601	0.9937747364	1.056138819e-08	
2.172090909e-08	1.837056804e-05	0.009400867907	0.9905807279	1.192333208e-08	
1.731608352e-08	1.01763937e-08	1.074111632e-05	0.9999892215	9.85881836e-09	
1.225448202e-05	1.16228608e-08	1.091617398e-05	0.9999768073	1.037930168e-08	
4.427323126e-08	1.705478835e-05	0.003624703963	0.9963581853	1.163532156e-08	
0.0001712158484	0.0001654735164	0.2934528565	0.7062104031	5.10350621e-08	
2.053013713e-08	1.409741685e-05	0.004833243242	0.9951526275	1.12748178e-08	
1.998708995e-08	1.172170025e-08	0.0120688035	0.987931154	1.083197214e-08	
1.911991673e-08	1.115551019e-08	0.006982165922	0.9930177934	1.043737188e-08	
1.192265307e-05	4.770191834e-08	1.126007241e-05	0.999976759	1.058342383e-08	
1.935468116e-08	1.134407157e-08	0.007797907264	0.9922020515	1.050078609e-08	
1.731513589e-08	1.018175566e-08	4.495850333e-05	0.9999550041	9.869778257e-09	
2.239195186e-08	1.807009416e-05	0.007125306845	0.992856589	1.170021183e-08	
1.781017206e-08	9.987026909e-09	8.122496447e-06	0.9999918401	9.652180605e-09	
1.260414147e-05	1.140657401e-08	8.254873571e-06	0.9999791194	1.016175164e-08	
4.557667242e-08	1.675219056e-05	0.002743440869	0.99723975	1.1401498e-08	
0.0001896699181	0.0001749068695	0.2390091367	0.7606262327	5.381523899e-08	
2.114079485e-08	1.385137476e-05	0.003659230621	0.9963268858	1.105149739e-08	
2.06180027e-08	1.153749466e-08	0.009153409857	0.9908465474	1.06362048e-08	
1.969895548e-08	1.096656245e-08	0.005288944803	0.9947110143	1.023600504e-08	
1.226284553e-05	4.681425019e-08	8.514932339e-06	0.999979165	1.036159637e-08	
1.998882911e-08	1.120643899e-08	0.007210671768	0.9927892866	1.043500462e-08	
4.117235603e-06	1.121770063e-08	0.003894778724	0.9961010823	1.050510516e-08	
1.994480294e-08	1.11541521e-08	0.005908040472	0.9940919181	1.030024775e-08	
1.780934595e-08	9.992372445e-09	3.399817293e-05	0.9999659644	9.662991396e-09	
1.23722079e-08	1.666065607e-05	1.230530729e-05	0.9999710107	1.093178558e-08	
8.755742375e-06	1.902881366e-05	1.250587176e-05	0.9999596981	1.150892746e-08	
9.314047033e-05	0.2062640885	0.2559636606	0.5376790674	4.308556719e-08	
1.432830245e-08	0.02254462902	0.005408627216	0.9720467172	1.221184055e-08	
1.364715428e-08	1.824509814e-05	0.007990827885	0.9919909018	1.156154742e-08	
1.383431489e-08	1.862579067e-05	0.01088353223	0.9890978164	1.177469098e-08	
2.854408077e-06	1.867630564e-05	0.005888666651	0.9940897908	1.187400746e-08	
1.381307755e-08	1.855128715e-05	0.008923351515	0.9910580718	1.163040779e-08	
6.914705522e-06	1.04422015e-08	1.415482424e-08	0.9999930513	9.426948172e-09	
2.507198157e-08	1.537779535e-05	4.717102187e-06	0.9999798694	1.060596242e-08	
1.164033717e-08	1.272663399e-05	6.297492576e-06	0.9999809539	1.028981334e-08	
1.141530891e-08	1.06593081e-08	1.584008908e-05	0.9999841279	9.957948818e-09	
1.911398268e-08	0.0001151493596	4.194132443e-06	0.9998806202	1.723494959e-08	
1.086417291e-08	1.009253845e-08	9.117087844e-06	0.9999908524	9.546102298e-09	
6.727469307e-06	4.285632883e-08	1.460075466e-08	0.9999932055	9.612343031e-09	
1.104534335e-08	1.033322588e-08	1.245378107e-05	0.9999875151	9.750494329e-09	
2.267528593e-06	1.030925601e-08	6.704454935e-06	0.9999910079	9.783394804e-09	
1.100659882e-08	1.027155926e-08	1.01906171e-05	0.9999897785	9.611987143e-09	
9.77050664e-09	9.147747182e-09	5.829862705e-08	0.9999999138	8.964433082e-09	
1.77431474e-05	1.756345395e-05	4.79394478e-06	0.9999598883	1.116580573e-08	
0.08820390334	0.0002190516303	0.0004988996828	0.9110780824	6.29556521e-08	
8.237811224e-06	1.453562394e-05	6.40014306e-06	0.9999708156	1.083307512e-08	
7.688541232e-06	1.152713926e-08	9.265719744e-06	0.9999830242	1.005012227e-08	
0.00473851783	4.871689589e-08	1.47686854e-08	0.9952614086	1.007205382e-08	
7.816753564e-06	1.180203699e-08	1.265680732e-05	0.9999795044	1.026530403e-08	
0.001602167864	1.175591447e-08	6.80290588e-06	0.9983910072	1.028354391e-08	
7.789334687e-06	1.173160555e-08	1.035674905e-05	0.9999818321	1.011948454e-08	
6.914563399e-06	1.044806055e-08	5.924909865e-08	0.9999930063	9.43775048e-09	
0.0002284033904	0.2303818537	0.1187363795	0.6506533128	5.058403422e-08	
2.918370517e-08	0.02091458778	0.002083886727	0.9770014844	1.190815126e-08	
2.779237478e-08	1.692350395e-05	0.003078340833	0.9969046966	1.127241709e-08	
2.822412382e-08	1.730764811e-05	0.004200239453	0.9957824132	1.150084787e-08	
5.80541075e-06	1.730088784e-05	0.002265558244	0.9977113239	1.156196731e-08	
2.814654348e-08	1.72174644e-05	0.003439568721	0.9965431743	1.134611262e-08	
2.50710904e-08	1.538619307e-05	1.974449547e-05	0.9999648336	1.061795658e-08	
0.0001060486517	0.1906748663	0.1585265057	0.6506925302	4.907909884e-08	
9.907451929e-05	0.000152140075	0.3798626176	0.6198861226	4.52474061e-08	
7.017155428e-05	0.6952031644	0.04254481899	0.262181812	3.312603205e-08	
0.0001124164729	0.0001717410065	0.2606658016	0.7390499892	5.171408708e-08	
0.08596101415	0.0009005442888	0.0005154894014	0.9126228879	6.430260372e-08	
0.0001043370959	0.0001605224398	0.3250539008	0.6746811914	4.822093754e-08	
0.02458481416	0.0001838153549	0.2008501984	0.7743811165	5.553326775e-08	
0.0001104982635	0.0001695817049	0.2826815287	0.7170383408	5.052019165e-08	
1.95959765e-08	0.1379369795	0.001631942742	0.8604310411	1.704387061e-08	
1.289008208e-08	1.399145529e-05	0.004105463616	0.9958805211	1.092515449e-08	
8.014385307e-06	5.965363624e-05	6.601472996e-06	0.9999257195	1.104562369e-08	
1.308541442e-08	1.430367542e-05	0.005599594034	0.9943860781	1.114236507e-08	
2.693286201e-06	1.430739348e-05	0.003022318743	0.9969606694	1.120886923e-08	
1.305276784e-08	1.423276621e-05	0.004586664932	0.9953990783	1.099525097e-08	
1.163986483e-08	1.273351983e-05	2.635944334e-05	0.9999608851	1.030139812e-08	
2.222524619e-08	0.0001336145444	0.004747362933	0.9951189812	1.907603822e-08	
1.256287615e-08	1.164634464e-08	0.01026274293	0.9897372224	1.050754522e-08	
7.859819222e-06	4.996577335e-08	1.660546483e-05	0.9999754741	1.068988092e-08	
1.272462265e-08	1.187950734e-08	0.01396631458	0.9860336501	1.06923976e-08	
2.629208584e-06	1.192879045e-08	0.007567468938	0.9924298791	1.079803232e-08	
1.141449878e-08	1.066475127e-08	6.62999179e-05	0.999933668	9.968856987e-09	
2.119491665e-08	0.0001267655556	0.002737959921	0.997135235	1.832400959e-08	
1.31549642e-05	0.0005395338769	4.39490156e-06	0.9994428978	1.849381839e-08	
2.152679783e-08	0.0001296587834	0.003736262158	0.9961340388	1.869761562e-08	
2.146582968e-08	0.0001289723835	0.003059362428	0.9968116253	1.844450929e-08	
1.911333405e-08	0.0001152124275	1.755551588e-05	0.9998671957	1.725446817e-08	
7.480349065e-06	4.730905982e-08	9.557622291e-06	0.9999829045	1.024776997e-08	
1.21824055e-08	1.13148543e-08	0.008086479285	0.9919134869	1.031122901e-08	
2.510315611e-06	1.133083959e-08	0.004369617796	0.9956278502	1.038472743e-08	
1.215751078e-08	1.126385665e-08	0.006626686586	0.9933732798	1.017969287e-08	
1.086363456e-08	1.009790846e-08	3.816109358e-05	0.9999618084	9.556763997e-09	
7.60508884e-06	4.84372751e-08	1.305553961e-05	0.9999792805	1.046718243e-08	
0.001558851402	4.825007352e-08	7.017524709e-06	0.9984340723	1.048623567e-08	
7.578412966e-06	4.814821771e-08	1.068302249e-05	0.9999816801	1.0318496e-08	
1.233038547e-08	1.150461431e-08	0.00903006667	0.9909698991	1.037252914e-08	
1.104467863e-08	1.033861407e-08	5.212682617e-05	0.999947842	9.761280547e-09	
2.541919833e-06	1.152590696e-08	0.004881629902	0.9951158062	1.045103384e-08	
2.267433659e-06	1.031482061e-08	2.806283136e-05	0.9999696496	9.794396806e-09	
1.100601578e-08	1.027698938e-08	4.265438366e-05	0.9999573147	9.622689517e-09	
