6.457319359e-09	5.803297003e-09	0.9999999787	3.128774782e-09	5.922153426e-09	
6.45884642e-09	5.804672529e-09	0.999999977	4.764302881e-09	5.923552957e-09	
6.457319304e-09	5.803296955e-09	0.9999999787	3.12874002e-09	5.922153378e-09	
6.45731918e-09	5.803296847e-09	0.9999999787	3.128661235e-09	5.922153267e-09	
6.457319317e-09	5.803296966e-09	0.9999999787	3.128748229e-09	5.922153389e-09	
6.457319184e-09	5.803296851e-09	0.9999999787	3.128662927e-09	5.922153271e-09	
6.457319186e-09	5.803296853e-09	0.9999999787	3.128663698e-09	5.922153273e-09	
6.457319372e-09	5.803297014e-09	0.9999999787	3.128781553e-09	5.922153438e-09	
6.457360525e-09	5.803336482e-09	0.9999999787	3.161233936e-09	5.922190446e-09	
6.457319326e-09	5.803296974e-09	0.9999999787	3.128753147e-09	5.922153397e-09	
6.457319341e-09	5.803296987e-09	0.9999999787	3.128762338e-09	5.922153411e-09	
6.457386502e-09	5.80336024e-09	0.9999999786	3.184748711e-09	5.922214146e-09	
6.458846455e-09	5.804672559e-09	0.999999977	4.764338918e-09	5.923552988e-09	
6.457319339e-09	5.803296986e-09	0.9999999787	3.128763685e-09	5.922153409e-09	
6.457319215e-09	5.803296878e-09	0.9999999787	3.1286849e-09	5.922153298e-09	
6.457319352e-09	5.803296997e-09	0.9999999787	3.128771895e-09	5.922153421e-09	
6.457319222e-09	5.803296883e-09	0.9999999787	3.128687363e-09	5.922153304e-09	
6.457319361e-09	5.803297005e-09	0.9999999787	3.128776812e-09	5.922153429e-09	
6.457319219e-09	5.803296881e-09	0.9999999787	3.128686534e-09	5.922153302e-09	
6.457319376e-09	5.803297018e-09	0.9999999787	3.128786004e-09	5.922153442e-09	
6.457386537e-09	5.803360271e-09	0.9999999786	3.1847728e-09	5.922214178e-09	
6.458846401e-09	5.804672512e-09	0.999999977	4.764285983e-09	5.92355294e-09	
6.458846414e-09	5.804672523e-09	0.999999977	4.764298485e-09	5.923552951e-09	
1.487837804e-08	1.743856588e-08	0.9999126492	8.730503058e-05	1.341299678e-08	
6.458846439e-09	5.804672545e-09	0.999999977	4.764319827e-09	5.923552973e-09	
6.458846469e-09	5.804672571e-09	0.999999977	4.764349229e-09	5.923553e-09	
6.458887631e-09	5.804712048e-09	0.999999977	4.813766065e-09	5.923590017e-09	
6.458846423e-09	5.804672531e-09	0.999999977	4.764305972e-09	5.923552959e-09	
6.458846438e-09	5.804672544e-09	0.999999977	4.764319969e-09	5.923552972e-09	
6.458913614e-09	5.804735812e-09	0.999999977	4.849573166e-09	5.923613722e-09	
6.45731916e-09	5.80329683e-09	0.9999999787	3.128650139e-09	5.922153249e-09	
6.457319297e-09	5.80329695e-09	0.9999999787	3.128737132e-09	5.922153372e-09	
6.457319165e-09	5.803296834e-09	0.9999999787	3.12865183e-09	5.922153253e-09	
6.457319323e-09	5.803296971e-09	0.9999999787	3.128751148e-09	5.922153394e-09	
6.457319167e-09	5.803296836e-09	0.9999999787	3.128652602e-09	5.922153255e-09	
6.457319352e-09	5.803296997e-09	0.9999999787	3.128770456e-09	5.922153421e-09	
6.457360505e-09	5.803336465e-09	0.9999999787	3.161222724e-09	5.922190429e-09	
6.457319307e-09	5.803296958e-09	0.9999999787	3.128742049e-09	5.92215338e-09	
6.457319165e-09	5.803296834e-09	0.9999999787	3.128651772e-09	5.922153253e-09	
6.457319322e-09	5.80329697e-09	0.9999999787	3.128751241e-09	5.922153393e-09	
6.457319173e-09	5.803296841e-09	0.9999999787	3.128658348e-09	5.922153261e-09	
6.45731904e-09	5.803296726e-09	0.9999999787	3.128573048e-09	5.922153142e-09	
6.457319198e-09	5.803296863e-09	0.9999999787	3.128672363e-09	5.922153283e-09	
6.457360381e-09	5.803336357e-09	0.9999999787	3.161143122e-09	5.922190318e-09	
6.457319182e-09	5.803296849e-09	0.9999999787	3.128663265e-09	5.922153269e-09	
6.45731904e-09	5.803296726e-09	0.9999999787	3.12857299e-09	5.922153142e-09	
6.457319178e-09	5.803296845e-09	0.9999999787	3.12866004e-09	5.922153265e-09	
6.457319335e-09	5.803296982e-09	0.9999999787	3.128759358e-09	5.922153406e-09	
6.457319365e-09	5.803297008e-09	0.9999999787	3.128778666e-09	5.922153432e-09	
6.457360518e-09	5.803336476e-09	0.9999999787	3.161231019e-09	5.922190441e-09	
6.45731932e-09	5.803296969e-09	0.9999999787	3.128750259e-09	5.922153392e-09	
6.457319177e-09	5.803296845e-09	0.9999999787	3.128659981e-09	5.922153265e-09	
6.457319334e-09	5.803296982e-09	0.9999999787	3.128759451e-09	5.922153405e-09	
6.457319203e-09	5.803296867e-09	0.9999999787	3.128674054e-09	5.922153287e-09	
6.457319047e-09	5.803296732e-09	0.9999999787	3.128575511e-09	5.922153148e-09	
6.457319232e-09	5.803296893e-09	0.9999999787	3.128693363e-09	5.922153314e-09	
6.457360385e-09	5.803336361e-09	0.9999999787	3.161144831e-09	5.922190322e-09	
6.457319187e-09	5.803296853e-09	0.9999999787	3.128664957e-09	5.922153273e-09	
6.457319045e-09	5.80329673e-09	0.9999999787	3.128574681e-09	5.922153146e-09	
6.457386362e-09	5.803360119e-09	0.9999999786	3.184658942e-09	5.922214022e-09	
1.487539213e-08	1.743506424e-08	0.9999420235	5.793076965e-05	1.34103055e-08	
1.487544557e-08	1.74351281e-08	0.9999415926	5.836166136e-05	1.341035339e-08	
1.079457707e-07	0.00150167041	0.1018193221	0.896678804	9.554589929e-08	
2.081943594e-08	3.263834174e-05	0.1253504708	0.8746168525	1.754916408e-08	
7.20139276e-05	8.484526929e-05	0.9811146329	0.0187284853	2.263907062e-08	
2.007986707e-08	2.67991684e-05	0.07413177328	0.9258413901	1.737228436e-08	
1.83737659e-08	2.162620242e-08	0.09234501001	0.9076549341	1.583952532e-08	
1.767468135e-05	4.279270281e-07	0.0001252986854	0.9998565811	1.757323462e-08	
1.809830234e-08	2.153581195e-08	0.1255382524	0.8744616922	1.575303347e-08	
1.78549015e-08	2.13863599e-08	0.008287828588	0.9917121161	1.604584246e-08	
6.457319205e-09	5.803296869e-09	0.9999999787	3.128674826e-09	5.922153289e-09	
6.457360543e-09	5.803336498e-09	0.9999999787	3.16124518e-09	5.922190463e-09	
6.457319203e-09	5.803296867e-09	0.9999999787	3.128673996e-09	5.922153287e-09	
6.45731936e-09	5.803297003e-09	0.9999999787	3.128773466e-09	5.922153427e-09	
6.45738652e-09	5.803360256e-09	0.9999999786	3.184760038e-09	5.922214163e-09	
6.457360387e-09	5.803336363e-09	0.9999999787	3.16114561e-09	5.922190324e-09	
6.457319189e-09	5.803296855e-09	0.9999999787	3.128665728e-09	5.922153275e-09	
6.457319047e-09	5.803296731e-09	0.9999999787	3.128575453e-09	5.922153148e-09	
6.457386365e-09	5.803360121e-09	0.9999999786	3.184659728e-09	5.922214024e-09	
6.457360573e-09	5.803336524e-09	0.9999999787	3.161264689e-09	5.922190489e-09	
6.457319232e-09	5.803296893e-09	0.9999999787	3.128693304e-09	5.922153314e-09	
6.457319389e-09	5.803297029e-09	0.9999999787	3.128792775e-09	5.922153454e-09	
6.45738655e-09	5.803360282e-09	0.9999999786	3.184779692e-09	5.922214189e-09	
6.457360527e-09	5.803336484e-09	0.9999999787	3.161235987e-09	5.922190449e-09	
6.457360385e-09	5.803336361e-09	0.9999999787	3.161144772e-09	5.922190322e-09	
6.457360542e-09	5.803336497e-09	0.9999999787	3.161245274e-09	5.922190462e-09	
6.457427703e-09	5.803399751e-09	0.9999999786	3.2178129e-09	5.922251198e-09	
6.457319187e-09	5.803296853e-09	0.9999999787	3.128664898e-09	5.922153273e-09	
6.457319344e-09	5.80329699e-09	0.9999999787	3.128764368e-09	5.922153413e-09	
6.457386505e-09	5.803360243e-09	0.9999999786	3.184750777e-09	5.922214149e-09	
6.457319202e-09	5.803296866e-09	0.9999999787	3.12867409e-09	5.922153286e-09	
6.457386362e-09	5.803360119e-09	0.9999999786	3.184658883e-09	5.922214022e-09	
6.457386519e-09	5.803360255e-09	0.9999999786	3.184760133e-09	5.922214162e-09	
5.217273722e-09	0.9999999837	3.795932056e-09	2.538811712e-09	4.784881293e-09	
5.217277072e-09	0.9999999837	3.796521436e-09	2.540845213e-09	4.784884237e-09	
5.217300209e-09	0.9999999836	3.804626317e-09	2.552843573e-09	4.784904997e-09	
5.217277301e-09	0.9999999837	3.79656075e-09	2.54098094e-09	4.784884434e-09	
5.217277072e-09	0.9999999837	3.796521436e-09	2.540845213e-09	4.784884237e-09	
5.217277491e-09	0.9999999837	3.796605553e-09	2.541135981e-09	4.784884658e-09	
5.295877451e-09	0.9999999831	3.993315897e-09	2.842556553e-09	4.78541878e-09	
5.217277072e-09	0.9999999837	3.796521436e-09	2.540845213e-09	4.784884237e-09	
5.217298255e-09	0.9999999836	3.804571193e-09	2.551500968e-09	4.784903309e-09	
5.217273722e-09	0.9999999837	3.795932048e-09	2.53881171e-09	4.784881293e-09	
5.217273651e-09	0.9999999837	3.795931926e-09	2.538811613e-09	4.784881293e-09	
5.220322301e-09	0.9999999835	3.814328181e-09	2.655294931e-09	4.785036014e-09	
5.217295233e-09	0.9999999836	3.803486639e-09	2.54990793e-09	4.78490055e-09	
5.217277491e-09	0.9999999837	3.796605553e-09	2.541135981e-09	4.784884658e-09	
5.217297139e-09	0.9999999836	3.803599084e-09	2.551184434e-09	4.7849022e-09	
1.195206819e-08	0.9999523749	6.132125232e-06	4.147024894e-05	1.075183613e-08	
5.217255561e-09	0.9999999837	3.788980686e-09	2.529788433e-09	4.784864981e-09	
5.217278698e-09	0.9999999837	3.79706947e-09	2.54173458e-09	4.78488574e-09	
5.21725579e-09	0.9999999837	3.789019922e-09	2.529923569e-09	4.784865177e-09	
5.217255561e-09	0.9999999837	3.788980686e-09	2.529788433e-09	4.784864981e-09	
5.295855616e-09	0.9999999831	3.985384269e-09	2.830186841e-09	4.785399521e-09	
5.217255561e-09	0.9999999837	3.788980686e-09	2.529788433e-09	4.784864981e-09	
5.217276744e-09	0.9999999837	3.797014455e-09	2.540397818e-09	4.784884052e-09	
5.217252211e-09	0.9999999837	3.788392469e-09	2.527763778e-09	4.784862036e-09	
5.217252139e-09	0.9999999837	3.788392348e-09	2.527763682e-09	4.784862036e-09	
5.220300777e-09	0.9999999835	3.806752063e-09	2.64374011e-09	4.785016757e-09	
5.217273722e-09	0.9999999837	3.795932056e-09	2.538811712e-09	4.784881293e-09	
5.21725598e-09	0.9999999837	3.789064636e-09	2.530077935e-09	4.784865401e-09	
5.217275628e-09	0.9999999837	3.796044277e-09	2.540082661e-09	4.784882944e-09	
5.217282048e-09	0.9999999837	3.797659027e-09	2.543770423e-09	4.784888684e-09	
6.419372093e-09	0.9999923241	9.553346484e-07	6.708415218e-06	5.780376749e-09	
5.21725914e-09	0.9999999837	3.789608229e-09	2.531949951e-09	4.784868121e-09	
5.217258911e-09	0.9999999837	3.789568987e-09	2.531814707e-09	4.784867925e-09	
5.21725933e-09	0.9999999837	3.789652951e-09	2.532104441e-09	4.784868345e-09	
5.295859017e-09	0.9999999831	3.986003065e-09	2.832453724e-09	4.785402466e-09	
5.217258911e-09	0.9999999837	3.789568987e-09	2.531814707e-09	4.784867925e-09	
5.217280094e-09	0.9999999837	3.797604004e-09	2.54243259e-09	4.784886996e-09	
5.217255561e-09	0.9999999837	3.788980678e-09	2.52978843e-09	4.784864981e-09	
5.21725549e-09	0.9999999837	3.788980557e-09	2.529788334e-09	4.78486498e-09	
5.220304129e-09	0.9999999835	3.807343123e-09	2.645857655e-09	4.785019701e-09	
5.217277072e-09	0.9999999837	3.796521436e-09	2.540845213e-09	4.784884237e-09	
5.21725933e-09	0.9999999837	3.78965295e-09	2.532104441e-09	4.784868345e-09	
5.217278978e-09	0.9999999837	3.796633674e-09	2.542117181e-09	4.784885888e-09	
6.419400344e-09	0.9999922903	9.573740815e-07	6.740093417e-06	5.780401633e-09	
5.217282276e-09	0.9999999837	3.797698353e-09	2.543906306e-09	4.784888881e-09	
5.217282048e-09	0.9999999837	3.797659027e-09	2.543770423e-09	4.784888684e-09	
5.217282466e-09	0.9999999837	3.797743169e-09	2.544061525e-09	4.784889105e-09	
5.217282048e-09	0.9999999837	3.797659027e-09	2.543770423e-09	4.784888684e-09	
5.217303231e-09	0.9999999836	3.805711196e-09	2.554438445e-09	4.784907756e-09	
5.217278698e-09	0.9999999837	3.797069462e-09	2.541734578e-09	4.78488574e-09	
5.217278626e-09	0.9999999837	3.79706934e-09	2.541734481e-09	4.784885739e-09	
5.217300209e-09	0.9999999836	3.804626317e-09	2.552843573e-09	4.784904997e-09	
5.217282466e-09	0.9999999837	3.797743169e-09	2.544061525e-09	4.784889105e-09	
5.217302114e-09	0.9999999836	3.804738795e-09	2.554121547e-09	4.784906647e-09	
1.195207899e-08	0.9999523253	6.13396236e-06	4.151799051e-05	1.075184559e-08	
6.419372372e-09	0.9999923237	9.553445408e-07	6.708773566e-06	5.780376984e-09	
6.419372093e-09	0.9999923241	9.553346484e-07	6.708415218e-06	5.780376749e-09	
6.419372603e-09	0.9999923233	9.553558144e-07	6.709182907e-06	5.780377253e-09	
6.419372093e-09	0.9999923241	9.553346484e-07	6.708415218e-06	5.780376749e-09	
6.423116993e-09	0.9999920174	9.598151403e-07	7.010586624e-06	5.780558331e-09	
6.419372603e-09	0.9999923233	9.553558143e-07	6.709182906e-06	5.780377253e-09	
6.419396596e-09	0.999992295	9.571155989e-07	6.735712941e-06	5.780398281e-09	
6.563869812e-08	0.0007862125806	9.770027116e-06	0.9992038924	5.931346131e-08	
8.901322521e-05	0.9544370936	0.03920231852	0.006271546747	2.795051655e-08	
5.21725914e-09	0.9999999837	3.789608229e-09	2.531949951e-09	4.784868121e-09	
5.217259559e-09	0.9999999837	3.789692194e-09	2.532239701e-09	4.784868542e-09	
5.295859249e-09	0.9999999831	3.986044341e-09	2.832605028e-09	4.785402662e-09	
5.21725914e-09	0.9999999837	3.789608229e-09	2.531949951e-09	4.784868121e-09	
5.217280323e-09	0.9999999837	3.797643329e-09	2.542568402e-09	4.784887193e-09	
5.21725579e-09	0.9999999837	3.789019915e-09	2.529923567e-09	4.784865177e-09	
5.217255718e-09	0.9999999837	3.789019793e-09	2.529923471e-09	4.784865176e-09	
5.220304358e-09	0.9999999835	3.80738255e-09	2.645998992e-09	4.785019898e-09	
5.217277301e-09	0.9999999837	3.79656075e-09	2.54098094e-09	4.784884434e-09	
5.217279206e-09	0.9999999837	3.79667299e-09	2.542252975e-09	4.784886084e-09	
5.21725933e-09	0.9999999837	3.789652951e-09	2.532104441e-09	4.784868345e-09	
5.295859017e-09	0.9999999831	3.986003065e-09	2.832453724e-09	4.785402466e-09	
5.217258911e-09	0.9999999837	3.789568987e-09	2.531814707e-09	4.784867925e-09	
5.217280094e-09	0.9999999837	3.797604004e-09	2.54243259e-09	4.784886996e-09	
5.217255561e-09	0.9999999837	3.788980678e-09	2.52978843e-09	4.784864981e-09	
5.21725549e-09	0.9999999837	3.788980557e-09	2.529788334e-09	4.78486498e-09	
5.220304129e-09	0.9999999835	3.807343123e-09	2.645857655e-09	4.785019701e-09	
5.217277072e-09	0.9999999837	3.796521436e-09	2.540845213e-09	4.784884237e-09	
5.21725933e-09	0.9999999837	3.78965295e-09	2.532104441e-09	4.784868345e-09	
5.217278978e-09	0.9999999837	3.796633674e-09	2.542117181e-09	4.784885888e-09	
5.21725933e-09	0.9999999837	3.789652951e-09	2.532104441e-09	4.784868345e-09	
5.217280513e-09	0.9999999837	3.797688145e-09	2.54272354e-09	4.784887417e-09	
5.21725598e-09	0.9999999837	3.789064629e-09	2.530077933e-09	4.784865401e-09	
5.217255908e-09	0.9999999837	3.789064508e-09	2.530077837e-09	4.7848654e-09	
5.220304548e-09	0.9999999835	3.80742748e-09	2.646160441e-09	4.785020122e-09	
5.217277491e-09	0.9999999837	3.796605553e-09	2.541135981e-09	4.784884658e-09	
5.217259748e-09	0.9999999837	3.789736915e-09	2.532394209e-09	4.784868766e-09	
5.217279396e-09	0.9999999837	3.796717794e-09	2.542408094e-09	4.784886308e-09	
5.295859017e-09	0.9999999831	3.986003065e-09	2.832453724e-09	4.785402466e-09	
5.295855616e-09	0.9999999831	3.985384261e-09	2.830186839e-09	4.785399521e-09	
5.298950112e-09	0.999999983	4.004698532e-09	2.960038643e-09	4.785554259e-09	
5.295877451e-09	0.9999999831	3.993315897e-09	2.842556553e-09	4.78541878e-09	
5.295879385e-09	0.9999999831	3.993433953e-09	2.84397956e-09	4.785420431e-09	
5.780012389e-08	0.999606323	5.689550734e-05	0.0003366748257	4.883463075e-08	
7.691990229e-05	0.9997489519	0.0001713302994	2.773689696e-06	2.423776016e-08	
6.78878459e-08	0.9995248864	4.097583182e-05	0.0004340110429	5.887077974e-08	
5.217280094e-09	0.9999999837	3.797604004e-09	2.54243259e-09	4.784886996e-09	
5.217255561e-09	0.9999999837	3.788980678e-09	2.52978843e-09	4.784864981e-09	
5.21725549e-09	0.9999999837	3.788980557e-09	2.529788334e-09	4.78486498e-09	
5.220304129e-09	0.9999999835	3.807343123e-09	2.645857655e-09	4.785019701e-09	
5.217277072e-09	0.9999999837	3.796521436e-09	2.540845213e-09	4.784884237e-09	
5.21725933e-09	0.9999999837	3.78965295e-09	2.532104441e-09	4.784868345e-09	
5.217278978e-09	0.9999999837	3.796633674e-09	2.542117181e-09	4.784885888e-09	
5.217276672e-09	0.9999999837	3.797014326e-09	2.540397719e-09	4.784884051e-09	
5.220325325e-09	0.9999999835	3.815415826e-09	2.65695381e-09	4.785038773e-09	
5.217298255e-09	0.9999999836	3.804571193e-09	2.551500968e-09	4.784903309e-09	
5.217280513e-09	0.9999999837	3.797688145e-09	2.542723539e-09	4.784887417e-09	
5.217300161e-09	0.9999999836	3.80468367e-09	2.55277827e-09	4.784904959e-09	
1.195207478e-08	0.9999523473	6.133873621e-06	4.149615607e-05	1.075184204e-08	
5.217252139e-09	0.9999999837	3.78839234e-09	2.52776368e-09	4.784862036e-09	
5.220300777e-09	0.9999999835	3.806752055e-09	2.643740107e-09	4.785016757e-09	
5.217273722e-09	0.9999999837	3.795932048e-09	2.53881171e-09	4.784881293e-09	
5.21725598e-09	0.9999999837	3.789064628e-09	2.530077933e-09	4.784865401e-09	
5.217275628e-09	0.9999999837	3.796044269e-09	2.540082659e-09	4.784882944e-09	
5.220300706e-09	0.9999999835	3.806751933e-09	2.643740007e-09	4.785016756e-09	
5.217273651e-09	0.9999999837	3.795931926e-09	2.538811613e-09	4.784881293e-09	
5.217255908e-09	0.9999999837	3.789064507e-09	2.530077837e-09	4.7848654e-09	
5.217275556e-09	0.9999999837	3.796044147e-09	2.540082563e-09	4.784882943e-09	
5.220322301e-09	0.9999999835	3.814328181e-09	2.655294931e-09	4.785036014e-09	
5.220304548e-09	0.9999999835	3.80742748e-09	2.64616044e-09	4.785020122e-09	
5.220324208e-09	0.9999999835	3.814440946e-09	2.656624193e-09	4.785037665e-09	
9.390947977e-07	0.9996486808	2.076836288e-05	0.0003295628081	4.898022514e-08	
1.195898206e-08	0.9999506436	6.149593729e-06	4.318412829e-05	1.075212191e-08	
5.217277491e-09	0.9999999837	3.796605553e-09	2.541135981e-09	4.784884658e-09	
5.217297139e-09	0.9999999836	3.803599084e-09	2.551184434e-09	4.7849022e-09	
1.195206819e-08	0.9999523749	6.132125232e-06	4.147024894e-05	1.075183613e-08	
5.217279396e-09	0.9999999837	3.796717794e-09	2.542408094e-09	4.784886308e-09	
1.19520723e-08	0.999952354	6.132306391e-06	4.149100841e-05	1.075183962e-08	
5.112794061e-09	4.594867895e-09	3.712468925e-09	2.597181384e-09	0.999999984	
5.112806192e-09	4.594921243e-09	3.712510184e-09	2.64461692e-09	0.9999999839	
5.112715446e-09	4.594841406e-09	3.712448419e-09	2.574098522e-09	0.999999984	
5.1127783e-09	4.594862567e-09	3.7124648e-09	2.592521845e-09	0.999999984	
1.064513949e-08	9.278437855e-09	7.527435906e-09	3.758025105e-05	0.9999623923	
5.112816526e-09	4.594930337e-09	3.712517228e-09	2.652774379e-09	0.9999999839	
5.1127783e-09	4.594862567e-09	3.7124648e-09	2.592521844e-09	0.999999984	
5.112785301e-09	4.594864933e-09	3.712466632e-09	2.594590066e-09	0.999999984	
2.421426078e-08	2.176152733e-08	1.758237627e-08	0.0001397307442	0.9998602057	
5.112712549e-09	4.594834097e-09	3.712442718e-09	2.567712831e-09	0.999999984	
5.112621804e-09	4.594754262e-09	3.712380953e-09	2.499245072e-09	0.9999999841	
5.112684657e-09	4.594775423e-09	3.712397334e-09	2.517132653e-09	0.9999999841	
1.064495615e-08	9.278272022e-09	7.527307338e-09	3.64874767e-05	0.9999634851	
5.112621801e-09	4.594754262e-09	3.712380953e-09	2.499245059e-09	0.9999999841	
5.112722882e-09	4.594843191e-09	3.712449762e-09	2.575633076e-09	0.999999984	
5.112684657e-09	4.594775423e-09	3.712397334e-09	2.517132653e-09	0.9999999841	
5.112633935e-09	4.594807608e-09	3.712422212e-09	2.544891875e-09	0.999999984	
5.112696789e-09	4.594828769e-09	3.712438593e-09	2.56310616e-09	0.999999984	
5.112633931e-09	4.594807608e-09	3.712422212e-09	2.544891866e-09	0.999999984	
5.112633933e-09	4.594807608e-09	3.712422212e-09	2.544891862e-09	0.999999984	
5.112735014e-09	4.594896538e-09	3.712491021e-09	2.622675048e-09	0.999999984	
5.112696789e-09	4.594828769e-09	3.712438593e-09	2.563106159e-09	0.999999984	
5.11270379e-09	4.594831135e-09	3.712440425e-09	2.565150915e-09	0.999999984	
2.421391313e-08	2.176140176e-08	1.758228003e-08	0.000138145528	0.9998617909	
5.112606044e-09	4.594748934e-09	3.712376828e-09	2.494761237e-09	0.9999999841	
5.112543187e-09	4.594727773e-09	3.712360447e-09	2.477032626e-09	0.9999999841	
5.112543189e-09	4.594727773e-09	3.712360447e-09	2.477032622e-09	0.9999999841	
5.112606044e-09	4.594748934e-09	3.712376828e-09	2.494761237e-09	0.9999999841	
5.112613045e-09	4.5947513e-09	3.71237866e-09	2.496751469e-09	0.9999999841	
5.112606039e-09	4.594748934e-09	3.712376828e-09	2.494761229e-09	0.9999999841	
1.064492403e-08	9.278261872e-09	7.527299466e-09	3.642201779e-05	0.9999635505	
5.112606041e-09	4.594748934e-09	3.712376828e-09	2.494761224e-09	0.9999999841	
5.112707122e-09	4.594837864e-09	3.712445636e-09	2.571012195e-09	0.999999984	
5.112668897e-09	4.594770095e-09	3.712393209e-09	2.512616727e-09	0.9999999841	
5.112675898e-09	4.594772461e-09	3.712395041e-09	2.514621203e-09	0.9999999841	
5.112543184e-09	4.594727773e-09	3.712360447e-09	2.477032613e-09	0.9999999841	
5.112644264e-09	4.594816702e-09	3.712429255e-09	2.552741719e-09	0.999999984	
5.112606039e-09	4.594748934e-09	3.712376828e-09	2.494761228e-09	0.9999999841	
5.11261304e-09	4.5947513e-09	3.71237866e-09	2.49675146e-09	0.9999999841	
1.064492403e-08	9.278261872e-09	7.527299466e-09	3.642201778e-05	0.9999635505	
1.06449383e-08	9.27826638e-09	7.527302961e-09	3.645107292e-05	0.9999635215	
2.259246731e-07	2.020967708e-08	1.822473887e-05	0.9998365619	0.0001449672708	
2.40723376e-07	1.986059733e-08	1.411668121e-05	0.999843919	0.0001417037299	
4.246980776e-07	3.004061867e-05	9.10781295e-06	0.9998049797	0.0001554472116	
2.005209378e-05	3.610357228e-07	2.183799797e-08	0.9998373097	0.0001422553716	
1.067460402e-05	2.068580201e-08	8.652825231e-06	0.9998367896	0.0001438622886	
5.112644266e-09	4.594816702e-09	3.712429255e-09	2.552741715e-09	0.999999984	
5.112606041e-09	4.594748934e-09	3.712376828e-09	2.494761224e-09	0.9999999841	
5.112613042e-09	4.5947513e-09	3.71237866e-09	2.496751456e-09	0.9999999841	
5.112707122e-09	4.594837864e-09	3.712445636e-09	2.571012195e-09	0.999999984	
5.112714123e-09	4.59484023e-09	3.712447468e-09	2.573063257e-09	0.999999984	
2.421395175e-08	2.176143556e-08	1.758230589e-08	0.0001385715861	0.9998613649	
5.112675898e-09	4.594772461e-09	3.712395041e-09	2.514621203e-09	0.9999999841	
1.235086718e-08	1.108155081e-08	8.953410097e-09	0.9999649213	3.504632109e-05	
1.235086718e-08	1.108155264e-08	8.953410097e-09	0.9999649213	3.504632108e-05	
1.235257686e-08	1.108155647e-08	8.953413138e-09	0.9999649061	3.506152777e-05	
1.235257683e-08	1.108155644e-08	8.953413112e-09	0.9999649061	3.506152777e-05	
1.235257683e-08	1.108155447e-08	8.953413112e-09	0.9999649061	3.50615275e-05	
1.234940226e-08	1.108154941e-08	8.953407537e-09	0.9999649343	3.503330072e-05	
1.233043581e-08	1.108154063e-08	8.953398928e-09	0.9999649213	3.504628733e-05	
1.234940226e-08	1.108154941e-08	8.953407537e-09	0.9999649343	3.503330072e-05	
1.233043879e-08	1.10815434e-08	8.953400985e-09	0.9999649061	3.506149089e-05	
1.235142234e-08	1.110332347e-08	8.968369856e-09	0.999964906	3.506160209e-05	
1.235175428e-08	1.246504958e-08	8.971794356e-09	0.9999649174	3.504881503e-05	
9.709894764e-09	8.697600849e-09	7.027297353e-09	0.9999999656	8.968134087e-09	
9.711239016e-09	8.697603992e-09	7.027299846e-09	0.9999999656	8.97202552e-09	
9.711238989e-09	8.697603966e-09	7.027299826e-09	0.9999999656	8.97202552e-09	
9.711238989e-09	8.697602416e-09	7.027299825e-09	0.9999999656	8.972025452e-09	
9.708742964e-09	8.697598199e-09	7.027295251e-09	0.9999999656	8.964802143e-09	
1.072067083e-05	1.041556359e-08	1.032536936e-08	0.999989249	9.638012891e-09	
9.693802456e-09	8.697565326e-09	7.027267835e-09	0.9999999657	8.921778969e-09	
9.693832217e-09	8.697591428e-09	7.027288586e-09	0.9999999656	8.968125451e-09	
9.708742964e-09	8.697598199e-09	7.027295251e-09	0.9999999656	8.964802143e-09	
9.693834703e-09	8.697593734e-09	7.027290307e-09	0.9999999656	8.972016083e-09	
9.710331361e-09	8.714688301e-09	7.039038984e-09	0.9999999656	8.97204454e-09	
9.711206628e-09	8.697575413e-09	7.02727735e-09	0.9999999656	8.921788236e-09	
9.711239016e-09	8.697605423e-09	7.027299847e-09	0.9999999656	8.972025517e-09	
9.71123899e-09	8.697605397e-09	7.027299827e-09	0.9999999656	8.972025517e-09	
9.711238989e-09	8.697603847e-09	7.027299826e-09	0.9999999656	8.972025449e-09	
9.708742964e-09	8.69759963e-09	7.027295252e-09	0.9999999656	8.964802139e-09	
1.072067083e-05	1.041556531e-08	1.032536936e-08	0.999989249	9.638012887e-09	
9.693802456e-09	8.697566757e-09	7.027267835e-09	0.9999999657	8.921778966e-09	
9.693832217e-09	8.697592859e-09	7.027288586e-09	0.9999999656	8.968125448e-09	
9.708742964e-09	8.69759963e-09	7.027295252e-09	0.9999999656	8.964802139e-09	
9.693834704e-09	8.697595165e-09	7.027290308e-09	0.9999999656	8.97201608e-09	
9.711206628e-09	8.697576844e-09	7.02727735e-09	0.9999999656	8.921788233e-09	
9.710592204e-09	9.78347056e-09	7.041726697e-09	0.9999999645	8.968772295e-09	
9.712583428e-09	8.69760854e-09	7.02730232e-09	0.9999999656	8.975918638e-09	
9.710087057e-09	8.697602774e-09	7.027297746e-09	0.9999999656	8.968692127e-09	
1.0722155e-05	1.041556905e-08	1.032537301e-08	0.9999892475	9.642194978e-09	
9.695174245e-09	8.697596002e-09	7.02729108e-09	0.9999999656	8.972016877e-09	
9.710087057e-09	8.697602774e-09	7.027297746e-09	0.9999999656	8.968692127e-09	
9.695176732e-09	8.697598308e-09	7.027292801e-09	0.9999999656	8.975909197e-09	
9.711675674e-09	8.714692884e-09	7.039041482e-09	0.9999999656	8.975937667e-09	
9.712551062e-09	8.697579987e-09	7.027279844e-09	0.9999999656	8.925659555e-09	
9.711936552e-09	9.783474096e-09	7.041729196e-09	0.9999999645	8.972664005e-09	
9.7125834e-09	8.697606965e-09	7.027302299e-09	0.9999999656	8.97591857e-09	
9.71008703e-09	8.697602748e-09	7.027297725e-09	0.9999999656	8.968692126e-09	
1.072215497e-05	1.041556902e-08	1.032537298e-08	0.9999892475	9.642194978e-09	
9.695144454e-09	8.697569875e-09	7.027270309e-09	0.9999999657	8.925650284e-09	
9.695174219e-09	8.697595976e-09	7.02729106e-09	0.9999999656	8.972016877e-09	
9.71008703e-09	8.697602748e-09	7.027297725e-09	0.9999999656	8.968692126e-09	
9.695176706e-09	8.697598283e-09	7.027292781e-09	0.9999999656	8.975909197e-09	
9.711936526e-09	9.783474067e-09	7.041729175e-09	0.9999999645	8.972664005e-09	
9.71008703e-09	8.697601198e-09	7.027297725e-09	0.9999999656	8.968692059e-09	
1.072215497e-05	1.041556717e-08	1.032537298e-08	0.9999892475	9.642194905e-09	
9.695144453e-09	8.697568324e-09	7.027270308e-09	0.9999999657	8.925650217e-09	
9.695174218e-09	8.697594426e-09	7.027291059e-09	0.9999999656	8.972016809e-09	
9.71008703e-09	8.697601198e-09	7.027297725e-09	0.9999999656	8.968692059e-09	
9.695176705e-09	8.697596732e-09	7.02729278e-09	0.9999999656	8.975909129e-09	
9.711675647e-09	8.714691306e-09	7.039041461e-09	0.9999999656	8.975937599e-09	
9.712551035e-09	8.697578411e-09	7.027279823e-09	0.9999999656	8.925659488e-09	
1.071939915e-05	1.041556215e-08	1.032536629e-08	0.9999892502	9.634432074e-09	
9.692652565e-09	8.697564108e-09	7.027265734e-09	0.9999999657	8.918464243e-09	
9.692682322e-09	8.697590209e-09	7.027286485e-09	0.9999999656	8.964793506e-09	
9.707591301e-09	8.697596981e-09	7.027293151e-09	0.9999999656	8.961471433e-09	
9.692684809e-09	8.697592516e-09	7.027288207e-09	0.9999999656	8.968682693e-09	
9.70917951e-09	8.714687081e-09	7.039036879e-09	0.9999999656	8.96871114e-09	
9.710054673e-09	8.697574195e-09	7.027275249e-09	0.9999999656	8.918473507e-09	
9.709440321e-09	9.78346758e-09	7.041724591e-09	0.9999999645	8.965440113e-09	
1.071939915e-05	1.041556215e-08	1.032536629e-08	0.9999892502	9.634432074e-09	
1.072211924e-05	1.041553483e-08	1.032533996e-08	0.9999892476	9.588205198e-09	
1.072144086e-05	1.171591585e-08	1.034657072e-08	0.9999892469	9.63869876e-09	
0.0001278284708	1.17748127e-08	1.022692778e-05	0.9998619223	1.047965354e-08	
0.0002255059232	1.780897418e-05	6.597737234e-06	0.9997500759	1.149521001e-08	
0.6966116351	0.0006814383255	0.00198909445	0.3007176145	2.176195803e-07	
1.219507664e-05	1.191766891e-08	1.284580172e-05	0.9999749368	1.044704982e-08	
9.67776653e-09	8.697557336e-09	7.027259068e-09	0.9999999657	8.921770374e-09	
9.692652565e-09	8.697564108e-09	7.027265734e-09	0.9999999657	8.918464243e-09	
9.677769012e-09	8.697559642e-09	7.02726079e-09	0.9999999657	8.925640896e-09	
9.69423833e-09	8.714654143e-09	7.039009417e-09	0.9999999656	8.925669206e-09	
9.695112146e-09	8.697541321e-09	7.027247832e-09	0.9999999657	8.87567267e-09	
9.69449874e-09	9.783430603e-09	7.041697118e-09	0.9999999646	8.922413878e-09	
9.692682322e-09	8.697590209e-09	7.027286485e-09	0.9999999656	8.964793506e-09	
9.677798724e-09	8.697585744e-09	7.027281541e-09	0.9999999656	8.97200744e-09	
9.694268093e-09	8.714680296e-09	7.039030203e-09	0.9999999656	8.972035897e-09	
9.695141911e-09	8.697567423e-09	7.027268583e-09	0.9999999657	8.921779641e-09	
9.694528503e-09	9.783459963e-09	7.041717912e-09	0.9999999645	8.968763658e-09	
9.692684809e-09	8.697592516e-09	7.027288207e-09	0.9999999656	8.968682693e-09	
9.70917951e-09	8.714687081e-09	7.039036879e-09	0.9999999656	8.96871114e-09	
9.710054673e-09	8.697574195e-09	7.027275249e-09	0.9999999656	8.918473507e-09	
9.709440321e-09	9.78346758e-09	7.041724591e-09	0.9999999645	8.965440113e-09	
9.695144398e-09	8.697569729e-09	7.027270305e-09	0.9999999657	8.925650167e-09	
9.69453099e-09	9.783462557e-09	7.041719637e-09	0.9999999645	8.972654567e-09	
9.711643285e-09	8.714664249e-09	7.039018948e-09	0.9999999656	8.925678477e-09	
9.711028833e-09	9.802691331e-09	7.053492437e-09	0.9999999645	8.972683026e-09	
1.005347866e-05	1.040795383e-08	1.040512659e-08	0.9999899161	9.599957631e-09	
1.183426868e-08	1.211388931e-05	6.891949589e-06	0.9999809719	1.045669639e-08	
9.711904162e-09	9.783441949e-09	7.041706653e-09	0.9999999645	8.922423146e-09	
1.284503373e-06	1.121432144e-08	0.008823894119	0.9911747994	1.075409042e-08	
1.431106038e-07	1.76549696e-05	0.01550592555	0.9844762641	1.224175098e-08	
1.093507096e-07	1.029847581e-08	0.0002248285414	0.9997750418	9.961251195e-09	
0.0001125009263	1.194976698e-08	1.328308232e-05	0.9998741934	1.067422438e-08	
2.273359625e-06	1.701611571e-05	0.005711006408	0.9942696923	1.183439885e-08	
0.003461982525	0.0003209756152	0.848783633	0.1474332984	1.104463121e-07	
1.312891481e-07	1.378876431e-05	0.008722505572	0.9912635628	1.152681114e-08	
1.319935348e-07	1.193331875e-08	0.01789621533	0.9821036296	1.11471041e-08	
1.222542398e-07	1.132353556e-08	0.01105727354	0.9889425822	1.069528014e-08	
0.0001079384992	2.056508618e-07	1.377019743e-05	0.9998780748	1.089082403e-08	
1.240497998e-07	1.149277299e-08	0.01178916736	0.9882106864	1.074375242e-08	
1.098470882e-07	1.03539007e-08	0.0009175732009	0.9990822966	1.001792707e-08	
1.530185199e-07	1.741075027e-05	0.01205276163	0.9879296626	1.200804867e-08	
1.165185363e-07	1.012102965e-08	0.0001741572458	0.9998257064	9.737422693e-09	
0.0001198686478	1.174322207e-08	1.028880798e-05	0.9998698204	1.043380105e-08	
2.425375941e-06	1.674363245e-05	0.004429352664	0.9955514667	1.158280754e-08	
0.004560224257	0.0003899524903	0.8127837566	0.1822659332	1.334655756e-07	
1.401635497e-07	1.357719123e-05	0.006769618627	0.9932166527	1.128943353e-08	
1.412080959e-07	1.177460936e-08	0.01391825613	0.98608158	1.09402113e-08	
1.305867644e-07	1.115566874e-08	0.008586179739	0.991413668	1.048055092e-08	
0.0001150074732	2.020963871e-07	1.066612192e-05	0.9998741137	1.064552646e-08	
1.330419872e-07	1.149017115e-08	0.01207292556	0.9879269191	1.078092555e-08	
6.096979497e-05	1.153127592e-08	0.004208703009	0.9957303049	1.072116698e-08	
1.325266241e-07	1.132427025e-08	0.009156023327	0.9908438223	1.052979158e-08	
1.170657336e-07	1.017708886e-08	0.0007108838574	0.9992889791	9.794354597e-09	
1.306807123e-08	1.603978635e-05	0.000308076706	0.9996758593	1.115819091e-08	
1.344689075e-05	1.861491055e-05	1.82046433e-05	0.9999497216	1.195892423e-08	
0.0002284759967	0.2760727158	0.6422886345	0.08141010536	6.832142819e-08	
1.53132433e-08	0.02096039386	0.01166533296	0.9673742453	1.260194379e-08	
1.455171592e-08	1.756580532e-05	0.01509092509	0.9848914826	1.19325277e-08	
1.478590564e-08	1.804442777e-05	0.0211627729	0.9788191556	1.224189208e-08	
6.817232414e-06	1.821915116e-05	0.00742236808	0.9925525833	1.224809985e-08	
1.476144911e-08	1.782352061e-05	0.01608546389	0.9838966858	1.198336881e-08	
1.011793645e-05	1.06926958e-08	2.599298772e-07	0.9999896019	9.582586418e-09	
2.055862743e-07	1.531011065e-05	0.0001123725173	0.9998721011	1.068274209e-08	
1.190817565e-08	1.244324568e-05	0.0001721389485	0.9998153955	1.04360499e-08	
1.208164962e-08	1.086742731e-08	0.000356415237	0.9996435516	1.018465218e-08	
1.997502978e-08	0.0001168471263	0.0002538708346	0.9996292442	1.789223879e-08	
1.111433707e-08	1.02422084e-08	0.0002187203419	0.9997812486	9.705599502e-09	
9.707572372e-06	1.84016481e-07	2.69461e-07	0.9999898292	9.776998993e-09	
1.136224537e-08	1.058560136e-08	0.0003085977548	0.9996913703	1.001809948e-08	
5.167240872e-06	1.054228937e-08	0.0001067571696	0.9998880552	9.886438845e-09	
1.128576156e-08	1.040283133e-08	0.0002333669898	0.9997666016	9.756664304e-09	
9.887015016e-09	9.271981703e-09	1.796961837e-05	0.9999820022	9.000467707e-09	
0.000211465069	1.776130379e-05	6.637699085e-06	0.9997641245	1.144498449e-08	
0.6828456152	0.0007104174334	0.002091842908	0.3143518979	2.264891405e-07	
1.225182606e-05	1.443913767e-05	1.017062553e-05	0.9999631272	1.118354992e-08	
1.143561201e-05	1.188560923e-08	1.29234347e-05	0.9999756187	1.040126492e-08	
0.00988759966	2.113921955e-07	1.576119283e-08	0.9901121628	1.03722685e-08	
1.169167239e-05	1.228513688e-08	1.823552051e-05	0.9999700498	1.073706931e-08	
0.005288023161	1.216806625e-08	6.274001547e-06	0.9947056801	1.053810373e-08	
1.161214978e-05	1.207216899e-08	1.378904253e-05	0.9999745763	1.045613216e-08	
1.017090382e-05	1.075768716e-08	1.061563886e-06	0.9999887471	9.643781784e-09	
0.006167292437	0.452141714	0.401978498	0.1397123833	1.122321365e-07	
2.42892555e-07	0.02017175047	0.004290054254	0.9755379402	1.216440557e-08	
2.310977605e-07	1.692570321e-05	0.005556688053	0.9944261436	1.153241633e-08	
2.357351258e-07	1.745486967e-05	0.007822896152	0.9921594014	1.187766982e-08	
0.0001077245805	1.746754929e-05	0.002719367001	0.9971554291	1.177827695e-08	
2.345782158e-07	1.718499085e-05	0.005926672098	0.9940558967	1.158894612e-08	
2.065910786e-07	1.539784257e-05	0.0004587751547	0.9995256097	1.074724675e-08	
0.0003180129086	0.3271365082	0.5481771775	0.1243682037	9.760447399e-08	
0.0002560758584	0.0002267592259	0.9008260791	0.09869101019	7.560015111e-08	
0.000133184754	0.7669745168	0.2018469428	0.03104531389	4.177974878e-08	
0.0003613300583	0.0003278007605	0.8479143618	0.1513963969	1.105037344e-07	
0.6658729814	0.01242605577	0.002204037407	0.3194966905	2.348661279e-07	
0.0002739397726	0.0002512478089	0.8872090779	0.11226565	8.458830608e-08	
0.2289903614	0.0004599273643	0.5641542115	0.2063953463	1.534378277e-07	
0.0003471866492	0.0003150500289	0.8560790277	0.1432586305	1.051156958e-07	
2.07207282e-08	0.1351701467	0.008509675061	0.8563201396	1.788835171e-08	
1.334722952e-08	1.371659588e-05	0.00848749104	0.9914987678	1.123357508e-08	
1.175216368e-05	0.0002484328871	1.054109433e-05	0.9997292624	1.140777183e-08	
1.359872051e-08	1.412845229e-05	0.01193463754	0.9880512089	1.155599339e-08	
6.231724003e-06	1.417847779e-05	0.004160343049	0.9958192353	1.149151925e-08	
1.354558852e-08	1.392399106e-05	0.009050842766	0.9909352084	1.128642582e-08	
1.196417265e-08	1.251224427e-05	0.0007026497877	0.9992848155	1.049713099e-08	
2.405576135e-08	0.0001350849423	0.02016151586	0.9797033552	1.997622716e-08	
1.342218527e-08	1.187382129e-08	0.0174183712	0.9825815926	1.086623625e-08	
1.192823868e-05	2.170599203e-07	2.183435166e-05	0.9999660092	1.113751662e-08	
1.362524987e-08	1.218577291e-08	0.02440348062	0.9755964824	1.113737294e-08	
6.295632885e-06	1.233027763e-08	0.00857741532	0.9914162655	1.116703002e-08	
1.213157238e-08	1.092148516e-08	0.001454016896	0.9985459498	1.023844705e-08	
2.230061081e-08	0.0001282962997	0.01246798928	0.9874036729	1.918359325e-08	
1.96757259e-05	0.002328435305	1.55163688e-05	0.9976363531	1.952091154e-08	
2.268373023e-08	0.0001319329193	0.01750318654	0.9823648382	1.97019878e-08	
2.262596021e-08	0.0001302012138	0.01329197826	0.9865777786	1.926867746e-08	
2.006389291e-08	0.0001174653835	0.001036007527	0.998846489	1.799241591e-08	
1.097180082e-05	2.045458962e-07	1.339730614e-05	0.9999754157	1.061228237e-08	
1.265193006e-08	1.159244182e-08	0.0151160969	0.9848838681	1.071306912e-08	
5.810037933e-06	1.165794401e-08	0.005280458072	0.9947137096	1.067569343e-08	
1.261230696e-08	1.143357355e-08	0.01147248167	0.9885274838	1.047130893e-08	
1.116499887e-08	1.029752433e-08	0.0008926611414	0.9991073076	9.761004572e-09	
1.121747364e-05	2.114215438e-07	1.890416982e-05	0.999969656	1.095489736e-08	
0.005074636147	2.09451727e-07	6.50544796e-06	0.9949186382	1.07542014e-08	
1.114117818e-05	2.077564986e-07	1.429465334e-05	0.9999743457	1.066826245e-08	
1.283426364e-08	1.176250281e-08	0.0161122719	0.9838876927	1.075869931e-08	
1.14108764e-08	1.063982466e-08	0.00125912815	0.9987408397	1.00724984e-08	
5.897650335e-06	1.183675502e-08	0.005632154921	0.9943619249	1.072822407e-08	
5.192586037e-06	1.060288439e-08	0.0004358573555	0.9995589295	9.946308117e-09	
1.133669301e-08	1.045854265e-08	0.0009523953676	0.999047573	9.811917967e-09	
