5.467094795e-09	5.128499603e-09	0.9999999817	2.603468259e-09	5.138734085e-09	
5.467161107e-09	5.128563689e-09	0.9999999816	2.651709847e-09	5.138795608e-09	
5.467094795e-09	5.128499602e-09	0.9999999817	2.603468245e-09	5.138734085e-09	
5.467094795e-09	5.128499602e-09	0.9999999817	2.603468233e-09	5.138734085e-09	
5.467094795e-09	5.128499602e-09	0.9999999817	2.603468248e-09	5.138734085e-09	
5.467094795e-09	5.128499602e-09	0.9999999817	2.60346825e-09	5.138734085e-09	
5.467094795e-09	5.128499603e-09	0.9999999817	2.603468258e-09	5.138734085e-09	
5.467094795e-09	5.128499603e-09	0.9999999817	2.603468285e-09	5.138734085e-09	
5.467146735e-09	5.128549803e-09	0.9999999816	2.641173881e-09	5.138782271e-09	
5.467094795e-09	5.128499603e-09	0.9999999817	2.603468267e-09	5.138734085e-09	
5.467094795e-09	5.128499603e-09	0.9999999817	2.603468272e-09	5.138734085e-09	
5.467155507e-09	5.128558279e-09	0.9999999816	2.647599334e-09	5.138790411e-09	
5.467161107e-09	5.128563689e-09	0.9999999816	2.651709839e-09	5.138795607e-09	
5.467094795e-09	5.128499602e-09	0.9999999817	2.603468237e-09	5.138734085e-09	
5.467094795e-09	5.128499602e-09	0.9999999817	2.603468225e-09	5.138734085e-09	
5.467094795e-09	5.128499602e-09	0.9999999817	2.60346824e-09	5.138734085e-09	
5.467094795e-09	5.128499602e-09	0.9999999817	2.60346825e-09	5.138734085e-09	
5.467094795e-09	5.128499603e-09	0.9999999817	2.603468259e-09	5.138734085e-09	
5.467094795e-09	5.128499602e-09	0.9999999817	2.603468238e-09	5.138734085e-09	
5.467094795e-09	5.128499603e-09	0.9999999817	2.603468264e-09	5.138734085e-09	
5.467155507e-09	5.128558279e-09	0.9999999816	2.647599326e-09	5.138790411e-09	
5.467161107e-09	5.128563689e-09	0.9999999816	2.651709826e-09	5.138795607e-09	
5.467161107e-09	5.128563689e-09	0.9999999816	2.651709828e-09	5.138795607e-09	
2.026104214e-08	2.199786512e-08	0.9998957406	0.000104198093	1.904410288e-08	
5.467161107e-09	5.128563689e-09	0.9999999816	2.651709859e-09	5.138795608e-09	
5.467161107e-09	5.128563689e-09	0.9999999816	2.651709866e-09	5.138795608e-09	
5.467213047e-09	5.12861389e-09	0.9999999816	2.690114137e-09	5.138843794e-09	
5.467161107e-09	5.128563689e-09	0.9999999816	2.651709847e-09	5.138795608e-09	
5.467161107e-09	5.128563689e-09	0.9999999816	2.651709852e-09	5.138795608e-09	
5.46722182e-09	5.128622365e-09	0.9999999816	2.696658651e-09	5.138851934e-09	
5.467094795e-09	5.128499602e-09	0.9999999817	2.603468212e-09	5.138734085e-09	
5.467094795e-09	5.128499602e-09	0.9999999817	2.603468227e-09	5.138734085e-09	
5.467094795e-09	5.128499602e-09	0.9999999817	2.603468228e-09	5.138734085e-09	
5.467094795e-09	5.128499603e-09	0.9999999817	2.603468256e-09	5.138734085e-09	
5.467094795e-09	5.128499602e-09	0.9999999817	2.603468237e-09	5.138734085e-09	
5.467094795e-09	5.128499603e-09	0.9999999817	2.603468264e-09	5.138734085e-09	
5.467146735e-09	5.128549803e-09	0.9999999816	2.641173859e-09	5.138782271e-09	
5.467094795e-09	5.128499602e-09	0.9999999817	2.603468245e-09	5.138734085e-09	
5.467094795e-09	5.128499602e-09	0.9999999817	2.603468225e-09	5.138734085e-09	
5.467094795e-09	5.128499602e-09	0.9999999817	2.60346825e-09	5.138734085e-09	
5.467094795e-09	5.128499602e-09	0.9999999817	2.603468215e-09	5.138734085e-09	
5.467094795e-09	5.128499602e-09	0.9999999817	2.603468216e-09	5.138734085e-09	
5.467094795e-09	5.128499602e-09	0.9999999817	2.603468244e-09	5.138734085e-09	
5.467146735e-09	5.128549803e-09	0.9999999816	2.641173847e-09	5.138782271e-09	
5.467094795e-09	5.128499602e-09	0.9999999817	2.603468233e-09	5.138734085e-09	
5.467094795e-09	5.128499602e-09	0.9999999817	2.603468213e-09	5.138734085e-09	
5.467094795e-09	5.128499602e-09	0.9999999817	2.603468231e-09	5.138734085e-09	
5.467094795e-09	5.128499603e-09	0.9999999817	2.603468259e-09	5.138734085e-09	
5.467094795e-09	5.128499603e-09	0.9999999817	2.603468267e-09	5.138734085e-09	
5.467146735e-09	5.128549803e-09	0.9999999816	2.641173862e-09	5.138782271e-09	
5.467094795e-09	5.128499602e-09	0.9999999817	2.603468248e-09	5.138734085e-09	
5.467094795e-09	5.128499602e-09	0.9999999817	2.603468228e-09	5.138734085e-09	
5.467094795e-09	5.128499602e-09	0.9999999817	2.603468253e-09	5.138734085e-09	
5.467094795e-09	5.128499603e-09	0.9999999817	2.603468261e-09	5.138734085e-09	
5.467094795e-09	5.128499602e-09	0.9999999817	2.603468241e-09	5.138734085e-09	
5.467094795e-09	5.128499603e-09	0.9999999817	2.603468268e-09	5.138734085e-09	
5.467146735e-09	5.128549803e-09	0.9999999816	2.641173864e-09	5.138782271e-09	
5.467094795e-09	5.128499602e-09	0.9999999817	2.60346825e-09	5.138734085e-09	
5.467094795e-09	5.128499602e-09	0.9999999817	2.603468229e-09	5.138734085e-09	
5.467155507e-09	5.128558279e-09	0.9999999816	2.647599316e-09	5.138790411e-09	
2.026099727e-08	2.199781467e-08	0.9998961546	0.0001037841286	1.904406134e-08	
2.026102466e-08	2.199784547e-08	0.9998959021	0.0001040365885	1.90440867e-08	
6.39550826e-08	0.000795119434	0.0002240573149	0.9989806992	6.011368213e-08	
1.483741449e-08	1.930783217e-05	5.055191878e-05	0.9999301115	1.394622198e-08	
1.495922484e-08	2.12305027e-05	5.084638854e-05	0.9999278941	1.406071639e-08	
1.451938277e-08	1.429116226e-05	4.934289581e-05	0.9999363378	1.364729284e-08	
1.35609528e-08	1.496304139e-08	4.606859903e-05	0.9999538901	1.274643669e-08	
1.356111662e-08	1.496831432e-08	4.612138957e-05	0.9999538371	1.299186377e-08	
1.356098953e-08	1.501578309e-08	4.612096279e-05	0.9999538377	1.274647057e-08	
1.3560974e-08	1.498003166e-08	4.614372966e-05	0.999953815	1.274645654e-08	
5.467094795e-09	5.128499603e-09	0.9999999817	2.603468269e-09	5.138734085e-09	
5.467146735e-09	5.128549803e-09	0.9999999816	2.641173892e-09	5.138782271e-09	
5.467094795e-09	5.128499603e-09	0.9999999817	2.603468257e-09	5.138734085e-09	
5.467094795e-09	5.128499603e-09	0.9999999817	2.603468283e-09	5.138734085e-09	
5.467155507e-09	5.128558279e-09	0.9999999816	2.647599345e-09	5.138790411e-09	
5.467146735e-09	5.128549803e-09	0.9999999816	2.641173872e-09	5.138782271e-09	
5.467094795e-09	5.128499603e-09	0.9999999817	2.603468258e-09	5.138734085e-09	
5.467094795e-09	5.128499602e-09	0.9999999817	2.603468238e-09	5.138734085e-09	
5.467155507e-09	5.128558279e-09	0.9999999816	2.647599325e-09	5.138790411e-09	
5.467146735e-09	5.128549804e-09	0.9999999816	2.6411739e-09	5.138782272e-09	
5.467094795e-09	5.128499603e-09	0.9999999817	2.603468265e-09	5.138734085e-09	
5.467094795e-09	5.128499603e-09	0.9999999817	2.60346829e-09	5.138734085e-09	
5.467155507e-09	5.128558279e-09	0.9999999816	2.647599353e-09	5.138790411e-09	
5.467146735e-09	5.128549803e-09	0.9999999816	2.641173881e-09	5.138782271e-09	
5.467146735e-09	5.128549803e-09	0.9999999816	2.641173861e-09	5.138782271e-09	
5.467146735e-09	5.128549803e-09	0.9999999816	2.641173886e-09	5.138782271e-09	
5.467207447e-09	5.12860848e-09	0.9999999816	2.685944091e-09	5.138838598e-09	
5.467094795e-09	5.128499602e-09	0.9999999817	2.603468246e-09	5.138734085e-09	
5.467094795e-09	5.128499603e-09	0.9999999817	2.603468272e-09	5.138734085e-09	
5.467155507e-09	5.128558279e-09	0.9999999816	2.647599334e-09	5.138790411e-09	
5.467094795e-09	5.128499602e-09	0.9999999817	2.603468251e-09	5.138734085e-09	
5.467155507e-09	5.128558279e-09	0.9999999816	2.647599313e-09	5.138790411e-09	
5.467155507e-09	5.128558279e-09	0.9999999816	2.647599339e-09	5.138790411e-09	
4.998417906e-09	0.9999999836	4.286873033e-09	2.39468309e-09	4.698206799e-09	
4.998421691e-09	0.9999999836	4.286876282e-09	2.397419879e-09	4.69821031e-09	
4.998443262e-09	0.9999999836	4.286894217e-09	2.41312313e-09	4.69823032e-09	
4.998421944e-09	0.9999999836	4.286876499e-09	2.397602643e-09	4.698210544e-09	
4.998421691e-09	0.9999999836	4.286876282e-09	2.397419879e-09	4.69821031e-09	
4.998422232e-09	0.9999999836	4.286876746e-09	2.39781136e-09	4.698210811e-09	
4.999165452e-09	0.999999983	4.287498238e-09	3.005016436e-09	4.698901757e-09	
4.998421691e-09	0.9999999836	4.286876282e-09	2.397419879e-09	4.69821031e-09	
4.998440712e-09	0.9999999836	4.286891986e-09	2.411268698e-09	4.698227955e-09	
4.998417906e-09	0.9999999836	4.286873033e-09	2.394683085e-09	4.698206799e-09	
4.998417905e-09	0.9999999836	4.286873033e-09	2.394682889e-09	4.698206798e-09	
4.998625298e-09	0.9999999835	4.287045734e-09	2.550141997e-09	4.698400056e-09	
4.998437848e-09	0.9999999836	4.286889606e-09	2.409179063e-09	4.698225298e-09	
4.998422232e-09	0.9999999836	4.286876746e-09	2.397811359e-09	4.698210811e-09	
4.998440264e-09	0.9999999836	4.286891711e-09	2.410934439e-09	4.698227539e-09	
1.215232907e-08	0.9999502571	1.042236832e-08	4.970888742e-05	1.142243252e-08	
4.998401749e-09	0.9999999836	4.286859709e-09	2.38299466e-09	4.698191811e-09	
4.99842332e-09	0.9999999836	4.286877644e-09	2.398603425e-09	4.698211821e-09	
4.998402002e-09	0.9999999836	4.286859926e-09	2.383176324e-09	4.698192045e-09	
4.998401749e-09	0.9999999836	4.286859709e-09	2.38299466e-09	4.698191811e-09	
4.999145507e-09	0.999999983	4.287481663e-09	2.986935323e-09	4.698883256e-09	
4.998401749e-09	0.9999999836	4.286859709e-09	2.38299466e-09	4.698191811e-09	
4.99842077e-09	0.9999999836	4.286875414e-09	2.396760151e-09	4.698209456e-09	
4.998397964e-09	0.9999999836	4.286856461e-09	2.380274334e-09	4.6981883e-09	
4.998397964e-09	0.9999999836	4.28685646e-09	2.380274138e-09	4.6981883e-09	
4.998605356e-09	0.9999999835	4.287029161e-09	2.534797853e-09	4.698381556e-09	
4.998417906e-09	0.9999999836	4.286873033e-09	2.39468309e-09	4.698206799e-09	
4.99840229e-09	0.9999999836	4.286860174e-09	2.383383785e-09	4.698192312e-09	
4.998420322e-09	0.9999999836	4.286875139e-09	2.396427903e-09	4.69820904e-09	
4.998427105e-09	0.9999999836	4.286880893e-09	2.401344695e-09	4.698215332e-09	
6.374646224e-09	0.9999905804	5.667841462e-09	9.40156677e-06	5.991769619e-09	
4.998405787e-09	0.9999999836	4.286863175e-09	2.385899963e-09	4.698195556e-09	
4.998405535e-09	0.9999999836	4.286862958e-09	2.385718091e-09	4.698195321e-09	
4.998406075e-09	0.9999999836	4.286863422e-09	2.386107662e-09	4.698195823e-09	
4.999149293e-09	0.999999983	4.287484913e-09	2.990348974e-09	4.698886767e-09	
4.998405535e-09	0.9999999836	4.286862958e-09	2.385718091e-09	4.698195321e-09	
4.998424555e-09	0.9999999836	4.286878662e-09	2.399499314e-09	4.698212966e-09	
4.998401749e-09	0.9999999836	4.286859709e-09	2.382994656e-09	4.698191811e-09	
4.998401749e-09	0.9999999836	4.286859709e-09	2.38299446e-09	4.69819181e-09	
4.998609141e-09	0.9999999835	4.28703241e-09	2.537694774e-09	4.698385067e-09	
4.998421691e-09	0.9999999836	4.286876282e-09	2.397419879e-09	4.69821031e-09	
4.998406075e-09	0.9999999836	4.286863422e-09	2.386107661e-09	4.698195823e-09	
4.998424107e-09	0.9999999836	4.286878387e-09	2.399166687e-09	4.69821255e-09	
6.374673341e-09	0.9999905188	5.667864825e-09	9.463147042e-06	5.99179477e-09	
4.998427358e-09	0.9999999836	4.286881109e-09	2.401527758e-09	4.698215566e-09	
4.998427105e-09	0.9999999836	4.286880893e-09	2.401344695e-09	4.698215332e-09	
4.998427646e-09	0.9999999836	4.286881357e-09	2.401736817e-09	4.698215833e-09	
4.998427105e-09	0.9999999836	4.286880893e-09	2.401344695e-09	4.698215332e-09	
4.998446126e-09	0.9999999836	4.286896597e-09	2.415216186e-09	4.698232977e-09	
4.99842332e-09	0.9999999836	4.286877644e-09	2.398603421e-09	4.698211821e-09	
4.998423319e-09	0.9999999836	4.286877643e-09	2.398603224e-09	4.698211821e-09	
4.998443262e-09	0.9999999836	4.286894217e-09	2.41312313e-09	4.69823032e-09	
4.998427646e-09	0.9999999836	4.286881357e-09	2.401736816e-09	4.698215833e-09	
4.998445678e-09	0.9999999836	4.286896322e-09	2.41488138e-09	4.698232561e-09	
1.215234125e-08	0.9999501757	1.042237868e-08	4.979026179e-05	1.14224438e-08	
6.374646542e-09	0.9999905797	5.667841744e-09	9.402283478e-06	5.991769914e-09	
6.374646224e-09	0.9999905804	5.667841462e-09	9.40156677e-06	5.991769619e-09	
6.374646904e-09	0.9999905789	5.667842066e-09	9.403101964e-06	5.991770249e-09	
6.374646224e-09	0.9999905804	5.667841462e-09	9.40156677e-06	5.991769619e-09	
6.374902073e-09	0.9999899815	5.668062107e-09	1.000046597e-05	5.99200802e-09	
6.374646904e-09	0.9999905789	5.667842066e-09	9.40310196e-06	5.991770249e-09	
6.374669572e-09	0.9999905274	5.667861561e-09	9.454564095e-06	5.991791274e-09	
4.645935519e-08	0.0005404142121	4.130797761e-08	0.9994594541	4.390789087e-08	
2.981231354e-08	0.418601425	2.666108013e-08	0.5813984905	2.8021684e-08	
4.998405787e-09	0.9999999836	4.286863175e-09	2.385899963e-09	4.698195556e-09	
4.998406328e-09	0.9999999836	4.286863639e-09	2.386289563e-09	4.698196057e-09	
4.999149545e-09	0.999999983	4.28748513e-09	2.990576939e-09	4.698887001e-09	
4.998405787e-09	0.9999999836	4.286863175e-09	2.385899963e-09	4.698195556e-09	
4.998424808e-09	0.9999999836	4.286878879e-09	2.399682237e-09	4.698213201e-09	
4.998402002e-09	0.9999999836	4.286859926e-09	2.38317632e-09	4.698192045e-09	
4.998402001e-09	0.9999999836	4.286859926e-09	2.383176124e-09	4.698192044e-09	
4.998609393e-09	0.9999999835	4.287032627e-09	2.537888231e-09	4.698385301e-09	
4.998421944e-09	0.9999999836	4.286876499e-09	2.397602643e-09	4.698210544e-09	
4.99842436e-09	0.9999999836	4.286878604e-09	2.399349584e-09	4.698212785e-09	
4.998406075e-09	0.9999999836	4.286863422e-09	2.386107662e-09	4.698195823e-09	
4.999149293e-09	0.999999983	4.287484913e-09	2.990348974e-09	4.698886767e-09	
4.998405535e-09	0.9999999836	4.286862958e-09	2.385718091e-09	4.698195321e-09	
4.998424555e-09	0.9999999836	4.286878662e-09	2.399499314e-09	4.698212966e-09	
4.998401749e-09	0.9999999836	4.286859709e-09	2.382994656e-09	4.698191811e-09	
4.998401749e-09	0.9999999836	4.286859709e-09	2.38299446e-09	4.69819181e-09	
4.998609141e-09	0.9999999835	4.28703241e-09	2.537694774e-09	4.698385067e-09	
4.998421691e-09	0.9999999836	4.286876282e-09	2.397419879e-09	4.69821031e-09	
4.998406075e-09	0.9999999836	4.286863422e-09	2.386107661e-09	4.698195823e-09	
4.998424107e-09	0.9999999836	4.286878387e-09	2.399166687e-09	4.69821255e-09	
4.998406075e-09	0.9999999836	4.286863422e-09	2.386107662e-09	4.698195823e-09	
4.998425096e-09	0.9999999836	4.286879126e-09	2.399891135e-09	4.698213468e-09	
4.99840229e-09	0.9999999836	4.286860173e-09	2.383383782e-09	4.698192312e-09	
4.998402289e-09	0.9999999836	4.286860173e-09	2.383383586e-09	4.698192312e-09	
4.998609681e-09	0.9999999835	4.287032874e-09	2.538109161e-09	4.698385568e-09	
4.998422232e-09	0.9999999836	4.286876746e-09	2.39781136e-09	4.698210811e-09	
4.998406616e-09	0.9999999836	4.286863886e-09	2.386497295e-09	4.698196324e-09	
4.998424648e-09	0.9999999836	4.286878852e-09	2.399558453e-09	4.698213052e-09	
4.999149293e-09	0.999999983	4.287484913e-09	2.990348974e-09	4.698886767e-09	
4.999145507e-09	0.999999983	4.287481663e-09	2.986935318e-09	4.698883256e-09	
4.999352929e-09	0.9999999828	4.287654389e-09	3.180842276e-09	4.69907654e-09	
4.999165452e-09	0.999999983	4.287498238e-09	3.005016436e-09	4.698901757e-09	
4.999167868e-09	0.999999983	4.287500344e-09	3.007205951e-09	4.698903999e-09	
6.088297006e-08	0.9995143088	5.264427829e-08	0.000485520413	5.722610946e-08	
5.582632399e-08	0.9995582742	4.815772737e-08	0.0004415692996	5.247318634e-08	
8.047809418e-08	0.9993439281	6.941128626e-08	0.0006558463795	7.564427865e-08	
4.998424555e-09	0.9999999836	4.286878662e-09	2.399499314e-09	4.698212966e-09	
4.998401749e-09	0.9999999836	4.286859709e-09	2.382994656e-09	4.698191811e-09	
4.998401749e-09	0.9999999836	4.286859709e-09	2.38299446e-09	4.69819181e-09	
4.998609141e-09	0.9999999835	4.28703241e-09	2.537694774e-09	4.698385067e-09	
4.998421691e-09	0.9999999836	4.286876282e-09	2.397419879e-09	4.69821031e-09	
4.998406075e-09	0.9999999836	4.286863422e-09	2.386107661e-09	4.698195823e-09	
4.998424107e-09	0.9999999836	4.286878387e-09	2.399166687e-09	4.69821255e-09	
4.998420769e-09	0.9999999836	4.286875413e-09	2.39675995e-09	4.698209455e-09	
4.998628162e-09	0.9999999835	4.287048115e-09	2.552353898e-09	4.698402712e-09	
4.998440712e-09	0.9999999836	4.286891986e-09	2.411268698e-09	4.698227955e-09	
4.998425096e-09	0.9999999836	4.286879126e-09	2.399891134e-09	4.698213468e-09	
4.998443127e-09	0.9999999836	4.286894092e-09	2.413025597e-09	4.698230195e-09	
1.215233551e-08	0.999950214	1.042237366e-08	4.975200098e-05	1.142243849e-08	
4.998397964e-09	0.9999999836	4.28685646e-09	2.380274134e-09	4.6981883e-09	
4.998605356e-09	0.9999999835	4.287029161e-09	2.534797848e-09	4.698381556e-09	
4.998417906e-09	0.9999999836	4.286873033e-09	2.394683085e-09	4.698206799e-09	
4.99840229e-09	0.9999999836	4.286860173e-09	2.383383781e-09	4.698192312e-09	
4.998420322e-09	0.9999999836	4.286875139e-09	2.396427899e-09	4.69820904e-09	
4.998605355e-09	0.9999999835	4.287029161e-09	2.53479764e-09	4.698381555e-09	
4.998417905e-09	0.9999999836	4.286873033e-09	2.394682889e-09	4.698206798e-09	
4.998402289e-09	0.9999999836	4.286860173e-09	2.383383585e-09	4.698192312e-09	
4.998420321e-09	0.9999999836	4.286875138e-09	2.396427703e-09	4.698209039e-09	
4.998625298e-09	0.9999999835	4.287045734e-09	2.550141997e-09	4.698400056e-09	
4.998609681e-09	0.9999999835	4.287032874e-09	2.53810916e-09	4.698385568e-09	
4.998627714e-09	0.9999999835	4.28704784e-09	2.552000081e-09	4.698402296e-09	
7.193037923e-08	0.9995062311	6.16905506e-08	0.0004935662247	6.901692094e-08	
1.215274946e-08	0.9999473488	1.042271759e-08	5.261723992e-05	1.142282418e-08	
4.998422232e-09	0.9999999836	4.286876746e-09	2.397811359e-09	4.698210811e-09	
4.998440264e-09	0.9999999836	4.286891711e-09	2.410934439e-09	4.698227539e-09	
1.215232907e-08	0.9999502571	1.042236832e-08	4.970888742e-05	1.142243252e-08	
4.998424648e-09	0.9999999836	4.286878852e-09	2.399558453e-09	4.698213052e-09	
1.21523345e-08	0.9999502209	1.042237306e-08	4.974510451e-05	1.142243756e-08	
4.988590964e-09	4.679629874e-09	4.278441692e-09	2.484667087e-09	0.9999999836	
4.988647325e-09	4.679682006e-09	4.278488567e-09	2.527567423e-09	0.9999999835	
4.988562962e-09	4.679603918e-09	4.27841842e-09	2.463662311e-09	0.9999999836	
4.988585334e-09	4.679624655e-09	4.278437012e-09	2.480428334e-09	0.9999999836	
1.001644803e-08	9.433326274e-09	8.590537528e-09	3.597009267e-05	0.9999640019	
4.988656914e-09	4.679690884e-09	4.278496545e-09	2.534941416e-09	0.9999999835	
4.988585334e-09	4.679624655e-09	4.278437012e-09	2.480428334e-09	0.9999999836	
4.988587834e-09	4.679626973e-09	4.27843909e-09	2.482309859e-09	0.9999999836	
2.36260716e-08	2.216280342e-08	2.026273756e-08	0.0001337342541	0.9998661997	
4.988555347e-09	4.679596857e-09	4.278412051e-09	2.457931331e-09	0.9999999836	
4.988470986e-09	4.67951877e-09	4.278341906e-09	2.395786845e-09	0.9999999837	
4.988493357e-09	4.679539507e-09	4.278360497e-09	2.412090954e-09	0.9999999836	
1.001627328e-08	9.433163977e-09	8.59039241e-09	3.497912838e-05	0.9999649928	
4.988470986e-09	4.67951877e-09	4.278341906e-09	2.395786834e-09	0.9999999837	
4.988564936e-09	4.679605735e-09	4.27842003e-09	2.465102166e-09	0.9999999836	
4.988493357e-09	4.679539507e-09	4.278360497e-09	2.412090954e-09	0.9999999836	
4.988527345e-09	4.679570901e-09	4.27838878e-09	2.437152572e-09	0.9999999836	
4.988549717e-09	4.679591638e-09	4.278407371e-09	2.453738188e-09	0.9999999836	
4.988527345e-09	4.679570901e-09	4.27838878e-09	2.437152564e-09	0.9999999836	
4.988527345e-09	4.679570901e-09	4.27838878e-09	2.437152561e-09	0.9999999836	
4.988621296e-09	4.679657866e-09	4.278466904e-09	2.507664694e-09	0.9999999835	
4.988549717e-09	4.679591638e-09	4.278407371e-09	2.453738188e-09	0.9999999836	
4.988552217e-09	4.679593955e-09	4.27840945e-09	2.455599468e-09	0.9999999836	
2.362593691e-08	2.216267894e-08	2.026262635e-08	0.0001322954241	0.9998676385	
4.988465356e-09	4.679513551e-09	4.278337226e-09	2.391699719e-09	0.9999999837	
4.988442984e-09	4.679492815e-09	4.278318634e-09	2.375533433e-09	0.9999999837	
4.988442984e-09	4.679492815e-09	4.278318634e-09	2.37553343e-09	0.9999999837	
4.988465356e-09	4.679513551e-09	4.278337226e-09	2.391699719e-09	0.9999999837	
4.988467856e-09	4.679515869e-09	4.278339304e-09	2.393513939e-09	0.9999999837	
4.988465355e-09	4.679513551e-09	4.278337226e-09	2.391699711e-09	0.9999999837	
1.001626257e-08	9.433154019e-09	8.590383526e-09	3.491945732e-05	0.9999650525	
4.988465355e-09	4.679513551e-09	4.278337226e-09	2.391699707e-09	0.9999999837	
4.988559305e-09	4.679600515e-09	4.27841535e-09	2.46089679e-09	0.9999999836	
4.988487727e-09	4.679534288e-09	4.278355817e-09	2.407976013e-09	0.9999999836	
4.988490227e-09	4.679536606e-09	4.278357896e-09	2.40980258e-09	0.9999999836	
4.988442984e-09	4.679492815e-09	4.278318634e-09	2.375533422e-09	0.9999999837	
4.988536933e-09	4.679579779e-09	4.278396758e-09	2.444262779e-09	0.9999999836	
4.988465355e-09	4.679513551e-09	4.278337226e-09	2.391699711e-09	0.9999999837	
4.988467856e-09	4.679515869e-09	4.278339304e-09	2.393513931e-09	0.9999999837	
1.001626257e-08	9.433154019e-09	8.590383526e-09	3.491945732e-05	0.9999650525	
1.001626733e-08	9.433158441e-09	8.590387471e-09	3.49459445e-05	0.999965026	
1.977257828e-08	1.874640017e-08	1.695780089e-08	0.9998619692	0.0001379753153	
1.977252845e-08	1.872276329e-08	1.695775901e-08	0.9998625075	0.0001374370263	
2.133878056e-08	2.038499237e-05	1.830101675e-08	0.9998306644	0.0001489109957	
1.977275481e-08	1.893116111e-08	1.70667355e-08	0.9998621733	0.0001377709745	
1.977257828e-08	1.874640017e-08	1.695780089e-08	0.9998619692	0.0001379753153	
4.988536933e-09	4.679579779e-09	4.278396758e-09	2.444262776e-09	0.9999999836	
4.988465355e-09	4.679513551e-09	4.278337226e-09	2.391699707e-09	0.9999999837	
4.988467856e-09	4.679515869e-09	4.278339304e-09	2.393513928e-09	0.9999999837	
4.988559305e-09	4.679600515e-09	4.27841535e-09	2.46089679e-09	0.9999999836	
4.988561806e-09	4.679602833e-09	4.278417428e-09	2.4627635e-09	0.9999999836	
2.36259732e-08	2.216271243e-08	2.026265631e-08	0.0001326813352	0.9998672526	
4.988490227e-09	4.679536606e-09	4.278357896e-09	2.40980258e-09	0.9999999836	
1.254522449e-08	1.176823922e-08	1.075931812e-08	0.9999634103	3.655459357e-05	
1.254522449e-08	1.176824054e-08	1.075931812e-08	0.9999634103	3.655459355e-05	
1.254522767e-08	1.176824364e-08	1.075932079e-08	0.9999633936	3.657131561e-05	
1.254522767e-08	1.176824362e-08	1.075932079e-08	0.9999633936	3.657131561e-05	
1.254522767e-08	1.176824218e-08	1.075932079e-08	0.9999633936	3.65713153e-05	
1.254522176e-08	1.176823793e-08	1.075931582e-08	0.9999634247	3.654027669e-05	
1.254522449e-08	1.176824051e-08	1.075931812e-08	0.9999634103	3.655459386e-05	
1.254522176e-08	1.176823793e-08	1.075931582e-08	0.9999634247	3.654027669e-05	
1.254522767e-08	1.176824356e-08	1.075932079e-08	0.9999633936	3.657131561e-05	
1.25452385e-08	1.178535834e-08	1.075933e-08	0.9999633936	3.657134651e-05	
1.25458169e-08	1.27442237e-08	1.075982016e-08	0.9999634076	3.655631749e-05	
9.846357961e-09	9.236531538e-09	8.44466676e-09	0.9999999631	9.35655579e-09	
9.846360623e-09	9.236534127e-09	8.444669002e-09	0.9999999631	9.360836143e-09	
9.846360623e-09	9.236534107e-09	8.444669002e-09	0.9999999631	9.360836143e-09	
9.846360621e-09	9.23653298e-09	8.444669001e-09	0.9999999631	9.360836064e-09	
9.846355681e-09	9.236529354e-09	8.444664839e-09	0.9999999631	9.352891096e-09	
9.846346705e-09	9.269003082e-09	8.444657394e-09	0.9999999631	9.305611368e-09	
9.84632619e-09	9.236502134e-09	8.444639997e-09	0.9999999632	9.305591901e-09	
9.846357961e-09	9.236531511e-09	8.44466676e-09	0.9999999631	9.356555868e-09	
9.846355681e-09	9.236529354e-09	8.444664839e-09	0.9999999631	9.352891096e-09	
9.846360622e-09	9.236534058e-09	8.444669002e-09	0.9999999631	9.360836143e-09	
9.846369124e-09	9.249966931e-09	8.444676228e-09	0.9999999631	9.360844052e-09	
9.846326189e-09	9.236502077e-09	8.444639996e-09	0.9999999632	9.305591831e-09	
9.846360624e-09	9.236535167e-09	8.444669003e-09	0.9999999631	9.360836138e-09	
9.846360624e-09	9.236535147e-09	8.444669003e-09	0.9999999631	9.360836138e-09	
9.846360622e-09	9.23653402e-09	8.444669002e-09	0.9999999631	9.360836059e-09	
9.846355683e-09	9.236530394e-09	8.44466484e-09	0.9999999631	9.352891091e-09	
9.846346706e-09	9.269004125e-09	8.444657394e-09	0.9999999631	9.305611363e-09	
9.846326191e-09	9.236503174e-09	8.444639997e-09	0.9999999632	9.305591897e-09	
9.846357962e-09	9.236532551e-09	8.444666761e-09	0.9999999631	9.356555863e-09	
9.846355683e-09	9.236530394e-09	8.44466484e-09	0.9999999631	9.352891091e-09	
9.846360624e-09	9.236535098e-09	8.444669003e-09	0.9999999631	9.360836138e-09	
9.846326191e-09	9.236503117e-09	8.444639997e-09	0.9999999632	9.305591826e-09	
9.846822946e-09	1.000255197e-08	8.445060816e-09	0.9999999623	9.356997064e-09	
9.846363285e-09	9.236537736e-09	8.444671245e-09	0.9999999631	9.365118449e-09	
9.846358344e-09	9.236532984e-09	8.444667083e-09	0.9999999631	9.357169767e-09	
9.846349368e-09	9.269006724e-09	8.444659637e-09	0.9999999631	9.309868411e-09	
9.846360624e-09	9.236535141e-09	8.444669003e-09	0.9999999631	9.360836216e-09	
9.846358344e-09	9.236532984e-09	8.444667083e-09	0.9999999631	9.357169767e-09	
9.846363285e-09	9.236537688e-09	8.444671245e-09	0.9999999631	9.365118449e-09	
9.846371787e-09	9.249970565e-09	8.444678471e-09	0.9999999631	9.365126362e-09	
9.846328852e-09	9.236505706e-09	8.44464224e-09	0.9999999632	9.309848864e-09	
9.846825608e-09	1.000255477e-08	8.445063058e-09	0.9999999623	9.361277619e-09	
9.846363284e-09	9.23653659e-09	8.444671244e-09	0.9999999631	9.36511837e-09	
9.846358344e-09	9.236532964e-09	8.444667083e-09	0.9999999631	9.357169767e-09	
9.846349368e-09	9.269006704e-09	8.444659637e-09	0.9999999631	9.309868411e-09	
9.846328852e-09	9.236505743e-09	8.44464224e-09	0.9999999632	9.309848935e-09	
9.846360624e-09	9.236535121e-09	8.444669003e-09	0.9999999631	9.360836216e-09	
9.846358344e-09	9.236532964e-09	8.444667083e-09	0.9999999631	9.357169767e-09	
9.846363285e-09	9.236537668e-09	8.444671245e-09	0.9999999631	9.365118449e-09	
9.846825608e-09	1.000255475e-08	8.445063058e-09	0.9999999623	9.361277619e-09	
9.846358343e-09	9.236531837e-09	8.444667082e-09	0.9999999631	9.357169689e-09	
9.846349367e-09	9.269005573e-09	8.444659636e-09	0.9999999631	9.309868332e-09	
9.846328851e-09	9.236504617e-09	8.444642239e-09	0.9999999632	9.309848857e-09	
9.846360622e-09	9.236533994e-09	8.444669002e-09	0.9999999631	9.360836137e-09	
9.846358343e-09	9.236531837e-09	8.444667082e-09	0.9999999631	9.357169689e-09	
9.846363284e-09	9.236536541e-09	8.444671244e-09	0.9999999631	9.36511837e-09	
9.846371785e-09	9.249969417e-09	8.44467847e-09	0.9999999631	9.365126283e-09	
9.846328851e-09	9.236504559e-09	8.444642238e-09	0.9999999632	9.309848786e-09	
9.846344427e-09	9.269001934e-09	8.444655474e-09	0.9999999631	9.301966622e-09	
9.846323911e-09	9.236500991e-09	8.444638077e-09	0.9999999632	9.301947163e-09	
9.846355683e-09	9.236530368e-09	8.44466484e-09	0.9999999631	9.352891168e-09	
9.846353403e-09	9.236528211e-09	8.44466292e-09	0.9999999631	9.349227832e-09	
9.846358344e-09	9.236532915e-09	8.444667083e-09	0.9999999631	9.357169767e-09	
9.846366846e-09	9.249965785e-09	8.444674308e-09	0.9999999631	9.357177673e-09	
9.846323911e-09	9.236500933e-09	8.444638077e-09	0.9999999632	9.301947093e-09	
9.846820667e-09	1.00025496e-08	8.445058895e-09	0.9999999624	9.353332197e-09	
9.846344427e-09	9.269001934e-09	8.444655474e-09	0.9999999631	9.301966622e-09	
9.846314935e-09	9.268974561e-09	8.444630631e-09	0.9999999632	9.254924892e-09	
9.84681169e-09	1.00377165e-08	8.445051449e-09	0.9999999624	9.30605024e-09	
9.84644347e-09	9.319530764e-09	8.444739322e-09	0.999999963	9.410375319e-09	
1.062664586e-08	1.014715e-05	9.11386172e-09	0.9999898229	1.019622453e-08	
1.086184532e-08	1.336578113e-05	9.369827295e-09	0.9999866038	1.020945424e-08	
9.84644001e-09	9.419946932e-09	8.489282596e-09	0.999999963	9.255041762e-09	
9.846326191e-09	9.236503148e-09	8.444639998e-09	0.9999999632	9.305591974e-09	
9.846323911e-09	9.236500991e-09	8.444638077e-09	0.9999999632	9.301947163e-09	
9.846328852e-09	9.236505695e-09	8.44464224e-09	0.9999999632	9.309848935e-09	
9.846337354e-09	9.249938526e-09	8.444649465e-09	0.9999999631	9.309856801e-09	
9.846294419e-09	9.236473713e-09	8.444613234e-09	0.9999999632	9.254905531e-09	
9.846791173e-09	1.000252013e-08	8.445034051e-09	0.9999999624	9.306030772e-09	
9.846355683e-09	9.236530368e-09	8.44466484e-09	0.9999999631	9.352891168e-09	
9.846360624e-09	9.236535072e-09	8.444669003e-09	0.9999999631	9.360836216e-09	
9.846369125e-09	9.249967946e-09	8.444676229e-09	0.9999999631	9.360844124e-09	
9.846326191e-09	9.23650309e-09	8.444639997e-09	0.9999999632	9.305591903e-09	
9.846822946e-09	1.000255194e-08	8.445060816e-09	0.9999999623	9.356997142e-09	
9.846358344e-09	9.236532915e-09	8.444667083e-09	0.9999999631	9.357169767e-09	
9.846366846e-09	9.249965785e-09	8.444674308e-09	0.9999999631	9.357177673e-09	
9.846323911e-09	9.236500933e-09	8.444638077e-09	0.9999999632	9.301947093e-09	
9.846820667e-09	1.00025496e-08	8.445058895e-09	0.9999999624	9.353332197e-09	
9.846328852e-09	9.236505637e-09	8.44464224e-09	0.9999999632	9.309848864e-09	
9.846825608e-09	1.00025547e-08	8.445063058e-09	0.9999999623	9.361277619e-09	
9.846337354e-09	9.249938468e-09	8.444649465e-09	0.9999999631	9.30985673e-09	
9.84683411e-09	1.001710161e-08	8.445070284e-09	0.9999999623	9.361285528e-09	
9.846373637e-09	9.307552977e-09	8.444680472e-09	0.9999999631	9.309891259e-09	
1.054245863e-08	8.978566626e-06	9.092751345e-09	0.9999909918	9.968043543e-09	
9.846791173e-09	1.000252006e-08	8.445034051e-09	0.9999999624	9.306030701e-09	
9.846581605e-09	9.349299632e-09	8.444856018e-09	0.9999999628	9.605897735e-09	
1.077353908e-08	1.219416763e-05	9.315682238e-09	0.9999877754	1.033670712e-08	
9.846556536e-09	9.465243328e-09	8.444834893e-09	0.9999999628	9.44731642e-09	
9.846489352e-09	9.356499431e-09	8.444778334e-09	0.9999999629	9.447252502e-09	
1.06267946e-08	1.017956216e-05	9.113987368e-09	0.9999897903	1.040807446e-08	
1.086199723e-08	1.340847414e-05	9.369956375e-09	0.9999865609	1.042157893e-08	
1.054258203e-08	9.025782585e-06	9.092856288e-09	0.9999909445	1.011511491e-08	
9.846577695e-09	9.499824514e-09	8.444852775e-09	0.9999999628	9.447336681e-09	
9.846578146e-09	9.450036554e-09	8.489399909e-09	0.9999999628	9.447336762e-09	
9.846697619e-09	9.453367217e-09	8.499128458e-09	0.9999999626	9.629241623e-09	
9.846567685e-09	9.483306954e-09	8.444844349e-09	0.9999999628	9.447327037e-09	
9.846594282e-09	9.460767612e-09	8.503245421e-09	0.9999999627	9.447352183e-09	
1.07735063e-08	1.217878593e-05	9.315654359e-09	0.9999877908	1.02963747e-08	
9.846526422e-09	9.453303747e-09	8.44480949e-09	0.9999999628	9.410454131e-09	
9.846459237e-09	9.344697021e-09	8.444752932e-09	0.999999963	9.410390463e-09	
1.062676223e-08	1.016672166e-05	9.11396007e-09	0.9999898032	1.036746354e-08	
1.08619642e-08	1.339156075e-05	9.369928348e-09	0.9999865778	1.038091536e-08	
1.054254991e-08	9.014397448e-06	9.09282904e-09	0.9999909559	1.007564706e-08	
9.84654758e-09	9.487841312e-09	8.444827373e-09	0.9999999628	9.410474314e-09	
9.846548031e-09	9.438116156e-09	8.489374372e-09	0.9999999628	9.410474395e-09	
9.846667504e-09	9.441442618e-09	8.499102892e-09	0.9999999626	9.591669485e-09	
9.846575223e-09	9.471384102e-09	8.499024244e-09	0.9999999628	9.410499898e-09	
9.846581605e-09	9.349299632e-09	8.444856018e-09	0.9999999628	9.605897735e-09	
9.846537571e-09	9.471344588e-09	8.444818946e-09	0.9999999628	9.410464707e-09	
9.846564167e-09	9.448833678e-09	8.503219843e-09	0.9999999628	9.410489755e-09	
1.077347724e-08	1.232981715e-05	9.315629649e-09	0.99998764	1.012639295e-08	
1.077340526e-08	1.218816458e-05	9.315568577e-09	0.9999877816	1.012632587e-08	
1.168078686e-08	0.01716702752	1.015896612e-08	0.9828329397	1.097920081e-08	
1.140121932e-08	0.01162097354	9.914119974e-09	0.9883789944	1.071642495e-08	
1.07735011e-08	1.231000842e-05	9.364790202e-09	0.9999876597	1.012641495e-08	
1.077353038e-08	1.235339882e-05	9.375434752e-09	0.9999876163	1.012644196e-08	
1.077353908e-08	1.219416763e-05	9.315682238e-09	0.9999877754	1.033670712e-08	
1.077348919e-08	1.235334728e-05	9.315639861e-09	0.9999876164	1.012640409e-08	
9.846434169e-09	9.460583639e-09	8.444731806e-09	0.999999963	9.255036728e-09	
1.062673384e-08	1.029280118e-05	9.113936122e-09	0.9999896773	1.019630844e-08	
1.054252189e-08	9.126186894e-06	9.092805278e-09	0.9999908443	9.909309671e-09	
9.846522511e-09	9.605503108e-09	8.444806247e-09	0.9999999628	9.255119194e-09	
1.683999206e-08	9.658397949e-05	1.44426933e-08	0.9999033689	1.582853646e-08	
9.846522962e-09	9.555161294e-09	8.489353135e-09	0.9999999629	9.255119274e-09	
9.846642435e-09	9.558529008e-09	8.499081631e-09	0.9999999627	9.43332306e-09	
9.846550153e-09	9.588841807e-09	8.499002983e-09	0.9999999628	9.255144356e-09	
9.846556536e-09	9.465243328e-09	8.444834893e-09	0.9999999628	9.44731642e-09	
9.846512502e-09	9.588801803e-09	8.444797821e-09	0.9999999629	9.255109746e-09	
9.846539098e-09	9.566011727e-09	8.503198571e-09	0.9999999628	9.255134381e-09	
1.062666259e-08	1.017455087e-05	9.113876159e-09	0.9999897955	1.019624066e-08	
1.086186232e-08	1.340187331e-05	9.369842058e-09	0.9999865677	1.02094703e-08	
1.054245106e-08	9.02133928e-06	9.092745332e-09	0.9999909491	9.909243666e-09	
9.846455778e-09	9.445384351e-09	8.489296278e-09	0.999999963	9.255056657e-09	
9.84657525e-09	9.448713375e-09	8.499024709e-09	0.9999999628	9.433259238e-09	
9.846482969e-09	9.478677917e-09	8.498946061e-09	0.9999999629	9.255081738e-09	
9.846489352e-09	9.356499431e-09	8.444778334e-09	0.9999999629	9.447252502e-09	
9.846445318e-09	9.478638373e-09	8.444741262e-09	0.999999963	9.255047129e-09	
9.846471914e-09	9.456110127e-09	8.503141622e-09	0.9999999629	9.255071764e-09	
1.155443242e-08	0.01437158487	9.967262382e-09	0.9856283825	1.108642517e-08	
1.126753551e-08	0.009719707387	9.71810678e-09	0.9902802608	1.081114883e-08	
1.062675734e-08	1.027626502e-05	9.162032265e-09	0.9999896937	1.019633057e-08	
1.06267863e-08	1.031248695e-05	9.172446415e-09	0.9999896575	1.019635783e-08	
1.06267946e-08	1.017956216e-05	9.113987368e-09	0.9999897903	1.040807446e-08	
1.062674566e-08	1.031244392e-05	9.113946149e-09	0.9999896576	1.01963197e-08	
1.062677463e-08	1.028793419e-05	9.176974679e-09	0.9999896821	1.019634709e-08	
1.148155817e-08	0.01276344597	9.960366219e-09	0.9872365218	1.079193874e-08	
1.086195754e-08	1.36071636e-05	9.369922731e-09	0.9999863624	1.020955918e-08	
1.634244875e-08	0.1203656627	1.409757894e-08	0.8796342915	1.536086817e-08	
1.086195881e-08	1.353585031e-05	9.419350339e-09	0.9999864337	1.020955999e-08	
1.086209056e-08	1.354062095e-05	9.430144533e-09	0.9999864287	1.040614112e-08	
1.086198829e-08	1.358356151e-05	9.430056864e-09	0.9999863859	1.020958717e-08	
1.086199723e-08	1.340847414e-05	9.369956375e-09	0.9999865609	1.042157893e-08	
1.086194676e-08	1.358350484e-05	9.369913603e-09	0.9999863861	1.0209549e-08	
1.651141156e-08	0.08434083387	1.424088775e-08	0.9156591199	1.551968244e-08	
1.054254518e-08	9.111524979e-06	9.140789892e-09	0.9999908589	9.909331154e-09	
1.054267306e-08	9.114736305e-06	9.151264881e-09	0.9999908555	1.010013151e-08	
1.054257396e-08	9.143641447e-06	9.151179934e-09	0.9999908268	9.909357691e-09	
1.054258203e-08	9.025782585e-06	9.092856288e-09	0.9999909445	1.011511491e-08	
1.054253364e-08	9.143603301e-06	9.092815301e-09	0.9999908269	9.909320635e-09	
1.054256235e-08	9.121871544e-06	9.155697673e-09	0.9999908485	9.909347226e-09	
1.68400223e-08	9.693681404e-05	1.444271879e-08	0.9999030161	1.582856482e-08	
9.84654412e-09	9.590070994e-09	8.489371112e-09	0.9999999628	9.255139123e-09	
9.846663593e-09	9.593451013e-09	8.499099628e-09	0.9999999626	9.433343292e-09	
9.846571312e-09	9.623874559e-09	8.49902098e-09	0.9999999628	9.255164205e-09	
9.846577695e-09	9.499824514e-09	8.444852775e-09	0.9999999628	9.447336681e-09	
9.846560257e-09	9.60096107e-09	8.503216578e-09	0.9999999628	9.25515423e-09	
1.684003163e-08	9.642882351e-05	1.451891242e-08	0.999903524	1.5828573e-08	
1.684023538e-08	9.646280653e-05	1.453555008e-08	0.9999034897	1.613334558e-08	
1.684007241e-08	9.676868778e-05	1.453541113e-08	0.9999031841	1.582861052e-08	
1.684000802e-08	9.676828412e-05	1.444270681e-08	0.9999031846	1.582855133e-08	
1.684005738e-08	9.653831339e-05	1.454258998e-08	0.9999034145	1.58285971e-08	
9.846664044e-09	9.543172363e-09	8.543932917e-09	0.9999999626	9.433343373e-09	
9.846571763e-09	9.573436461e-09	8.543853854e-09	0.9999999628	9.255164284e-09	
9.846578146e-09	9.450036554e-09	8.489399909e-09	0.9999999628	9.447336762e-09	
9.846534111e-09	9.573396521e-09	8.489362641e-09	0.9999999628	9.255129675e-09	
9.846560707e-09	9.55064306e-09	8.548071584e-09	0.9999999628	9.25515431e-09	
9.846691236e-09	9.576810616e-09	8.553644806e-09	0.9999999626	9.433368938e-09	
9.846697619e-09	9.453367217e-09	8.499128458e-09	0.9999999626	9.629241623e-09	
9.846653584e-09	9.576770663e-09	8.499091148e-09	0.9999999626	9.433333662e-09	
9.846561303e-09	9.607141311e-09	8.499012499e-09	0.9999999628	9.255154757e-09	
9.846587899e-09	9.584307647e-09	8.557788177e-09	0.9999999628	9.255179392e-09	
9.846567685e-09	9.483306954e-09	8.444844349e-09	0.9999999628	9.447327037e-09	
9.846594282e-09	9.460767612e-09	8.503245421e-09	0.9999999627	9.447352183e-09	
9.846550247e-09	9.584267662e-09	8.503208093e-09	0.9999999628	9.255144782e-09	
