5.467094805e-09	5.12847102e-09	0.9999999817	2.603473989e-09	5.138734096e-09	
5.467161118e-09	5.128535113e-09	0.9999999816	2.651715964e-09	5.138795618e-09	
5.467094805e-09	5.12847102e-09	0.9999999817	2.603473976e-09	5.138734096e-09	
5.467094805e-09	5.12847102e-09	0.9999999817	2.603473963e-09	5.138734096e-09	
5.467094805e-09	5.12847102e-09	0.9999999817	2.603473979e-09	5.138734096e-09	
5.467094805e-09	5.12847102e-09	0.9999999817	2.60347398e-09	5.138734096e-09	
5.467094805e-09	5.12847102e-09	0.9999999817	2.603473988e-09	5.138734096e-09	
5.467094806e-09	5.12847102e-09	0.9999999817	2.603474015e-09	5.138734096e-09	
5.467146746e-09	5.128521226e-09	0.9999999816	2.64117991e-09	5.138782282e-09	
5.467094806e-09	5.12847102e-09	0.9999999817	2.603473997e-09	5.138734096e-09	
5.467094806e-09	5.12847102e-09	0.9999999817	2.603474002e-09	5.138734096e-09	
5.467155518e-09	5.128529702e-09	0.9999999816	2.647605416e-09	5.138790422e-09	
5.467161118e-09	5.128535113e-09	0.9999999816	2.651715955e-09	5.138795618e-09	
5.467094805e-09	5.12847102e-09	0.9999999817	2.603473968e-09	5.138734096e-09	
5.467094805e-09	5.12847102e-09	0.9999999817	2.603473955e-09	5.138734096e-09	
5.467094805e-09	5.12847102e-09	0.9999999817	2.60347397e-09	5.138734096e-09	
5.467094805e-09	5.12847102e-09	0.9999999817	2.60347398e-09	5.138734096e-09	
5.467094805e-09	5.12847102e-09	0.9999999817	2.603473989e-09	5.138734096e-09	
5.467094805e-09	5.12847102e-09	0.9999999817	2.603473969e-09	5.138734096e-09	
5.467094806e-09	5.12847102e-09	0.9999999817	2.603473994e-09	5.138734096e-09	
5.467155518e-09	5.128529702e-09	0.9999999816	2.647605408e-09	5.138790422e-09	
5.467161118e-09	5.128535113e-09	0.9999999816	2.651715942e-09	5.138795618e-09	
5.467161118e-09	5.128535113e-09	0.9999999816	2.651715945e-09	5.138795618e-09	
2.026104149e-08	2.200058891e-08	0.9998957404	0.0001041983176	1.904410227e-08	
5.467161118e-09	5.128535113e-09	0.9999999816	2.651715975e-09	5.138795619e-09	
5.467161118e-09	5.128535113e-09	0.9999999816	2.651715982e-09	5.138795619e-09	
5.467213059e-09	5.128585319e-09	0.9999999816	2.690120562e-09	5.138843806e-09	
5.467161118e-09	5.128535113e-09	0.9999999816	2.651715964e-09	5.138795618e-09	
5.467161118e-09	5.128535113e-09	0.9999999816	2.651715969e-09	5.138795618e-09	
5.467221831e-09	5.128593796e-09	0.9999999816	2.696665131e-09	5.138851945e-09	
5.467094805e-09	5.12847102e-09	0.9999999817	2.603473942e-09	5.138734096e-09	
5.467094805e-09	5.12847102e-09	0.9999999817	2.603473957e-09	5.138734096e-09	
5.467094805e-09	5.12847102e-09	0.9999999817	2.603473959e-09	5.138734096e-09	
5.467094805e-09	5.12847102e-09	0.9999999817	2.603473987e-09	5.138734096e-09	
5.467094805e-09	5.12847102e-09	0.9999999817	2.603473967e-09	5.138734096e-09	
5.467094806e-09	5.12847102e-09	0.9999999817	2.603473994e-09	5.138734096e-09	
5.467146746e-09	5.128521226e-09	0.9999999816	2.641179889e-09	5.138782282e-09	
5.467094805e-09	5.12847102e-09	0.9999999817	2.603473976e-09	5.138734096e-09	
5.467094805e-09	5.12847102e-09	0.9999999817	2.603473955e-09	5.138734096e-09	
5.467094805e-09	5.12847102e-09	0.9999999817	2.603473981e-09	5.138734096e-09	
5.467094805e-09	5.12847102e-09	0.9999999817	2.603473945e-09	5.138734096e-09	
5.467094805e-09	5.12847102e-09	0.9999999817	2.603473946e-09	5.138734096e-09	
5.467094805e-09	5.12847102e-09	0.9999999817	2.603473974e-09	5.138734096e-09	
5.467146745e-09	5.128521226e-09	0.9999999816	2.641179876e-09	5.138782282e-09	
5.467094805e-09	5.12847102e-09	0.9999999817	2.603473963e-09	5.138734096e-09	
5.467094805e-09	5.12847102e-09	0.9999999817	2.603473943e-09	5.138734096e-09	
5.467094805e-09	5.12847102e-09	0.9999999817	2.603473961e-09	5.138734096e-09	
5.467094805e-09	5.12847102e-09	0.9999999817	2.60347399e-09	5.138734096e-09	
5.467094806e-09	5.12847102e-09	0.9999999817	2.603473997e-09	5.138734096e-09	
5.467146746e-09	5.128521226e-09	0.9999999816	2.641179892e-09	5.138782282e-09	
5.467094805e-09	5.12847102e-09	0.9999999817	2.603473979e-09	5.138734096e-09	
5.467094805e-09	5.12847102e-09	0.9999999817	2.603473958e-09	5.138734096e-09	
5.467094805e-09	5.12847102e-09	0.9999999817	2.603473984e-09	5.138734096e-09	
5.467094805e-09	5.12847102e-09	0.9999999817	2.603473991e-09	5.138734096e-09	
5.467094805e-09	5.12847102e-09	0.9999999817	2.603473971e-09	5.138734096e-09	
5.467094806e-09	5.12847102e-09	0.9999999817	2.603473998e-09	5.138734096e-09	
5.467146746e-09	5.128521226e-09	0.9999999816	2.641179893e-09	5.138782282e-09	
5.467094805e-09	5.12847102e-09	0.9999999817	2.60347398e-09	5.138734096e-09	
5.467094805e-09	5.12847102e-09	0.9999999817	2.60347396e-09	5.138734096e-09	
5.467155518e-09	5.128529702e-09	0.9999999816	2.647605399e-09	5.138790422e-09	
2.026099662e-08	2.200053845e-08	0.9998961543	0.0001037843498	1.904406073e-08	
2.026102401e-08	2.200056926e-08	0.9998959019	0.0001040368118	1.904408608e-08	
6.396597364e-08	0.0007953904186	0.0002240995229	0.998980386	6.012391898e-08	
1.483741536e-08	1.931068505e-05	5.055192345e-05	0.9999301086	1.394622279e-08	
1.495980967e-08	2.124281267e-05	5.084840939e-05	0.9999278798	1.406126609e-08	
1.451938373e-08	1.42933948e-05	4.934290073e-05	0.9999363355	1.364729374e-08	
1.356092459e-08	1.496491142e-08	4.606850332e-05	0.9999538902	1.274641017e-08	
1.356108842e-08	1.497019326e-08	4.612129346e-05	0.9999538372	1.299183522e-08	
1.356096133e-08	1.501767074e-08	4.61208667e-05	0.9999538378	1.274644406e-08	
1.356094578e-08	1.498187931e-08	4.614363333e-05	0.9999538151	1.274643001e-08	
5.467094806e-09	5.12847102e-09	0.9999999817	2.603473999e-09	5.138734096e-09	
5.467146746e-09	5.128521226e-09	0.9999999816	2.641179922e-09	5.138782282e-09	
5.467094805e-09	5.12847102e-09	0.9999999817	2.603473988e-09	5.138734096e-09	
5.467094806e-09	5.12847102e-09	0.9999999817	2.603474013e-09	5.138734096e-09	
5.467155518e-09	5.128529702e-09	0.9999999816	2.647605427e-09	5.138790422e-09	
5.467146746e-09	5.128521226e-09	0.9999999816	2.641179902e-09	5.138782282e-09	
5.467094805e-09	5.12847102e-09	0.9999999817	2.603473988e-09	5.138734096e-09	
5.467094805e-09	5.12847102e-09	0.9999999817	2.603473968e-09	5.138734096e-09	
5.467155518e-09	5.128529702e-09	0.9999999816	2.647605407e-09	5.138790422e-09	
5.467146746e-09	5.128521226e-09	0.9999999816	2.641179929e-09	5.138782282e-09	
5.467094806e-09	5.12847102e-09	0.9999999817	2.603473995e-09	5.138734096e-09	
5.467094806e-09	5.12847102e-09	0.9999999817	2.60347402e-09	5.138734096e-09	
5.467155518e-09	5.128529702e-09	0.9999999816	2.647605435e-09	5.138790422e-09	
5.467146746e-09	5.128521226e-09	0.9999999816	2.64117991e-09	5.138782282e-09	
5.467146746e-09	5.128521226e-09	0.9999999816	2.64117989e-09	5.138782282e-09	
5.467146746e-09	5.128521226e-09	0.9999999816	2.641179916e-09	5.138782282e-09	
5.467207459e-09	5.128579909e-09	0.9999999816	2.685950481e-09	5.138838609e-09	
5.467094805e-09	5.12847102e-09	0.9999999817	2.603473977e-09	5.138734096e-09	
5.467094806e-09	5.12847102e-09	0.9999999817	2.603474002e-09	5.138734096e-09	
5.467155518e-09	5.128529702e-09	0.9999999816	2.647605416e-09	5.138790422e-09	
5.467094805e-09	5.12847102e-09	0.9999999817	2.603473982e-09	5.138734096e-09	
5.467155518e-09	5.128529702e-09	0.9999999816	2.647605395e-09	5.138790422e-09	
5.467155518e-09	5.128529702e-09	0.9999999816	2.647605421e-09	5.138790422e-09	
4.998445772e-09	0.9999999836	4.286896924e-09	2.39470033e-09	4.698232991e-09	
4.998449555e-09	0.9999999836	4.286900171e-09	2.397435585e-09	4.6982365e-09	
4.998471123e-09	0.9999999836	4.286918103e-09	2.413137311e-09	4.698256509e-09	
4.998449807e-09	0.9999999836	4.286900387e-09	2.397618246e-09	4.698236734e-09	
4.998449555e-09	0.9999999836	4.286900171e-09	2.397435585e-09	4.6982365e-09	
4.998450095e-09	0.9999999836	4.286900635e-09	2.397826846e-09	4.698237001e-09	
4.999192724e-09	0.999999983	4.287521626e-09	3.004454492e-09	4.698927395e-09	
4.998449555e-09	0.9999999836	4.286900171e-09	2.397435585e-09	4.6982365e-09	
4.998468575e-09	0.9999999836	4.286915875e-09	2.411284471e-09	4.698254145e-09	
4.998445772e-09	0.9999999836	4.286896924e-09	2.394700325e-09	4.698232991e-09	
4.998445771e-09	0.9999999836	4.286896923e-09	2.39470013e-09	4.698232991e-09	
4.998653152e-09	0.9999999835	4.287069615e-09	2.550150645e-09	4.698426237e-09	
4.998465712e-09	0.9999999836	4.286913495e-09	2.409195024e-09	4.698251489e-09	
4.998450095e-09	0.9999999836	4.286900635e-09	2.397826845e-09	4.698237001e-09	
4.998468126e-09	0.9999999836	4.286915599e-09	2.410948991e-09	4.698253728e-09	
1.215209192e-08	0.9999502589	1.042216491e-08	4.970712067e-05	1.142220962e-08	
4.998429615e-09	0.9999999836	4.2868836e-09	2.38301164e-09	4.698218003e-09	
4.998451183e-09	0.9999999836	4.286901532e-09	2.398618899e-09	4.698238011e-09	
4.998429867e-09	0.9999999836	4.286883816e-09	2.383193202e-09	4.698218237e-09	
4.998429615e-09	0.9999999836	4.2868836e-09	2.38301164e-09	4.698218003e-09	
4.999172781e-09	0.999999983	4.287505052e-09	2.986378476e-09	4.698908895e-09	
4.998429615e-09	0.9999999836	4.2868836e-09	2.38301164e-09	4.698218003e-09	
4.998448635e-09	0.9999999836	4.286899304e-09	2.396777206e-09	4.698235648e-09	
4.998425832e-09	0.9999999836	4.286880352e-09	2.380292837e-09	4.698214494e-09	
4.998425831e-09	0.9999999836	4.286880352e-09	2.380292643e-09	4.698214494e-09	
4.998633212e-09	0.9999999835	4.287053044e-09	2.534807905e-09	4.69840774e-09	
4.998445772e-09	0.9999999836	4.286896924e-09	2.39470033e-09	4.698232991e-09	
4.998430155e-09	0.9999999836	4.286884063e-09	2.383400547e-09	4.698218504e-09	
4.998448186e-09	0.9999999836	4.286899027e-09	2.396443744e-09	4.69823523e-09	
4.998454966e-09	0.9999999836	4.286904779e-09	2.40135863e-09	4.69824152e-09	
6.374384525e-09	0.9999905824	5.66771109e-09	9.399572195e-06	5.991523637e-09	
4.99843365e-09	0.9999999836	4.286887063e-09	2.385915314e-09	4.698221746e-09	
4.998433398e-09	0.9999999836	4.286886847e-09	2.385733544e-09	4.698221512e-09	
4.998433938e-09	0.9999999836	4.286887311e-09	2.386122896e-09	4.698222013e-09	
4.999176564e-09	0.999999983	4.2875083e-09	2.989789552e-09	4.698912404e-09	
4.998433398e-09	0.9999999836	4.286886847e-09	2.385733544e-09	4.698221512e-09	
4.998452418e-09	0.9999999836	4.286902551e-09	2.399514833e-09	4.698239157e-09	
4.998429615e-09	0.9999999836	4.2868836e-09	2.383011636e-09	4.698218003e-09	
4.998429614e-09	0.9999999836	4.286883599e-09	2.383011441e-09	4.698218002e-09	
4.998636995e-09	0.9999999835	4.287056291e-09	2.537703192e-09	4.698411248e-09	
4.998449555e-09	0.9999999836	4.286900171e-09	2.397435585e-09	4.6982365e-09	
4.998433938e-09	0.9999999836	4.286887311e-09	2.386122895e-09	4.698222013e-09	
4.998451969e-09	0.9999999836	4.286902275e-09	2.399180991e-09	4.698238739e-09	
6.374411639e-09	0.9999905208	5.66773445e-09	9.461133023e-06	5.991548785e-09	
4.998455219e-09	0.9999999836	4.286904996e-09	2.40154159e-09	4.698241754e-09	
4.998454966e-09	0.9999999836	4.286904779e-09	2.40135863e-09	4.69824152e-09	
4.998455507e-09	0.9999999836	4.286905243e-09	2.401750531e-09	4.698242021e-09	
4.998454966e-09	0.9999999836	4.286904779e-09	2.40135863e-09	4.69824152e-09	
4.998473987e-09	0.9999999836	4.286920484e-09	2.415230177e-09	4.698259165e-09	
4.998451183e-09	0.9999999836	4.286901532e-09	2.398618895e-09	4.698238011e-09	
4.998451183e-09	0.9999999836	4.286901532e-09	2.398618698e-09	4.698238011e-09	
4.998471123e-09	0.9999999836	4.286918103e-09	2.413137311e-09	4.698256509e-09	
4.998455507e-09	0.9999999836	4.286905243e-09	2.40175053e-09	4.698242021e-09	
4.998473537e-09	0.9999999836	4.286920207e-09	2.414894149e-09	4.698258748e-09	
1.215210409e-08	0.9999501775	1.042217527e-08	4.97884549e-05	1.14222209e-08	
6.374384842e-09	0.9999905817	5.667711372e-09	9.400288344e-06	5.991523931e-09	
6.374384525e-09	0.9999905824	5.66771109e-09	9.399572195e-06	5.991523637e-09	
6.374385204e-09	0.9999905809	5.667711694e-09	9.401106191e-06	5.991524267e-09	
6.374384525e-09	0.9999905824	5.66771109e-09	9.399572195e-06	5.991523637e-09	
6.374640352e-09	0.9999899837	5.66793172e-09	9.998312741e-06	5.991762017e-09	
6.374385204e-09	0.9999905809	5.667711694e-09	9.401106187e-06	5.991524267e-09	
6.37440787e-09	0.9999905294	5.667731187e-09	9.452553405e-06	5.991545289e-09	
4.646727079e-08	0.0005405588683	4.131576133e-08	0.9994593094	4.391537032e-08	
2.981026793e-08	0.4187643581	2.665974847e-08	0.5812355574	2.801976125e-08	
4.99843365e-09	0.9999999836	4.286887063e-09	2.385915314e-09	4.698221746e-09	
4.998434191e-09	0.9999999836	4.286887527e-09	2.386304695e-09	4.698222247e-09	
4.999176817e-09	0.999999983	4.287508516e-09	2.990017345e-09	4.698912638e-09	
4.99843365e-09	0.9999999836	4.286887063e-09	2.385915314e-09	4.698221746e-09	
4.998452671e-09	0.9999999836	4.286902767e-09	2.399697652e-09	4.698239391e-09	
4.998429867e-09	0.9999999836	4.286883816e-09	2.383193198e-09	4.698218237e-09	
4.998429866e-09	0.9999999836	4.286883816e-09	2.383193003e-09	4.698218236e-09	
4.998637247e-09	0.9999999835	4.287056508e-09	2.537896541e-09	4.698411482e-09	
4.998449807e-09	0.9999999836	4.286900387e-09	2.397618246e-09	4.698236734e-09	
4.998452221e-09	0.9999999836	4.286902491e-09	2.399363785e-09	4.698238973e-09	
4.998433938e-09	0.9999999836	4.286887311e-09	2.386122896e-09	4.698222013e-09	
4.999176564e-09	0.999999983	4.2875083e-09	2.989789552e-09	4.698912404e-09	
4.998433398e-09	0.9999999836	4.286886847e-09	2.385733544e-09	4.698221512e-09	
4.998452418e-09	0.9999999836	4.286902551e-09	2.399514833e-09	4.698239157e-09	
4.998429615e-09	0.9999999836	4.2868836e-09	2.383011636e-09	4.698218003e-09	
4.998429614e-09	0.9999999836	4.286883599e-09	2.383011441e-09	4.698218002e-09	
4.998636995e-09	0.9999999835	4.287056291e-09	2.537703192e-09	4.698411248e-09	
4.998449555e-09	0.9999999836	4.286900171e-09	2.397435585e-09	4.6982365e-09	
4.998433938e-09	0.9999999836	4.286887311e-09	2.386122895e-09	4.698222013e-09	
4.998451969e-09	0.9999999836	4.286902275e-09	2.399180991e-09	4.698238739e-09	
4.998433938e-09	0.9999999836	4.286887311e-09	2.386122896e-09	4.698222013e-09	
4.998452958e-09	0.9999999836	4.286903015e-09	2.399906434e-09	4.698239658e-09	
4.998430155e-09	0.9999999836	4.286884063e-09	2.383400543e-09	4.698218504e-09	
4.998430154e-09	0.9999999836	4.286884063e-09	2.383400348e-09	4.698218504e-09	
4.998637535e-09	0.9999999835	4.287056755e-09	2.538117346e-09	4.69841175e-09	
4.998450095e-09	0.9999999836	4.286900635e-09	2.397826846e-09	4.698237001e-09	
4.998434478e-09	0.9999999836	4.286887774e-09	2.38651231e-09	4.698222514e-09	
4.998452509e-09	0.9999999836	4.286902738e-09	2.399572537e-09	4.69823924e-09	
4.999176564e-09	0.999999983	4.2875083e-09	2.989789552e-09	4.698912404e-09	
4.999172781e-09	0.999999983	4.287505052e-09	2.98637847e-09	4.698908895e-09	
4.999380191e-09	0.9999999828	4.287677768e-09	3.180237169e-09	4.699102168e-09	
4.999192724e-09	0.999999983	4.287521626e-09	3.004454492e-09	4.698927395e-09	
4.999195138e-09	0.999999983	4.28752373e-09	3.006641826e-09	4.698929634e-09	
6.088185678e-08	0.9995144119	5.264331574e-08	0.0004854173336	5.722506309e-08	
5.580338523e-08	0.9995585586	4.813796932e-08	0.0004412849897	5.245162543e-08	
8.047594577e-08	0.9993440729	6.940943337e-08	0.0006557016194	7.564225933e-08	
4.998452418e-09	0.9999999836	4.286902551e-09	2.399514833e-09	4.698239157e-09	
4.998429615e-09	0.9999999836	4.2868836e-09	2.383011636e-09	4.698218003e-09	
4.998429614e-09	0.9999999836	4.286883599e-09	2.383011441e-09	4.698218002e-09	
4.998636995e-09	0.9999999835	4.287056291e-09	2.537703192e-09	4.698411248e-09	
4.998449555e-09	0.9999999836	4.286900171e-09	2.397435585e-09	4.6982365e-09	
4.998433938e-09	0.9999999836	4.286887311e-09	2.386122895e-09	4.698222013e-09	
4.998451969e-09	0.9999999836	4.286902275e-09	2.399180991e-09	4.698238739e-09	
4.998448634e-09	0.9999999836	4.286899303e-09	2.396777005e-09	4.698235647e-09	
4.998656016e-09	0.9999999835	4.287071996e-09	2.55236234e-09	4.698428894e-09	
4.998468575e-09	0.9999999836	4.286915875e-09	2.411284471e-09	4.698254145e-09	
4.998452958e-09	0.9999999836	4.286903015e-09	2.399906433e-09	4.698239658e-09	
4.998470989e-09	0.9999999836	4.286917979e-09	2.413039959e-09	4.698256384e-09	
1.215209836e-08	0.9999502158	1.042217025e-08	4.975022852e-05	1.142221559e-08	
4.998425831e-09	0.9999999836	4.286880352e-09	2.380292638e-09	4.698214494e-09	
4.998633212e-09	0.9999999835	4.287053044e-09	2.5348079e-09	4.69840774e-09	
4.998445772e-09	0.9999999836	4.286896924e-09	2.394700325e-09	4.698232991e-09	
4.998430155e-09	0.9999999836	4.286884063e-09	2.383400542e-09	4.698218504e-09	
4.998448186e-09	0.9999999836	4.286899027e-09	2.39644374e-09	4.69823523e-09	
4.998633211e-09	0.9999999835	4.287053043e-09	2.534807693e-09	4.698407739e-09	
4.998445771e-09	0.9999999836	4.286896923e-09	2.39470013e-09	4.698232991e-09	
4.998430154e-09	0.9999999836	4.286884063e-09	2.383400347e-09	4.698218504e-09	
4.998448185e-09	0.9999999836	4.286899027e-09	2.396443544e-09	4.69823523e-09	
4.998653152e-09	0.9999999835	4.287069615e-09	2.550150645e-09	4.698426237e-09	
4.998637535e-09	0.9999999835	4.287056755e-09	2.538117345e-09	4.69841175e-09	
4.998655566e-09	0.9999999835	4.287071719e-09	2.552007232e-09	4.698428476e-09	
7.192936142e-08	0.9995062396	6.168967757e-08	0.0004935577167	6.901594148e-08	
1.215251228e-08	0.9999473508	1.042251416e-08	5.261519967e-05	1.142260125e-08	
4.998450095e-09	0.9999999836	4.286900635e-09	2.397826845e-09	4.698237001e-09	
4.998468126e-09	0.9999999836	4.286915599e-09	2.410948991e-09	4.698253728e-09	
1.215209192e-08	0.9999502589	1.042216491e-08	4.970712067e-05	1.142220962e-08	
4.998452509e-09	0.9999999836	4.286902738e-09	2.399572536e-09	4.69823924e-09	
1.215209735e-08	0.9999502227	1.042216965e-08	4.974330717e-05	1.142221465e-08	
4.988590964e-09	4.679603784e-09	4.278441684e-09	2.484673263e-09	0.9999999836	
4.988647325e-09	4.679655916e-09	4.278488559e-09	2.527573984e-09	0.9999999835	
4.988562962e-09	4.679577828e-09	4.278418412e-09	2.463668309e-09	0.9999999836	
4.988585334e-09	4.679598565e-09	4.278437003e-09	2.480434474e-09	0.9999999836	
1.001644804e-08	9.433275046e-09	8.590537518e-09	3.597018032e-05	0.9999640018	
4.988656914e-09	4.679664794e-09	4.278496537e-09	2.534948047e-09	0.9999999835	
4.988585334e-09	4.679598565e-09	4.278437003e-09	2.480434474e-09	0.9999999836	
4.988587835e-09	4.679600883e-09	4.278439082e-09	2.482316016e-09	0.9999999836	
2.362607163e-08	2.216267988e-08	2.026273755e-08	0.0001337345799	0.9998661994	
4.988555347e-09	4.679570767e-09	4.278412043e-09	2.457937257e-09	0.9999999836	
4.988470985e-09	4.679492681e-09	4.278341897e-09	2.395792236e-09	0.9999999837	
4.988493357e-09	4.679513417e-09	4.278360489e-09	2.412096479e-09	0.9999999836	
1.001627329e-08	9.43311275e-09	8.590392399e-09	3.497920714e-05	0.9999649928	
4.988470985e-09	4.67949268e-09	4.278341897e-09	2.395792224e-09	0.9999999837	
4.988564936e-09	4.679579645e-09	4.278420021e-09	2.465108158e-09	0.9999999836	
4.988493357e-09	4.679513417e-09	4.278360489e-09	2.412096479e-09	0.9999999836	
4.988527345e-09	4.679544811e-09	4.278388771e-09	2.437158324e-09	0.9999999836	
4.988549717e-09	4.679565547e-09	4.278407363e-09	2.453744079e-09	0.9999999836	
4.988527345e-09	4.679544811e-09	4.278388771e-09	2.437158316e-09	0.9999999836	
4.988527345e-09	4.679544811e-09	4.278388771e-09	2.437158313e-09	0.9999999836	
4.988621296e-09	4.679631776e-09	4.278466896e-09	2.507671066e-09	0.9999999835	
4.988549717e-09	4.679565547e-09	4.278407363e-09	2.453744079e-09	0.9999999836	
4.988552217e-09	4.679567865e-09	4.278409441e-09	2.455605374e-09	0.9999999836	
2.362593694e-08	2.21625554e-08	2.026262633e-08	0.0001322957366	0.9998676382	
4.988465355e-09	4.679487461e-09	4.278337217e-09	2.391705075e-09	0.9999999837	
4.988442984e-09	4.679466725e-09	4.278318626e-09	2.375538657e-09	0.9999999837	
4.988442984e-09	4.679466725e-09	4.278318626e-09	2.375538654e-09	0.9999999837	
4.988465355e-09	4.679487461e-09	4.278337217e-09	2.391705075e-09	0.9999999837	
4.988467855e-09	4.679489779e-09	4.278339296e-09	2.393519311e-09	0.9999999837	
4.988465355e-09	4.679487461e-09	4.278337217e-09	2.391705067e-09	0.9999999837	
1.001626258e-08	9.433102792e-09	8.590383515e-09	3.491953559e-05	0.9999650524	
4.988465355e-09	4.679487461e-09	4.278337217e-09	2.391705064e-09	0.9999999837	
4.988559305e-09	4.679574425e-09	4.278415341e-09	2.460902747e-09	0.9999999836	
4.988487727e-09	4.679508198e-09	4.278355809e-09	2.407981504e-09	0.9999999836	
4.988490227e-09	4.679510516e-09	4.278357887e-09	2.409808086e-09	0.9999999836	
4.988442983e-09	4.679466725e-09	4.278318626e-09	2.375538646e-09	0.9999999837	
4.988536933e-09	4.679553689e-09	4.278396749e-09	2.444268596e-09	0.9999999836	
4.988465355e-09	4.679487461e-09	4.278337217e-09	2.391705067e-09	0.9999999837	
4.988467855e-09	4.679489779e-09	4.278339295e-09	2.393519303e-09	0.9999999837	
1.001626258e-08	9.433102792e-09	8.590383515e-09	3.491953559e-05	0.9999650524	
1.001626733e-08	9.433107214e-09	8.590387461e-09	3.494602299e-05	0.9999650259	
1.977253481e-08	1.874630772e-08	1.695776358e-08	0.9998619695	0.0001379749943	
1.977248498e-08	1.872266132e-08	1.695772169e-08	0.9998625078	0.00013743671	
2.133876522e-08	2.038526923e-05	1.830100356e-08	0.9998306642	0.0001489108824	
1.977271135e-08	1.89310878e-08	1.706669736e-08	0.9998621736	0.0001377706554	
1.977253481e-08	1.874630772e-08	1.695776358e-08	0.9998619695	0.0001379749943	
4.988536933e-09	4.679553689e-09	4.278396749e-09	2.444268592e-09	0.9999999836	
4.988465355e-09	4.679487461e-09	4.278337217e-09	2.391705064e-09	0.9999999837	
4.988467855e-09	4.679489779e-09	4.278339295e-09	2.393519299e-09	0.9999999837	
4.988559305e-09	4.679574425e-09	4.278415341e-09	2.460902747e-09	0.9999999836	
4.988561806e-09	4.679576743e-09	4.27841742e-09	2.462769472e-09	0.9999999836	
2.362597323e-08	2.216258889e-08	2.02626563e-08	0.0001326816512	0.9998672523	
4.988490227e-09	4.679510516e-09	4.278357887e-09	2.409808086e-09	0.9999999836	
1.254519689e-08	1.176814772e-08	1.075929443e-08	0.9999634104	3.655451192e-05	
1.254519689e-08	1.176814905e-08	1.075929443e-08	0.9999634104	3.65545119e-05	
1.254520008e-08	1.176815215e-08	1.075929711e-08	0.9999633937	3.657123382e-05	
1.254520008e-08	1.176815212e-08	1.075929711e-08	0.9999633937	3.657123382e-05	
1.254520007e-08	1.176815069e-08	1.075929711e-08	0.9999633937	3.657123351e-05	
1.254519417e-08	1.176814643e-08	1.075929214e-08	0.9999634247	3.654019516e-05	
1.254519689e-08	1.176814901e-08	1.075929443e-08	0.9999634104	3.655451221e-05	
1.254519417e-08	1.176814643e-08	1.075929214e-08	0.9999634247	3.654019516e-05	
1.254520008e-08	1.176815206e-08	1.075929711e-08	0.9999633937	3.657123382e-05	
1.254521091e-08	1.178526795e-08	1.075930631e-08	0.9999633936	3.657126472e-05	
1.254578972e-08	1.274484157e-08	1.075979683e-08	0.9999634077	3.655623706e-05	
9.846336306e-09	9.236459728e-09	8.444648172e-09	0.9999999631	9.356534604e-09	
9.846338968e-09	9.236462318e-09	8.444650414e-09	0.9999999631	9.360814921e-09	
9.846338968e-09	9.236462298e-09	8.444650414e-09	0.9999999631	9.360814921e-09	
9.846338966e-09	9.236461169e-09	8.444650413e-09	0.9999999631	9.360814842e-09	
9.846334027e-09	9.236457545e-09	8.444646251e-09	0.9999999631	9.35286994e-09	
9.846325065e-09	9.268954045e-09	8.444638818e-09	0.9999999631	9.305590614e-09	
9.846304535e-09	9.236430326e-09	8.444621408e-09	0.9999999632	9.305571134e-09	
9.846336306e-09	9.236459702e-09	8.444648172e-09	0.9999999631	9.356534681e-09	
9.846334027e-09	9.236457545e-09	8.444646251e-09	0.9999999631	9.35286994e-09	
9.846338968e-09	9.236462249e-09	8.444650414e-09	0.9999999631	9.360814921e-09	
9.84634747e-09	9.249895988e-09	8.44465764e-09	0.9999999631	9.36082283e-09	
9.846304535e-09	9.236430268e-09	8.444621408e-09	0.9999999632	9.305571063e-09	
9.846338969e-09	9.23646336e-09	8.444650415e-09	0.9999999631	9.360814916e-09	
9.846338969e-09	9.23646334e-09	8.444650415e-09	0.9999999631	9.360814916e-09	
9.846338967e-09	9.236462211e-09	8.444650414e-09	0.9999999631	9.360814837e-09	
9.846334028e-09	9.236458587e-09	8.444646252e-09	0.9999999631	9.352869935e-09	
9.846325066e-09	9.268955091e-09	8.444638819e-09	0.9999999631	9.305590609e-09	
9.846304536e-09	9.236431368e-09	8.444621409e-09	0.9999999632	9.305571129e-09	
9.846336307e-09	9.236460744e-09	8.444648173e-09	0.9999999631	9.356534677e-09	
9.846334028e-09	9.236458587e-09	8.444646252e-09	0.9999999631	9.352869935e-09	
9.846338969e-09	9.236463291e-09	8.444650415e-09	0.9999999631	9.360814916e-09	
9.846304536e-09	9.23643131e-09	8.444621409e-09	0.9999999632	9.305571058e-09	
9.846801616e-09	1.000303692e-08	8.445042505e-09	0.9999999623	9.35697619e-09	
9.84634163e-09	9.236465929e-09	8.444652657e-09	0.9999999631	9.365097192e-09	
9.846336689e-09	9.236461176e-09	8.444648494e-09	0.9999999631	9.357148576e-09	
9.846327728e-09	9.26895769e-09	8.444641061e-09	0.9999999631	9.309847622e-09	
9.846338969e-09	9.236463334e-09	8.444650415e-09	0.9999999631	9.360814994e-09	
9.846336689e-09	9.236461176e-09	8.444648494e-09	0.9999999631	9.357148576e-09	
9.84634163e-09	9.236465881e-09	8.444652657e-09	0.9999999631	9.365097192e-09	
9.846350133e-09	9.249899625e-09	8.444659883e-09	0.9999999631	9.365105105e-09	
9.846307198e-09	9.2364339e-09	8.444623652e-09	0.9999999632	9.309828061e-09	
9.846804278e-09	1.000303972e-08	8.445044748e-09	0.9999999623	9.361256709e-09	
9.846341629e-09	9.23646478e-09	8.444652656e-09	0.9999999631	9.365097113e-09	
9.846336689e-09	9.236461156e-09	8.444648494e-09	0.9999999631	9.357148576e-09	
9.846327728e-09	9.268957669e-09	8.444641061e-09	0.9999999631	9.309847622e-09	
9.846307198e-09	9.236433937e-09	8.444623652e-09	0.9999999632	9.309828132e-09	
9.846338969e-09	9.236463313e-09	8.444650415e-09	0.9999999631	9.360814994e-09	
9.846336689e-09	9.236461156e-09	8.444648494e-09	0.9999999631	9.357148576e-09	
9.84634163e-09	9.236465861e-09	8.444652657e-09	0.9999999631	9.365097192e-09	
9.846804278e-09	1.00030397e-08	8.445044748e-09	0.9999999623	9.361256709e-09	
9.846336688e-09	9.236460027e-09	8.444648493e-09	0.9999999631	9.357148497e-09	
9.846327726e-09	9.268956537e-09	8.44464106e-09	0.9999999631	9.309847543e-09	
9.846307196e-09	9.236432808e-09	8.44462365e-09	0.9999999632	9.309828054e-09	
9.846338968e-09	9.236462185e-09	8.444650414e-09	0.9999999631	9.360814915e-09	
9.846336688e-09	9.236460027e-09	8.444648493e-09	0.9999999631	9.357148497e-09	
9.846341629e-09	9.236464732e-09	8.444652656e-09	0.9999999631	9.365097113e-09	
9.846350131e-09	9.249898475e-09	8.444659882e-09	0.9999999631	9.365105026e-09	
9.846307196e-09	9.236432751e-09	8.44462365e-09	0.9999999632	9.309827983e-09	
9.846322787e-09	9.2689529e-09	8.444636898e-09	0.9999999631	9.301945899e-09	
9.846302257e-09	9.236429184e-09	8.444619489e-09	0.9999999632	9.301926426e-09	
9.846334028e-09	9.23645856e-09	8.444646252e-09	0.9999999631	9.352870013e-09	
9.846331748e-09	9.236456403e-09	8.444644332e-09	0.9999999631	9.349206706e-09	
9.846336689e-09	9.236461108e-09	8.444648494e-09	0.9999999631	9.357148576e-09	
9.846345191e-09	9.249894845e-09	8.44465572e-09	0.9999999631	9.357156482e-09	
9.846302256e-09	9.236429126e-09	8.444619489e-09	0.9999999632	9.301926355e-09	
9.846799336e-09	1.000303455e-08	8.445040585e-09	0.9999999624	9.353311353e-09	
9.846322787e-09	9.2689529e-09	8.444636898e-09	0.9999999631	9.301945899e-09	
9.846293295e-09	9.268925527e-09	8.444612055e-09	0.9999999632	9.254904553e-09	
9.846790375e-09	1.003822809e-08	8.445033151e-09	0.9999999624	9.306029796e-09	
9.846421842e-09	9.319501818e-09	8.444720756e-09	0.999999963	9.410353688e-09	
1.062663825e-08	1.014731157e-05	9.113855171e-09	0.9999898228	1.01962168e-08	
1.086226879e-08	1.337183203e-05	9.370198368e-09	0.9999865977	1.020985228e-08	
9.846418389e-09	9.419927308e-09	8.48926369e-09	0.999999963	9.25502144e-09	
9.846304536e-09	9.236431341e-09	8.444621409e-09	0.9999999632	9.305571206e-09	
9.846302257e-09	9.236429184e-09	8.444619489e-09	0.9999999632	9.301926426e-09	
9.846307198e-09	9.236433888e-09	8.444623652e-09	0.9999999632	9.309828132e-09	
9.8463157e-09	9.249867586e-09	8.444630878e-09	0.9999999631	9.309835998e-09	
9.846272765e-09	9.236401907e-09	8.444594646e-09	0.9999999632	9.254885178e-09	
9.846769843e-09	1.000300508e-08	8.445015741e-09	0.9999999624	9.306010315e-09	
9.846334028e-09	9.23645856e-09	8.444646252e-09	0.9999999631	9.352870013e-09	
9.846338969e-09	9.236463265e-09	8.444650415e-09	0.9999999631	9.360814994e-09	
9.846347471e-09	9.249897005e-09	8.444657641e-09	0.9999999631	9.360822903e-09	
9.846304536e-09	9.236431284e-09	8.444621409e-09	0.9999999632	9.305571135e-09	
9.846801616e-09	1.000303689e-08	8.445042506e-09	0.9999999623	9.356976267e-09	
9.846336689e-09	9.236461108e-09	8.444648494e-09	0.9999999631	9.357148576e-09	
9.846345191e-09	9.249894845e-09	8.44465572e-09	0.9999999631	9.357156482e-09	
9.846302256e-09	9.236429126e-09	8.444619489e-09	0.9999999632	9.301926355e-09	
9.846799336e-09	1.000303455e-08	8.445040585e-09	0.9999999624	9.353311353e-09	
9.846307198e-09	9.236433831e-09	8.444623651e-09	0.9999999632	9.309828061e-09	
9.846804278e-09	1.000303965e-08	8.445044748e-09	0.9999999623	9.361256709e-09	
9.8463157e-09	9.249867529e-09	8.444630877e-09	0.9999999631	9.309835928e-09	
9.84681278e-09	1.001758832e-08	8.445051974e-09	0.9999999623	9.361264618e-09	
9.846351997e-09	9.30750489e-09	8.444661897e-09	0.9999999631	9.309870471e-09	
1.054245812e-08	8.978807052e-06	9.092750898e-09	0.9999909916	9.968042704e-09	
9.846769843e-09	1.000300501e-08	8.445015741e-09	0.9999999624	9.306010244e-09	
9.846559977e-09	9.349272608e-09	8.444837453e-09	0.9999999628	9.60587443e-09	
1.077353849e-08	1.219442265e-05	9.315681731e-09	0.9999877752	1.033670524e-08	
9.846534905e-09	9.465209949e-09	8.444816324e-09	0.9999999628	9.447294463e-09	
9.846467727e-09	9.356475367e-09	8.44475977e-09	0.9999999629	9.447230551e-09	
1.062678698e-08	1.017972644e-05	9.113980819e-09	0.9999897901	1.040806524e-08	
1.086242071e-08	1.341454726e-05	9.370327454e-09	0.9999865548	1.042198392e-08	
1.054258153e-08	9.026047693e-06	9.092855854e-09	0.9999909442	1.011511314e-08	
9.846556085e-09	9.49982585e-09	8.444834225e-09	0.9999999628	9.447314745e-09	
9.846556524e-09	9.450018903e-09	8.489381003e-09	0.9999999628	9.447314814e-09	
9.846676e-09	9.453354772e-09	8.499109478e-09	0.9999999626	9.629218122e-09	
9.846546068e-09	9.4832962e-09	8.444825792e-09	0.9999999628	9.447305093e-09	
9.846572651e-09	9.46073447e-09	8.503226398e-09	0.9999999627	9.447330226e-09	
1.077350571e-08	1.217903435e-05	9.31565385e-09	0.9999877906	1.029637308e-08	
9.846504788e-09	9.453265538e-09	8.44479092e-09	0.9999999628	9.410432495e-09	
9.846437609e-09	9.344668171e-09	8.444734366e-09	0.999999963	9.410368833e-09	
1.062675462e-08	1.016688049e-05	9.113953519e-09	0.999989803	1.036745462e-08	
1.086238767e-08	1.33976193e-05	9.370299424e-09	0.9999865718	1.038131903e-08	
1.05425494e-08	9.014657576e-06	9.092828604e-09	0.9999909556	1.007564555e-08	
9.846525968e-09	9.487837757e-09	8.44480882e-09	0.9999999628	9.410452698e-09	
9.846526407e-09	9.438093662e-09	8.489355464e-09	0.9999999628	9.410452768e-09	
9.846645882e-09	9.441425322e-09	8.49908391e-09	0.9999999626	9.591646315e-09	
9.846553603e-09	9.471368486e-09	8.499005263e-09	0.9999999628	9.410478275e-09	
9.846559977e-09	9.349272608e-09	8.444837453e-09	0.9999999628	9.60587443e-09	
9.846515951e-09	9.471328966e-09	8.444800388e-09	0.9999999628	9.410443084e-09	
9.846542533e-09	9.448795706e-09	8.503200818e-09	0.9999999628	9.410468119e-09	
1.077347665e-08	1.23300608e-05	9.315629137e-09	0.9999876397	1.012639239e-08	
1.077340467e-08	1.218841707e-05	9.31556807e-09	0.9999877814	1.012632532e-08	
1.168117185e-08	0.01717506267	1.015930724e-08	0.9828249045	1.097956268e-08	
1.140123623e-08	0.01162157841	9.914134693e-09	0.9883783896	1.071644084e-08	
1.077350051e-08	1.23102721e-05	9.364789422e-09	0.9999876595	1.012641441e-08	
1.07735298e-08	1.235367251e-05	9.375433916e-09	0.9999876161	1.012644141e-08	
1.077353849e-08	1.219442265e-05	9.315681731e-09	0.9999877752	1.033670524e-08	
1.077348861e-08	1.235362096e-05	9.315639362e-09	0.9999876162	1.012640355e-08	
9.846412538e-09	9.460548414e-09	8.444713238e-09	0.999999963	9.255016397e-09	
1.062672622e-08	1.029295543e-05	9.113929568e-09	0.9999896771	1.019630071e-08	
1.054252138e-08	9.126444443e-06	9.092804839e-09	0.999990844	9.909309196e-09	
9.846500896e-09	9.605493399e-09	8.444787692e-09	0.9999999628	9.255098878e-09	
1.684025226e-08	9.658750626e-05	1.444291643e-08	0.9999033654	1.582878103e-08	
9.846501335e-09	9.555132444e-09	8.489334224e-09	0.9999999629	9.255098947e-09	
9.84662081e-09	9.558505418e-09	8.499062646e-09	0.9999999627	9.433301234e-09	
9.846528531e-09	9.588819899e-09	8.498984e-09	0.9999999628	9.255124032e-09	
9.846534905e-09	9.465209949e-09	8.444816324e-09	0.9999999628	9.447294463e-09	
9.846490879e-09	9.588779888e-09	8.444779259e-09	0.9999999629	9.255089423e-09	
9.846517461e-09	9.565967201e-09	8.503179543e-09	0.9999999628	9.255114045e-09	
1.062665497e-08	1.017471306e-05	9.11386961e-09	0.9999897954	1.019623293e-08	
1.086228579e-08	1.34079408e-05	9.370213132e-09	0.9999865616	1.020986834e-08	
1.054245056e-08	9.021602482e-06	9.092744898e-09	0.9999909489	9.909243196e-09	
9.846434156e-09	9.44536485e-09	8.489277372e-09	0.999999963	9.255036335e-09	
9.84655363e-09	9.448699076e-09	8.499005729e-09	0.9999999628	9.433237417e-09	
9.846461352e-09	9.478665309e-09	8.498927083e-09	0.9999999629	9.255061421e-09	
9.846467727e-09	9.356475367e-09	8.44475977e-09	0.9999999629	9.447230551e-09	
9.846423701e-09	9.478625758e-09	8.444722706e-09	0.999999963	9.255026811e-09	
9.846450283e-09	9.456075139e-09	8.503122598e-09	0.9999999629	9.255051433e-09	
1.155482177e-08	0.01437826306	9.96760439e-09	0.9856217043	1.108679829e-08	
1.126754641e-08	0.009720168302	9.718116177e-09	0.9902797999	1.081115884e-08	
1.062674973e-08	1.027643607e-05	9.162025418e-09	0.9999896936	1.019632284e-08	
1.062677869e-08	1.031266617e-05	9.172439505e-09	0.9999896573	1.019635011e-08	
1.062678698e-08	1.017972644e-05	9.113980819e-09	0.9999897901	1.040806524e-08	
1.062673806e-08	1.031262314e-05	9.113939607e-09	0.9999896574	1.019631198e-08	
1.062676701e-08	1.028808861e-05	9.176967727e-09	0.9999896819	1.019633936e-08	
1.148195951e-08	0.01276955341	9.960720542e-09	0.9872304144	1.079231598e-08	
1.086238103e-08	1.361336096e-05	9.370293822e-09	0.9999863562	1.020995724e-08	
1.634240471e-08	0.1204178575	1.409754963e-08	0.8795820967	1.536082678e-08	
1.086238229e-08	1.354198799e-05	9.419723101e-09	0.9999864275	1.020995804e-08	
1.086251404e-08	1.354676826e-05	9.430517665e-09	0.9999864225	1.040654561e-08	
1.086241178e-08	1.35897308e-05	9.430429994e-09	0.9999863798	1.020998523e-08	
1.086242071e-08	1.341454726e-05	9.370327454e-09	0.9999865548	1.042198392e-08	
1.086237024e-08	1.35896741e-05	9.370284687e-09	0.9999863799	1.020994705e-08	
1.651160556e-08	0.08434619489	1.424105507e-08	0.9156537588	1.551986478e-08	
1.054254468e-08	9.111797228e-06	9.140789192e-09	0.9999908586	9.909330688e-09	
1.054267257e-08	9.115013675e-06	9.151264125e-09	0.9999908552	1.010012985e-08	
1.054257346e-08	9.143921372e-06	9.151179179e-09	0.9999908265	9.909357229e-09	
1.054258153e-08	9.026047693e-06	9.092855854e-09	0.9999909442	1.011511314e-08	
1.054253315e-08	9.143883218e-06	9.092814875e-09	0.9999908266	9.909320174e-09	
1.054256184e-08	9.122129184e-06	9.155696879e-09	0.9999908483	9.909346751e-09	
1.684028253e-08	9.694070915e-05	1.444294194e-08	0.9999030122	1.582880942e-08	
9.846522515e-09	9.590077208e-09	8.489352219e-09	0.9999999628	9.255118816e-09	
9.84664199e-09	9.593462518e-09	8.499080662e-09	0.9999999626	9.433321486e-09	
9.84654971e-09	9.623887864e-09	8.499002015e-09	0.9999999628	9.255143902e-09	
9.846556085e-09	9.49982585e-09	8.444834225e-09	0.9999999628	9.447314745e-09	
9.846538641e-09	9.60095159e-09	8.503197567e-09	0.9999999628	9.255133914e-09	
1.684029184e-08	9.643250454e-05	1.451913631e-08	0.9999035203	1.582881758e-08	
1.68404956e-08	9.646654205e-05	1.453577414e-08	0.9999034859	1.613359297e-08	
1.684033263e-08	9.677245287e-05	1.453563519e-08	0.9999031803	1.582885511e-08	
1.684026824e-08	9.677204912e-05	1.444292995e-08	0.9999031808	1.582879592e-08	
1.684031758e-08	9.654184075e-05	1.454281409e-08	0.9999034109	1.582884167e-08	
9.846642429e-09	9.54316464e-09	8.543913591e-09	0.9999999626	9.433321555e-09	
9.846550149e-09	9.573430467e-09	8.543834529e-09	0.9999999628	9.25514397e-09	
9.846556524e-09	9.450018903e-09	8.489381003e-09	0.9999999628	9.447314814e-09	
9.846512498e-09	9.573390521e-09	8.489343742e-09	0.9999999628	9.255109361e-09	
9.84653908e-09	9.550614447e-09	8.548052214e-09	0.9999999628	9.255133982e-09	
9.846669625e-09	9.576809901e-09	8.553625406e-09	0.9999999626	9.433347124e-09	
9.846676e-09	9.453354772e-09	8.499109478e-09	0.9999999626	9.629218122e-09	
9.846631973e-09	9.57676994e-09	8.499072175e-09	0.9999999626	9.433311848e-09	
9.846539694e-09	9.607142346e-09	8.498993528e-09	0.9999999628	9.255134447e-09	
9.846566276e-09	9.584285973e-09	8.557768733e-09	0.9999999628	9.255159068e-09	
9.846546068e-09	9.4832962e-09	8.444825792e-09	0.9999999628	9.447305093e-09	
9.846572651e-09	9.46073447e-09	8.503226398e-09	0.9999999627	9.447330226e-09	
9.846528624e-09	9.584245981e-09	8.503189076e-09	0.9999999628	9.255124459e-09	
