5.467094799e-09	5.128489277e-09	0.9999999817	2.603470329e-09	5.138734089e-09	
5.467161111e-09	5.128553366e-09	0.9999999816	2.651712057e-09	5.138795611e-09	
5.467094799e-09	5.128489277e-09	0.9999999817	2.603470316e-09	5.138734089e-09	
5.467094799e-09	5.128489277e-09	0.9999999817	2.603470303e-09	5.138734089e-09	
5.467094799e-09	5.128489277e-09	0.9999999817	2.603470318e-09	5.138734089e-09	
5.467094799e-09	5.128489277e-09	0.9999999817	2.60347032e-09	5.138734089e-09	
5.467094799e-09	5.128489277e-09	0.9999999817	2.603470328e-09	5.138734089e-09	
5.467094799e-09	5.128489277e-09	0.9999999817	2.603470355e-09	5.138734089e-09	
5.467146739e-09	5.12853948e-09	0.9999999816	2.641176059e-09	5.138782275e-09	
5.467094799e-09	5.128489277e-09	0.9999999817	2.603470337e-09	5.138734089e-09	
5.467094799e-09	5.128489277e-09	0.9999999817	2.603470342e-09	5.138734089e-09	
5.467155511e-09	5.128547956e-09	0.9999999816	2.647601531e-09	5.138790415e-09	
5.467161111e-09	5.128553366e-09	0.9999999816	2.651712049e-09	5.138795611e-09	
5.467094799e-09	5.128489277e-09	0.9999999817	2.603470308e-09	5.138734089e-09	
5.467094799e-09	5.128489277e-09	0.9999999817	2.603470295e-09	5.138734089e-09	
5.467094799e-09	5.128489277e-09	0.9999999817	2.60347031e-09	5.138734089e-09	
5.467094799e-09	5.128489277e-09	0.9999999817	2.60347032e-09	5.138734089e-09	
5.467094799e-09	5.128489277e-09	0.9999999817	2.603470329e-09	5.138734089e-09	
5.467094799e-09	5.128489277e-09	0.9999999817	2.603470309e-09	5.138734089e-09	
5.467094799e-09	5.128489277e-09	0.9999999817	2.603470334e-09	5.138734089e-09	
5.467155511e-09	5.128547956e-09	0.9999999816	2.647601523e-09	5.138790415e-09	
5.467161111e-09	5.128553366e-09	0.9999999816	2.651712035e-09	5.138795611e-09	
5.467161111e-09	5.128553366e-09	0.9999999816	2.651712038e-09	5.138795611e-09	
2.026104191e-08	2.199884736e-08	0.9998957405	0.0001041981742	1.904410266e-08	
5.467161111e-09	5.128553366e-09	0.9999999816	2.651712068e-09	5.138795612e-09	
5.467161111e-09	5.128553366e-09	0.9999999816	2.651712076e-09	5.138795612e-09	
5.467213051e-09	5.128603569e-09	0.9999999816	2.690116458e-09	5.138843798e-09	
5.467161111e-09	5.128553366e-09	0.9999999816	2.651712057e-09	5.138795611e-09	
5.467161111e-09	5.128553366e-09	0.9999999816	2.651712062e-09	5.138795611e-09	
5.467221824e-09	5.128612045e-09	0.9999999816	2.696660992e-09	5.138851938e-09	
5.467094798e-09	5.128489277e-09	0.9999999817	2.603470282e-09	5.138734089e-09	
5.467094799e-09	5.128489277e-09	0.9999999817	2.603470297e-09	5.138734089e-09	
5.467094799e-09	5.128489277e-09	0.9999999817	2.603470298e-09	5.138734089e-09	
5.467094799e-09	5.128489277e-09	0.9999999817	2.603470327e-09	5.138734089e-09	
5.467094799e-09	5.128489277e-09	0.9999999817	2.603470307e-09	5.138734089e-09	
5.467094799e-09	5.128489277e-09	0.9999999817	2.603470334e-09	5.138734089e-09	
5.467146739e-09	5.12853948e-09	0.9999999816	2.641176038e-09	5.138782275e-09	
5.467094799e-09	5.128489277e-09	0.9999999817	2.603470316e-09	5.138734089e-09	
5.467094799e-09	5.128489277e-09	0.9999999817	2.603470295e-09	5.138734089e-09	
5.467094799e-09	5.128489277e-09	0.9999999817	2.603470321e-09	5.138734089e-09	
5.467094799e-09	5.128489277e-09	0.9999999817	2.603470285e-09	5.138734089e-09	
5.467094799e-09	5.128489277e-09	0.9999999817	2.603470286e-09	5.138734089e-09	
5.467094799e-09	5.128489277e-09	0.9999999817	2.603470314e-09	5.138734089e-09	
5.467146739e-09	5.12853948e-09	0.9999999816	2.641176025e-09	5.138782275e-09	
5.467094799e-09	5.128489277e-09	0.9999999817	2.603470303e-09	5.138734089e-09	
5.467094798e-09	5.128489277e-09	0.9999999817	2.603470283e-09	5.138734089e-09	
5.467094799e-09	5.128489277e-09	0.9999999817	2.603470301e-09	5.138734089e-09	
5.467094799e-09	5.128489277e-09	0.9999999817	2.603470329e-09	5.138734089e-09	
5.467094799e-09	5.128489277e-09	0.9999999817	2.603470337e-09	5.138734089e-09	
5.467146739e-09	5.12853948e-09	0.9999999816	2.641176041e-09	5.138782275e-09	
5.467094799e-09	5.128489277e-09	0.9999999817	2.603470318e-09	5.138734089e-09	
5.467094799e-09	5.128489277e-09	0.9999999817	2.603470298e-09	5.138734089e-09	
5.467094799e-09	5.128489277e-09	0.9999999817	2.603470323e-09	5.138734089e-09	
5.467094799e-09	5.128489277e-09	0.9999999817	2.603470331e-09	5.138734089e-09	
5.467094799e-09	5.128489277e-09	0.9999999817	2.603470311e-09	5.138734089e-09	
5.467094799e-09	5.128489277e-09	0.9999999817	2.603470338e-09	5.138734089e-09	
5.467146739e-09	5.12853948e-09	0.9999999816	2.641176042e-09	5.138782275e-09	
5.467094799e-09	5.128489277e-09	0.9999999817	2.60347032e-09	5.138734089e-09	
5.467094799e-09	5.128489277e-09	0.9999999817	2.603470299e-09	5.138734089e-09	
5.467155511e-09	5.128547956e-09	0.9999999816	2.647601514e-09	5.138790415e-09	
2.026099703e-08	2.199879691e-08	0.9998961545	0.0001037842085	1.904406112e-08	
2.026102443e-08	2.199882771e-08	0.999895902	0.0001040366692	1.904408648e-08	
6.395901729e-08	0.0007952172645	0.0002240725632	0.9989805861	6.011738047e-08	
1.48374148e-08	1.930886119e-05	5.055192045e-05	0.9999301104	1.394622227e-08	
1.495943612e-08	2.123494793e-05	5.084711861e-05	0.9999278889	1.406091498e-08	
1.451938309e-08	1.429196726e-05	4.93428975e-05	0.999936337	1.364729314e-08	
1.35609426e-08	1.496371575e-08	4.606856445e-05	0.9999538902	1.274642711e-08	
1.356110643e-08	1.496899189e-08	4.612135484e-05	0.9999538371	1.299185346e-08	
1.356097934e-08	1.50164638e-08	4.612092807e-05	0.9999538377	1.274646099e-08	
1.35609638e-08	1.498069793e-08	4.614369485e-05	0.999953815	1.274644695e-08	
5.467094799e-09	5.128489277e-09	0.9999999817	2.603470339e-09	5.138734089e-09	
5.467146739e-09	5.12853948e-09	0.9999999816	2.641176071e-09	5.138782275e-09	
5.467094799e-09	5.128489277e-09	0.9999999817	2.603470328e-09	5.138734089e-09	
5.467094799e-09	5.128489277e-09	0.9999999817	2.603470353e-09	5.138734089e-09	
5.467155511e-09	5.128547956e-09	0.9999999816	2.647601542e-09	5.138790415e-09	
5.467146739e-09	5.12853948e-09	0.9999999816	2.64117605e-09	5.138782275e-09	
5.467094799e-09	5.128489277e-09	0.9999999817	2.603470328e-09	5.138734089e-09	
5.467094799e-09	5.128489277e-09	0.9999999817	2.603470308e-09	5.138734089e-09	
5.467155511e-09	5.128547956e-09	0.9999999816	2.647601522e-09	5.138790415e-09	
5.467146739e-09	5.12853948e-09	0.9999999816	2.641176078e-09	5.138782275e-09	
5.467094799e-09	5.128489277e-09	0.9999999817	2.603470335e-09	5.138734089e-09	
5.467094799e-09	5.128489277e-09	0.9999999817	2.60347036e-09	5.138734089e-09	
5.467155511e-09	5.128547956e-09	0.9999999816	2.64760155e-09	5.138790415e-09	
5.467146739e-09	5.12853948e-09	0.9999999816	2.641176059e-09	5.138782275e-09	
5.467146739e-09	5.12853948e-09	0.9999999816	2.641176039e-09	5.138782275e-09	
5.467146739e-09	5.12853948e-09	0.9999999816	2.641176064e-09	5.138782275e-09	
5.467207451e-09	5.128598159e-09	0.9999999816	2.6859464e-09	5.138838602e-09	
5.467094799e-09	5.128489277e-09	0.9999999817	2.603470317e-09	5.138734089e-09	
5.467094799e-09	5.128489277e-09	0.9999999817	2.603470342e-09	5.138734089e-09	
5.467155511e-09	5.128547956e-09	0.9999999816	2.647601531e-09	5.138790415e-09	
5.467094799e-09	5.128489277e-09	0.9999999817	2.603470322e-09	5.138734089e-09	
5.467155511e-09	5.128547956e-09	0.9999999816	2.647601511e-09	5.138790415e-09	
5.467155511e-09	5.128547956e-09	0.9999999816	2.647601536e-09	5.138790415e-09	
4.998427972e-09	0.9999999836	4.286881663e-09	2.394689318e-09	4.698216261e-09	
4.998431757e-09	0.9999999836	4.286884911e-09	2.397425553e-09	4.698219771e-09	
4.998453327e-09	0.9999999836	4.286902845e-09	2.413128255e-09	4.69823978e-09	
4.998432009e-09	0.9999999836	4.286885128e-09	2.39760828e-09	4.698220005e-09	
4.998431757e-09	0.9999999836	4.286884911e-09	2.397425553e-09	4.698219771e-09	
4.998432297e-09	0.9999999836	4.286885375e-09	2.397816955e-09	4.698220272e-09	
4.999175302e-09	0.999999983	4.287506685e-09	3.004811743e-09	4.698911017e-09	
4.998431757e-09	0.9999999836	4.286884911e-09	2.397425553e-09	4.698219771e-09	
4.998450777e-09	0.9999999836	4.286900616e-09	2.411274398e-09	4.698237416e-09	
4.998427972e-09	0.9999999836	4.286881663e-09	2.394689314e-09	4.698216261e-09	
4.998427971e-09	0.9999999836	4.286881663e-09	2.394689118e-09	4.69821626e-09	
4.99863536e-09	0.9999999835	4.287054361e-09	2.55014513e-09	4.698409513e-09	
4.998447913e-09	0.9999999836	4.286898235e-09	2.409184831e-09	4.698234759e-09	
4.998432297e-09	0.9999999836	4.286885375e-09	2.397816954e-09	4.698220272e-09	
4.998450329e-09	0.9999999836	4.28690034e-09	2.410939697e-09	4.698236999e-09	
1.215224345e-08	0.9999502578	1.042229488e-08	4.970824956e-05	1.142235205e-08	
4.998411815e-09	0.9999999836	4.286868339e-09	2.383000794e-09	4.698201272e-09	
4.998433385e-09	0.9999999836	4.286886273e-09	2.398609016e-09	4.698221282e-09	
4.998412068e-09	0.9999999836	4.286868556e-09	2.383182421e-09	4.698201507e-09	
4.998411815e-09	0.9999999836	4.286868339e-09	2.383000794e-09	4.698201272e-09	
4.999155358e-09	0.999999983	4.287490111e-09	2.986732481e-09	4.698892516e-09	
4.998411815e-09	0.9999999836	4.286868339e-09	2.383000794e-09	4.698201272e-09	
4.998430836e-09	0.9999999836	4.286884044e-09	2.396766313e-09	4.698218917e-09	
4.998408031e-09	0.9999999836	4.286865091e-09	2.380281018e-09	4.698197763e-09	
4.99840803e-09	0.9999999836	4.286865091e-09	2.380280823e-09	4.698197762e-09	
4.998615418e-09	0.9999999835	4.287037788e-09	2.534801492e-09	4.698391014e-09	
4.998427972e-09	0.9999999836	4.286881663e-09	2.394689318e-09	4.698216261e-09	
4.998412356e-09	0.9999999836	4.286868803e-09	2.38338984e-09	4.698201774e-09	
4.998430387e-09	0.9999999836	4.286883768e-09	2.396433627e-09	4.698218501e-09	
4.99843717e-09	0.9999999836	4.286889521e-09	2.401349729e-09	4.698224792e-09	
6.374551662e-09	0.9999905811	5.66779434e-09	9.400846073e-06	5.991680736e-09	
4.998415852e-09	0.9999999836	4.286871804e-09	2.385905508e-09	4.698205016e-09	
4.9984156e-09	0.9999999836	4.286871588e-09	2.385723673e-09	4.698204782e-09	
4.99841614e-09	0.9999999836	4.286872052e-09	2.386113164e-09	4.698205284e-09	
4.999159143e-09	0.999999983	4.28749336e-09	2.9901452e-09	4.698896027e-09	
4.9984156e-09	0.9999999836	4.286871588e-09	2.385723673e-09	4.698204782e-09	
4.99843462e-09	0.9999999836	4.286887292e-09	2.399504921e-09	4.698222427e-09	
4.998411815e-09	0.9999999836	4.286868339e-09	2.383000789e-09	4.698201272e-09	
4.998411815e-09	0.9999999836	4.286868339e-09	2.383000594e-09	4.698201272e-09	
4.998619203e-09	0.9999999835	4.287041037e-09	2.537697822e-09	4.698394524e-09	
4.998431757e-09	0.9999999836	4.286884911e-09	2.397425553e-09	4.698219771e-09	
4.99841614e-09	0.9999999836	4.286872052e-09	2.386113164e-09	4.698205284e-09	
4.998434172e-09	0.9999999836	4.286887016e-09	2.399171854e-09	4.698222011e-09	
6.374578778e-09	0.9999905195	5.667817702e-09	9.462419323e-06	5.991705886e-09	
4.998437422e-09	0.9999999836	4.286889738e-09	2.401532755e-09	4.698225026e-09	
4.99843717e-09	0.9999999836	4.286889521e-09	2.401349729e-09	4.698224792e-09	
4.99843771e-09	0.9999999836	4.286889985e-09	2.401741772e-09	4.698225293e-09	
4.99843717e-09	0.9999999836	4.286889521e-09	2.401349729e-09	4.698224792e-09	
4.99845619e-09	0.9999999836	4.286905226e-09	2.415221242e-09	4.698242437e-09	
4.998433385e-09	0.9999999836	4.286886273e-09	2.398609011e-09	4.698221282e-09	
4.998433385e-09	0.9999999836	4.286886273e-09	2.398608815e-09	4.698221281e-09	
4.998453327e-09	0.9999999836	4.286902845e-09	2.413128255e-09	4.69823978e-09	
4.99843771e-09	0.9999999836	4.286889985e-09	2.401741771e-09	4.698225293e-09	
4.998455742e-09	0.9999999836	4.28690495e-09	2.414885994e-09	4.69824202e-09	
1.215225562e-08	0.9999501764	1.042230524e-08	4.978960942e-05	1.142236333e-08	
6.37455198e-09	0.9999905804	5.667794622e-09	9.401562579e-06	5.991681031e-09	
6.374551662e-09	0.9999905811	5.66779434e-09	9.400846073e-06	5.991680736e-09	
6.374552342e-09	0.9999905796	5.667794945e-09	9.402380834e-06	5.991681367e-09	
6.374551662e-09	0.9999905811	5.66779434e-09	9.400846073e-06	5.991680736e-09	
6.374807503e-09	0.9999899823	5.66801498e-09	9.999687976e-06	5.99191913e-09	
6.374552342e-09	0.9999905796	5.667794945e-09	9.402380831e-06	5.991681367e-09	
6.37457501e-09	0.9999905281	5.667814438e-09	9.453837579e-06	5.991702391e-09	
4.646221492e-08	0.0005404664683	4.13107896e-08	0.9994594018	4.391059302e-08	
2.981157463e-08	0.4186602935	2.666059911e-08	0.581339622	2.802098947e-08	
4.998415852e-09	0.9999999836	4.286871804e-09	2.385905508e-09	4.698205016e-09	
4.998416393e-09	0.9999999836	4.286872268e-09	2.386295029e-09	4.698205518e-09	
4.999159395e-09	0.999999983	4.287493576e-09	2.990373102e-09	4.698896261e-09	
4.998415852e-09	0.9999999836	4.286871804e-09	2.385905508e-09	4.698205016e-09	
4.998434873e-09	0.9999999836	4.286887508e-09	2.399687806e-09	4.698222661e-09	
4.998412068e-09	0.9999999836	4.286868556e-09	2.383182417e-09	4.698201507e-09	
4.998412067e-09	0.9999999836	4.286868556e-09	2.383182222e-09	4.698201506e-09	
4.998619455e-09	0.9999999835	4.287041253e-09	2.53789124e-09	4.698394759e-09	
4.998432009e-09	0.9999999836	4.286885128e-09	2.39760828e-09	4.698220005e-09	
4.998434424e-09	0.9999999836	4.286887233e-09	2.399354714e-09	4.698222245e-09	
4.99841614e-09	0.9999999836	4.286872052e-09	2.386113164e-09	4.698205284e-09	
4.999159143e-09	0.999999983	4.28749336e-09	2.9901452e-09	4.698896027e-09	
4.9984156e-09	0.9999999836	4.286871588e-09	2.385723673e-09	4.698204782e-09	
4.99843462e-09	0.9999999836	4.286887292e-09	2.399504921e-09	4.698222427e-09	
4.998411815e-09	0.9999999836	4.286868339e-09	2.383000789e-09	4.698201272e-09	
4.998411815e-09	0.9999999836	4.286868339e-09	2.383000594e-09	4.698201272e-09	
4.998619203e-09	0.9999999835	4.287041037e-09	2.537697822e-09	4.698394524e-09	
4.998431757e-09	0.9999999836	4.286884911e-09	2.397425553e-09	4.698219771e-09	
4.99841614e-09	0.9999999836	4.286872052e-09	2.386113164e-09	4.698205284e-09	
4.998434172e-09	0.9999999836	4.286887016e-09	2.399171854e-09	4.698222011e-09	
4.99841614e-09	0.9999999836	4.286872052e-09	2.386113164e-09	4.698205284e-09	
4.998435161e-09	0.9999999836	4.286887756e-09	2.399896663e-09	4.698222929e-09	
4.998412356e-09	0.9999999836	4.286868803e-09	2.383389836e-09	4.698201774e-09	
4.998412355e-09	0.9999999836	4.286868803e-09	2.383389641e-09	4.698201773e-09	
4.998619743e-09	0.9999999835	4.287041501e-09	2.538112125e-09	4.698395026e-09	
4.998432297e-09	0.9999999836	4.286885375e-09	2.397816955e-09	4.698220272e-09	
4.998416681e-09	0.9999999836	4.286872516e-09	2.386502719e-09	4.698205785e-09	
4.998434712e-09	0.9999999836	4.28688748e-09	2.399563541e-09	4.698222512e-09	
4.999159143e-09	0.999999983	4.28749336e-09	2.9901452e-09	4.698896027e-09	
4.999155358e-09	0.999999983	4.287490111e-09	2.986732475e-09	4.698892516e-09	
4.999362776e-09	0.9999999828	4.287662833e-09	3.1806219e-09	4.699085797e-09	
4.999175302e-09	0.999999983	4.287506685e-09	3.004811743e-09	4.698911017e-09	
4.999177717e-09	0.999999983	4.287508791e-09	3.007000469e-09	4.698913258e-09	
6.088256802e-08	0.9995143463	5.264393068e-08	0.0004854829031	5.722573159e-08	
5.581803446e-08	0.9995583773	4.815058727e-08	0.0004414663102	5.246539474e-08	
8.047731997e-08	0.9993439807	6.941061855e-08	0.0006557937316	7.564355096e-08	
4.99843462e-09	0.9999999836	4.286887292e-09	2.399504921e-09	4.698222427e-09	
4.998411815e-09	0.9999999836	4.286868339e-09	2.383000789e-09	4.698201272e-09	
4.998411815e-09	0.9999999836	4.286868339e-09	2.383000594e-09	4.698201272e-09	
4.998619203e-09	0.9999999835	4.287041037e-09	2.537697822e-09	4.698394524e-09	
4.998431757e-09	0.9999999836	4.286884911e-09	2.397425553e-09	4.698219771e-09	
4.99841614e-09	0.9999999836	4.286872052e-09	2.386113164e-09	4.698205284e-09	
4.998434172e-09	0.9999999836	4.286887016e-09	2.399171854e-09	4.698222011e-09	
4.998430835e-09	0.9999999836	4.286884043e-09	2.396766112e-09	4.698218917e-09	
4.998638224e-09	0.9999999835	4.287056741e-09	2.552356957e-09	4.69841217e-09	
4.998450777e-09	0.9999999836	4.286900616e-09	2.411274398e-09	4.698237416e-09	
4.998435161e-09	0.9999999836	4.286887756e-09	2.399896662e-09	4.698222929e-09	
4.998453192e-09	0.9999999836	4.286902721e-09	2.413030787e-09	4.698239656e-09	
1.215224989e-08	0.9999502146	1.042230022e-08	4.975136105e-05	1.142235801e-08	
4.99840803e-09	0.9999999836	4.286865091e-09	2.380280819e-09	4.698197762e-09	
4.998615418e-09	0.9999999835	4.287037788e-09	2.534801487e-09	4.698391014e-09	
4.998427972e-09	0.9999999836	4.286881663e-09	2.394689314e-09	4.698216261e-09	
4.998412356e-09	0.9999999836	4.286868803e-09	2.383389835e-09	4.698201774e-09	
4.998430387e-09	0.9999999836	4.286883768e-09	2.396433622e-09	4.698218501e-09	
4.998615417e-09	0.9999999835	4.287037788e-09	2.534801279e-09	4.698391014e-09	
4.998427971e-09	0.9999999836	4.286881663e-09	2.394689118e-09	4.69821626e-09	
4.998412355e-09	0.9999999836	4.286868803e-09	2.38338964e-09	4.698201773e-09	
4.998430387e-09	0.9999999836	4.286883768e-09	2.396433426e-09	4.6982185e-09	
4.99863536e-09	0.9999999835	4.287054361e-09	2.55014513e-09	4.698409513e-09	
4.998619743e-09	0.9999999835	4.287041501e-09	2.538112124e-09	4.698395026e-09	
4.998637775e-09	0.9999999835	4.287056466e-09	2.552002673e-09	4.698411754e-09	
7.193001175e-08	0.9995062342	6.16902354e-08	0.0004935631542	6.901656731e-08	
1.215266383e-08	0.9999473495	1.042264414e-08	5.261650341e-05	1.142274369e-08	
4.998432297e-09	0.9999999836	4.286885375e-09	2.397816954e-09	4.698220272e-09	
4.998450329e-09	0.9999999836	4.28690034e-09	2.410939697e-09	4.698236999e-09	
1.215224345e-08	0.9999502578	1.042229488e-08	4.970824956e-05	1.142235205e-08	
4.998434712e-09	0.9999999836	4.28688748e-09	2.39956354e-09	4.698222512e-09	
1.215224888e-08	0.9999502215	1.042229962e-08	4.974445559e-05	1.142235708e-08	
4.988590964e-09	4.67962045e-09	4.278441689e-09	2.484669318e-09	0.9999999836	
4.988647325e-09	4.679672581e-09	4.278488564e-09	2.527569793e-09	0.9999999835	
4.988562962e-09	4.679594493e-09	4.278418417e-09	2.463664478e-09	0.9999999836	
4.988585334e-09	4.67961523e-09	4.278437009e-09	2.480430552e-09	0.9999999836	
1.001644803e-08	9.433307767e-09	8.590537525e-09	3.597012434e-05	0.9999640018	
4.988656914e-09	4.679681459e-09	4.278496542e-09	2.534943812e-09	0.9999999835	
4.988585334e-09	4.67961523e-09	4.278437009e-09	2.480430552e-09	0.9999999836	
4.988587834e-09	4.679617548e-09	4.278439087e-09	2.482312083e-09	0.9999999836	
2.362607161e-08	2.216275879e-08	2.026273756e-08	0.0001337343718	0.9998661996	
4.988555347e-09	4.679587432e-09	4.278412048e-09	2.457933472e-09	0.9999999836	
4.988470986e-09	4.679509346e-09	4.278341903e-09	2.395788792e-09	0.9999999837	
4.988493357e-09	4.679530082e-09	4.278360494e-09	2.41209295e-09	0.9999999836	
1.001627328e-08	9.433145471e-09	8.590392406e-09	3.497915683e-05	0.9999649928	
4.988470986e-09	4.679509346e-09	4.278341903e-09	2.395788781e-09	0.9999999837	
4.988564936e-09	4.67959631e-09	4.278420027e-09	2.465104331e-09	0.9999999836	
4.988493357e-09	4.679530082e-09	4.278360494e-09	2.41209295e-09	0.9999999836	
4.988527345e-09	4.679561476e-09	4.278388777e-09	2.43715465e-09	0.9999999836	
4.988549717e-09	4.679582213e-09	4.278407368e-09	2.453740316e-09	0.9999999836	
4.988527345e-09	4.679561476e-09	4.278388777e-09	2.437154642e-09	0.9999999836	
4.988527345e-09	4.679561476e-09	4.278388777e-09	2.437154639e-09	0.9999999836	
4.988621296e-09	4.679648441e-09	4.278466902e-09	2.507666996e-09	0.9999999835	
4.988549717e-09	4.679582213e-09	4.278407368e-09	2.453740316e-09	0.9999999836	
4.988552217e-09	4.679584531e-09	4.278409447e-09	2.455601602e-09	0.9999999836	
2.362593692e-08	2.216263431e-08	2.026262634e-08	0.000132295537	0.9998676384	
4.988465355e-09	4.679504126e-09	4.278337223e-09	2.391701654e-09	0.9999999837	
4.988442984e-09	4.67948339e-09	4.278318631e-09	2.37553532e-09	0.9999999837	
4.988442984e-09	4.67948339e-09	4.278318631e-09	2.375535317e-09	0.9999999837	
4.988465355e-09	4.679504126e-09	4.278337223e-09	2.391701654e-09	0.9999999837	
4.988467856e-09	4.679506444e-09	4.278339301e-09	2.39351588e-09	0.9999999837	
4.988465355e-09	4.679504126e-09	4.278337223e-09	2.391701646e-09	0.9999999837	
1.001626257e-08	9.433135513e-09	8.590383522e-09	3.49194856e-05	0.9999650525	
4.988465355e-09	4.679504126e-09	4.278337223e-09	2.391701643e-09	0.9999999837	
4.988559305e-09	4.679591091e-09	4.278415347e-09	2.460898942e-09	0.9999999836	
4.988487727e-09	4.679524863e-09	4.278355814e-09	2.407977997e-09	0.9999999836	
4.988490227e-09	4.679527181e-09	4.278357893e-09	2.409804569e-09	0.9999999836	
4.988442984e-09	4.67948339e-09	4.278318631e-09	2.375535309e-09	0.9999999837	
4.988536933e-09	4.679570354e-09	4.278396755e-09	2.44426488e-09	0.9999999836	
4.988465355e-09	4.679504126e-09	4.278337223e-09	2.391701646e-09	0.9999999837	
4.988467856e-09	4.679506444e-09	4.278339301e-09	2.393515872e-09	0.9999999837	
1.001626257e-08	9.433135513e-09	8.590383522e-09	3.49194856e-05	0.9999650525	
1.001626733e-08	9.433139935e-09	8.590387468e-09	3.494597286e-05	0.999965026	
1.977256258e-08	1.874636676e-08	1.695778741e-08	0.9998619693	0.0001379751993	
1.977251275e-08	1.872272645e-08	1.695774553e-08	0.9998625076	0.000137436912	
2.133877501e-08	2.038509232e-05	1.830101198e-08	0.9998306643	0.0001489109547	
1.977273911e-08	1.89311346e-08	1.706672172e-08	0.9998621734	0.0001377708592	
1.977256258e-08	1.874636676e-08	1.695778741e-08	0.9998619693	0.0001379751993	
4.988536933e-09	4.679570354e-09	4.278396755e-09	2.444264877e-09	0.9999999836	
4.988465355e-09	4.679504126e-09	4.278337223e-09	2.391701643e-09	0.9999999837	
4.988467856e-09	4.679506444e-09	4.278339301e-09	2.393515868e-09	0.9999999837	
4.988559305e-09	4.679591091e-09	4.278415347e-09	2.460898942e-09	0.9999999836	
4.988561806e-09	4.679593409e-09	4.278417425e-09	2.462765658e-09	0.9999999836	
2.362597321e-08	2.21626678e-08	2.026265631e-08	0.0001326814493	0.9998672525	
4.988490227e-09	4.679527181e-09	4.278357893e-09	2.409804569e-09	0.9999999836	
1.254521452e-08	1.176820616e-08	1.075930956e-08	0.9999634104	3.655456407e-05	
1.254521452e-08	1.176820749e-08	1.075930956e-08	0.9999634104	3.655456406e-05	
1.25452177e-08	1.176821059e-08	1.075931224e-08	0.9999633936	3.657128606e-05	
1.25452177e-08	1.176821057e-08	1.075931224e-08	0.9999633936	3.657128606e-05	
1.25452177e-08	1.176820913e-08	1.075931224e-08	0.9999633936	3.657128575e-05	
1.25452118e-08	1.176820488e-08	1.075930727e-08	0.9999634247	3.654024724e-05	
1.254521452e-08	1.176820746e-08	1.075930956e-08	0.9999634104	3.655456436e-05	
1.25452118e-08	1.176820488e-08	1.075930727e-08	0.9999634247	3.654024724e-05	
1.25452177e-08	1.17682105e-08	1.075931224e-08	0.9999633936	3.657128606e-05	
1.254522853e-08	1.178532569e-08	1.075932144e-08	0.9999633936	3.657131696e-05	
1.254580708e-08	1.274444684e-08	1.075981173e-08	0.9999634077	3.655628843e-05	
9.846350138e-09	9.236505597e-09	8.444660044e-09	0.9999999631	9.356548136e-09	
9.846352799e-09	9.236508186e-09	8.444662287e-09	0.9999999631	9.360828476e-09	
9.846352799e-09	9.236508166e-09	8.444662287e-09	0.9999999631	9.360828476e-09	
9.846352798e-09	9.236507039e-09	8.444662285e-09	0.9999999631	9.360828397e-09	
9.846347858e-09	9.236503413e-09	8.444658124e-09	0.9999999631	9.352883453e-09	
9.846338887e-09	9.268985367e-09	8.444650682e-09	0.9999999631	9.30560387e-09	
9.846318366e-09	9.236476193e-09	8.444633281e-09	0.9999999632	9.305584399e-09	
9.846350138e-09	9.23650557e-09	8.444660044e-09	0.9999999631	9.356548214e-09	
9.846347858e-09	9.236503413e-09	8.444658124e-09	0.9999999631	9.352883453e-09	
9.846352799e-09	9.236508117e-09	8.444662287e-09	0.9999999631	9.360828476e-09	
9.846361301e-09	9.2499413e-09	8.444669512e-09	0.9999999631	9.360836385e-09	
9.846318366e-09	9.236476136e-09	8.444633281e-09	0.9999999632	9.305584328e-09	
9.8463528e-09	9.236509227e-09	8.444662288e-09	0.9999999631	9.360828471e-09	
9.8463528e-09	9.236509207e-09	8.444662288e-09	0.9999999631	9.360828471e-09	
9.846352799e-09	9.236508079e-09	8.444662286e-09	0.9999999631	9.360828392e-09	
9.846347859e-09	9.236504454e-09	8.444658125e-09	0.9999999631	9.352883448e-09	
9.846338888e-09	9.268986411e-09	8.444650683e-09	0.9999999631	9.305603866e-09	
9.846318368e-09	9.236477234e-09	8.444633282e-09	0.9999999632	9.305584394e-09	
9.846350139e-09	9.236506611e-09	8.444660045e-09	0.9999999631	9.356548209e-09	
9.846347859e-09	9.236504454e-09	8.444658125e-09	0.9999999631	9.352883448e-09	
9.8463528e-09	9.236509158e-09	8.444662288e-09	0.9999999631	9.360828471e-09	
9.846318367e-09	9.236477177e-09	8.444633282e-09	0.9999999632	9.305584323e-09	
9.84681524e-09	1.000272711e-08	8.445054201e-09	0.9999999623	9.356989523e-09	
9.846355462e-09	9.236511796e-09	8.44466453e-09	0.9999999631	9.36511077e-09	
9.846350521e-09	9.236507043e-09	8.444660367e-09	0.9999999631	9.357162111e-09	
9.84634155e-09	9.26898901e-09	8.444652926e-09	0.9999999631	9.3098609e-09	
9.8463528e-09	9.236509201e-09	8.444662288e-09	0.9999999631	9.360828549e-09	
9.846350521e-09	9.236507043e-09	8.444660367e-09	0.9999999631	9.357162111e-09	
9.846355462e-09	9.236511748e-09	8.44466453e-09	0.9999999631	9.365110769e-09	
9.846363964e-09	9.249944936e-09	8.444671756e-09	0.9999999631	9.365118682e-09	
9.846321029e-09	9.236479766e-09	8.444635524e-09	0.9999999632	9.309841349e-09	
9.846817902e-09	1.000272991e-08	8.445056443e-09	0.9999999623	9.361270065e-09	
9.846355461e-09	9.236510649e-09	8.444664529e-09	0.9999999631	9.365110691e-09	
9.846350521e-09	9.236507023e-09	8.444660367e-09	0.9999999631	9.357162111e-09	
9.84634155e-09	9.268988989e-09	8.444652926e-09	0.9999999631	9.3098609e-09	
9.846321029e-09	9.236479803e-09	8.444635524e-09	0.9999999632	9.30984142e-09	
9.8463528e-09	9.23650918e-09	8.444662288e-09	0.9999999631	9.360828549e-09	
9.846350521e-09	9.236507023e-09	8.444660367e-09	0.9999999631	9.357162111e-09	
9.846355462e-09	9.236511727e-09	8.44466453e-09	0.9999999631	9.365110769e-09	
9.846817902e-09	1.000272989e-08	8.445056443e-09	0.9999999623	9.361270065e-09	
9.846350519e-09	9.236505896e-09	8.444660366e-09	0.9999999631	9.357162033e-09	
9.846341549e-09	9.268987858e-09	8.444652925e-09	0.9999999631	9.309860822e-09	
9.846321028e-09	9.236478676e-09	8.444635523e-09	0.9999999632	9.309841341e-09	
9.846352799e-09	9.236508053e-09	8.444662286e-09	0.9999999631	9.36082847e-09	
9.846350519e-09	9.236505896e-09	8.444660366e-09	0.9999999631	9.357162033e-09	
9.84635546e-09	9.2365106e-09	8.444664529e-09	0.9999999631	9.365110691e-09	
9.846363962e-09	9.249943786e-09	8.444671754e-09	0.9999999631	9.365118603e-09	
9.846321027e-09	9.236478618e-09	8.444635523e-09	0.9999999632	9.30984127e-09	
9.846336609e-09	9.26898422e-09	8.444648763e-09	0.9999999631	9.301959135e-09	
9.846316088e-09	9.236475051e-09	8.444631362e-09	0.9999999632	9.301939672e-09	
9.846347859e-09	9.236504428e-09	8.444658125e-09	0.9999999631	9.352883525e-09	
9.84634558e-09	9.23650227e-09	8.444656205e-09	0.9999999631	9.3492202e-09	
9.846350521e-09	9.236506975e-09	8.444660367e-09	0.9999999631	9.357162111e-09	
9.846359022e-09	9.249940156e-09	8.444667593e-09	0.9999999631	9.357170017e-09	
9.846316088e-09	9.236474993e-09	8.444631362e-09	0.9999999632	9.301939601e-09	
9.84681296e-09	1.000272474e-08	8.44505228e-09	0.9999999624	9.353324667e-09	
9.846336609e-09	9.26898422e-09	8.444648763e-09	0.9999999631	9.301959135e-09	
9.846307117e-09	9.268956847e-09	8.44462392e-09	0.9999999632	9.254917544e-09	
9.846803989e-09	1.003790126e-08	8.445044838e-09	0.9999999624	9.306042854e-09	
9.846435656e-09	9.319520304e-09	8.444732614e-09	0.999999963	9.410367504e-09	
1.062664311e-08	1.014720834e-05	9.113859352e-09	0.9999898229	1.019622174e-08	
1.08619983e-08	1.336796715e-05	9.369961352e-09	0.9999866016	1.020959804e-08	
9.846432199e-09	9.419939832e-09	8.489275766e-09	0.999999963	9.25503442e-09	
9.846318368e-09	9.236477208e-09	8.444633282e-09	0.9999999632	9.305584471e-09	
9.846316088e-09	9.236475051e-09	8.444631362e-09	0.9999999632	9.301939672e-09	
9.846321029e-09	9.236479755e-09	8.444635524e-09	0.9999999632	9.30984142e-09	
9.846329531e-09	9.249912896e-09	8.44464275e-09	0.9999999631	9.309849285e-09	
9.846286596e-09	9.236447773e-09	8.444606519e-09	0.9999999632	9.254898178e-09	
9.846783467e-09	1.000269526e-08	8.445027436e-09	0.9999999624	9.306023381e-09	
9.846347859e-09	9.236504428e-09	8.444658125e-09	0.9999999631	9.352883525e-09	
9.8463528e-09	9.236509132e-09	8.444662288e-09	0.9999999631	9.360828549e-09	
9.846361302e-09	9.249942316e-09	8.444669513e-09	0.9999999631	9.360836458e-09	
9.846318367e-09	9.23647715e-09	8.444633282e-09	0.9999999632	9.3055844e-09	
9.84681524e-09	1.000272708e-08	8.445054201e-09	0.9999999623	9.3569896e-09	
9.846350521e-09	9.236506975e-09	8.444660367e-09	0.9999999631	9.357162111e-09	
9.846359022e-09	9.249940156e-09	8.444667593e-09	0.9999999631	9.357170017e-09	
9.846316088e-09	9.236474993e-09	8.444631362e-09	0.9999999632	9.301939601e-09	
9.84681296e-09	1.000272474e-08	8.44505228e-09	0.9999999624	9.353324667e-09	
9.846321029e-09	9.236479697e-09	8.444635524e-09	0.9999999632	9.309841349e-09	
9.846817902e-09	1.000272984e-08	8.445056443e-09	0.9999999623	9.361270065e-09	
9.846329531e-09	9.249912839e-09	8.44464275e-09	0.9999999631	9.309849214e-09	
9.846826404e-09	1.001727738e-08	8.445063669e-09	0.9999999623	9.361277974e-09	
9.846365819e-09	9.307535599e-09	8.444673761e-09	0.9999999631	9.309883749e-09	
1.054245843e-08	8.978653248e-06	9.092751168e-09	0.9999909917	9.968043223e-09	
9.846783467e-09	1.00026952e-08	8.445027436e-09	0.9999999624	9.30602331e-09	
9.846573792e-09	9.349289863e-09	8.444849311e-09	0.9999999628	9.605889315e-09	
1.077353887e-08	1.219425972e-05	9.315682052e-09	0.9999877753	1.033670644e-08	
9.846548722e-09	9.465231254e-09	8.444828184e-09	0.9999999628	9.447308487e-09	
9.846481539e-09	9.356490731e-09	8.444771627e-09	0.9999999629	9.447244572e-09	
1.062679184e-08	1.017962147e-05	9.113985e-09	0.9999897902	1.040807112e-08	
1.086215022e-08	1.341066818e-05	9.370090434e-09	0.9999865587	1.042172524e-08	
1.054258183e-08	9.025878121e-06	9.092856116e-09	0.9999909444	1.011511425e-08	
9.846569888e-09	9.49982498e-09	8.444846073e-09	0.9999999628	9.447328756e-09	
9.846570334e-09	9.450030164e-09	8.489393078e-09	0.9999999628	9.447328833e-09	
9.846689808e-09	9.453362706e-09	8.499121601e-09	0.9999999626	9.629233133e-09	
9.846559876e-09	9.483303053e-09	8.444837645e-09	0.9999999628	9.447319109e-09	
9.846586467e-09	9.460755623e-09	8.503238549e-09	0.9999999627	9.447344251e-09	
1.077350608e-08	1.217887564e-05	9.315654172e-09	0.9999877907	1.029637411e-08	
9.846518606e-09	9.453289929e-09	8.444802781e-09	0.9999999628	9.410446315e-09	
9.846451424e-09	9.344686593e-09	8.444746224e-09	0.999999963	9.410382649e-09	
1.062675948e-08	1.0166779e-05	9.113957701e-09	0.9999898031	1.036746031e-08	
1.086211718e-08	1.339374953e-05	9.370062407e-09	0.9999865756	1.03810612e-08	
1.054254971e-08	9.014491186e-06	9.092828867e-09	0.9999909558	1.00756465e-08	
9.846539772e-09	9.487840011e-09	8.44482067e-09	0.9999999628	9.410466505e-09	
9.846540219e-09	9.438108017e-09	8.489367541e-09	0.9999999628	9.410466581e-09	
9.846659692e-09	9.441436355e-09	8.499096035e-09	0.9999999626	9.591661114e-09	
9.846567412e-09	9.471378445e-09	8.499017387e-09	0.9999999628	9.410492086e-09	
9.846573792e-09	9.349289863e-09	8.444849311e-09	0.9999999628	9.605889315e-09	
9.84652976e-09	9.471338929e-09	8.444812242e-09	0.9999999628	9.410456895e-09	
9.846556351e-09	9.448819945e-09	8.50321297e-09	0.9999999628	9.410481939e-09	
1.077347702e-08	1.232990512e-05	9.315629461e-09	0.9999876399	1.012639274e-08	
1.077340504e-08	1.218825575e-05	9.315568391e-09	0.9999877815	1.012632567e-08	
1.168092594e-08	0.01716993032	1.015908936e-08	0.9828300369	1.097933154e-08	
1.140122541e-08	0.01162119172	9.914125275e-09	0.9883787762	1.071643067e-08	
1.077350088e-08	1.231010363e-05	9.364789917e-09	0.9999876596	1.012641475e-08	
1.077353017e-08	1.235349764e-05	9.375434447e-09	0.9999876162	1.012644176e-08	
1.077353887e-08	1.219425972e-05	9.315682052e-09	0.9999877753	1.033670644e-08	
1.077348898e-08	1.23534461e-05	9.315639678e-09	0.9999876163	1.012640389e-08	
9.846426354e-09	9.460570898e-09	8.444725098e-09	0.999999963	9.255029383e-09	
1.062673108e-08	1.029285685e-05	9.113933752e-09	0.9999896772	1.019630565e-08	
1.054252169e-08	9.12627969e-06	9.092805103e-09	0.9999908442	9.909309483e-09	
9.846514702e-09	9.605499575e-09	8.444799544e-09	0.9999999628	9.255111854e-09	
1.6840086e-08	9.658525269e-05	1.444277386e-08	0.9999033676	1.582862476e-08	
9.846515149e-09	9.55515085e-09	8.489346303e-09	0.9999999629	9.25511193e-09	
9.846634622e-09	9.558520463e-09	8.499074772e-09	0.9999999627	9.433315175e-09	
9.846542342e-09	9.588833867e-09	8.498996124e-09	0.9999999628	9.255137013e-09	
9.846548722e-09	9.465231254e-09	8.444828184e-09	0.9999999628	9.447308487e-09	
9.84650469e-09	9.588793861e-09	8.444791115e-09	0.9999999629	9.255102404e-09	
9.846531281e-09	9.565995618e-09	8.503191697e-09	0.9999999628	9.255127034e-09	
1.062665983e-08	1.017460942e-05	9.113873791e-09	0.9999897955	1.019623787e-08	
1.086201531e-08	1.340406532e-05	9.369976115e-09	0.9999865655	1.02096141e-08	
1.054245086e-08	9.021434128e-06	9.092745159e-09	0.999990949	9.90924348e-09	
9.846447966e-09	9.445377293e-09	8.489289448e-09	0.999999963	9.255049315e-09	
9.846567439e-09	9.448708194e-09	8.499017852e-09	0.9999999628	9.433251354e-09	
9.846475159e-09	9.478673346e-09	8.498939205e-09	0.9999999629	9.255074398e-09	
9.846481539e-09	9.356490731e-09	8.444771627e-09	0.9999999629	9.447244572e-09	
9.846437508e-09	9.478633799e-09	8.444734558e-09	0.999999963	9.255039789e-09	
9.846464099e-09	9.456097472e-09	8.503134749e-09	0.9999999629	9.255064419e-09	
1.155457308e-08	0.01437399745	9.967385938e-09	0.9856259699	1.108655997e-08	
1.126753943e-08	0.009719873614	9.718110159e-09	0.9902800946	1.081115243e-08	
1.062675458e-08	1.027632677e-05	9.162029789e-09	0.9999896937	1.019632777e-08	
1.062678355e-08	1.031255164e-05	9.172443916e-09	0.9999896575	1.019635504e-08	
1.062679184e-08	1.017962147e-05	9.113985e-09	0.9999897902	1.040807112e-08	
1.062674291e-08	1.031250862e-05	9.113943783e-09	0.9999896576	1.019631691e-08	
1.062677187e-08	1.028798993e-05	9.176972165e-09	0.999989682	1.019634429e-08	
1.148170315e-08	0.01276565205	9.960494212e-09	0.9872343157	1.079207501e-08	
1.086211054e-08	1.360940251e-05	9.370056795e-09	0.9999863602	1.020970298e-08	
1.63424328e-08	0.1203845186	1.409756832e-08	0.8796154356	1.536085318e-08	
1.08621118e-08	1.353806766e-05	9.419485006e-09	0.9999864314	1.02097038e-08	
1.086224355e-08	1.354284178e-05	9.430279334e-09	0.9999864265	1.040628725e-08	
1.086214128e-08	1.358579028e-05	9.430191665e-09	0.9999863837	1.020973098e-08	
1.086215022e-08	1.341066818e-05	9.370090434e-09	0.9999865587	1.042172524e-08	
1.086209975e-08	1.35857336e-05	9.370047664e-09	0.9999863838	1.02096928e-08	
1.651148161e-08	0.08434276798	1.424094817e-08	0.9156571857	1.551974828e-08	
1.054254498e-08	9.111623086e-06	9.140789623e-09	0.9999908588	9.909330969e-09	
1.054267287e-08	9.114836261e-06	9.151264592e-09	0.9999908554	1.010013089e-08	
1.054257376e-08	9.143742324e-06	9.151179645e-09	0.9999908267	9.909357507e-09	
1.054258183e-08	9.025878121e-06	9.092856116e-09	0.9999909444	1.011511425e-08	
1.054253345e-08	9.143704175e-06	9.092815131e-09	0.9999908268	9.909320452e-09	
1.054256215e-08	9.121964372e-06	9.155697371e-09	0.9999908484	9.909347038e-09	
1.684011626e-08	9.693822029e-05	1.444279936e-08	0.9999030147	1.582865314e-08	
9.846536315e-09	9.590073215e-09	8.489364286e-09	0.9999999628	9.255131786e-09	
9.846655789e-09	9.593455144e-09	8.499092776e-09	0.9999999626	9.433335414e-09	
9.846563508e-09	9.623879339e-09	8.499014128e-09	0.9999999628	9.25515687e-09	
9.846569888e-09	9.49982498e-09	8.444846073e-09	0.9999999628	9.447328756e-09	
9.846552447e-09	9.600957619e-09	8.50320971e-09	0.9999999628	9.25514689e-09	
1.684012558e-08	9.643015246e-05	1.451899326e-08	0.9999035227	1.582866131e-08	
1.684032933e-08	9.646415515e-05	1.453563098e-08	0.9999034883	1.61334349e-08	
1.684016636e-08	9.677004707e-05	1.453549202e-08	0.9999031827	1.582869882e-08	
1.684010197e-08	9.676964337e-05	1.444278738e-08	0.9999031832	1.582863964e-08	
1.684015132e-08	9.653958681e-05	1.454267089e-08	0.9999034132	1.582868541e-08	
9.846656235e-09	9.543169551e-09	8.543925935e-09	0.9999999626	9.433335491e-09	
9.846563954e-09	9.573434272e-09	8.543846873e-09	0.9999999628	9.255156945e-09	
9.846570334e-09	9.450030164e-09	8.489393078e-09	0.9999999628	9.447328833e-09	
9.846526303e-09	9.573394331e-09	8.489355813e-09	0.9999999628	9.255122336e-09	
9.846552894e-09	9.550632701e-09	8.548064586e-09	0.9999999628	9.255146966e-09	
9.846683429e-09	9.576810333e-09	8.553637797e-09	0.9999999626	9.433361057e-09	
9.846689808e-09	9.453362706e-09	8.499121601e-09	0.9999999626	9.629233133e-09	
9.846645776e-09	9.576770377e-09	8.499084293e-09	0.9999999626	9.433325781e-09	
9.846553496e-09	9.607141659e-09	8.499005645e-09	0.9999999628	9.255147419e-09	
9.846580087e-09	9.584299792e-09	8.557781152e-09	0.9999999628	9.255172049e-09	
9.846559876e-09	9.483303053e-09	8.444837645e-09	0.9999999628	9.447319109e-09	
9.846586467e-09	9.460755623e-09	8.503238549e-09	0.9999999627	9.447344251e-09	
9.846542435e-09	9.584259804e-09	8.503201223e-09	0.9999999628	9.25513744e-09	
