6.687426132e-09	6.014728766e-09	0.9999999774	3.81981158e-09	6.118228535e-09	
6.728268284e-09	6.051465421e-09	0.999999806	1.750272783e-07	6.155631343e-09	
6.687163181e-09	6.014492329e-09	0.9999999776	3.546933037e-09	6.117989806e-09	
6.687059252e-09	6.01439895e-09	0.9999999777	3.443355911e-09	6.117892171e-09	
6.687214542e-09	6.014538507e-09	0.9999999776	3.599182287e-09	6.118037234e-09	
6.687059183e-09	6.01439889e-09	0.9999999777	3.443308272e-09	6.117892498e-09	
6.687059443e-09	6.014399118e-09	0.9999999777	3.443503099e-09	6.117892343e-09	
6.68726051e-09	6.014579823e-09	0.9999999775	3.646205614e-09	6.118087573e-09	
6.68848916e-09	6.015687589e-09	0.9999999761	5.050754367e-09	6.11920172e-09	
6.687311207e-09	6.014625428e-09	0.9999999775	3.698966122e-09	6.11812282e-09	
6.68733192e-09	6.014644046e-09	0.9999999775	3.720475931e-09	6.118145145e-09	
6.690158919e-09	6.017189795e-09	0.9999999737	7.436428725e-09	6.120730029e-09	
6.728452499e-09	6.051631069e-09	0.9999997968	1.842653481e-07	6.155799632e-09	
6.687346331e-09	6.01465702e-09	0.9999999774	3.734142832e-09	6.118157121e-09	
6.687242399e-09	6.014563638e-09	0.9999999776	3.625098827e-09	6.118059483e-09	
6.687397693e-09	6.014703199e-09	0.9999999774	3.789149837e-09	6.11820455e-09	
6.68724259e-09	6.014563806e-09	0.9999999776	3.625253784e-09	6.118059654e-09	
6.687494361e-09	6.014790122e-09	0.9999999773	3.894200338e-09	6.118290138e-09	
6.687242524e-09	6.014563748e-09	0.9999999776	3.625199484e-09	6.118059732e-09	
6.687515075e-09	6.01480874e-09	0.9999999773	3.916845451e-09	6.118312464e-09	
6.69034215e-09	6.017354558e-09	0.9999999733	7.828929029e-09	6.120897417e-09	
6.728188022e-09	6.05139326e-09	0.99999981	1.711018581e-07	6.155559516e-09	
6.728239681e-09	6.051439706e-09	0.9999998074	1.736223292e-07	6.15560722e-09	
1.419221479e-08	1.66087973e-08	0.9974267377	0.002573218755	1.272489238e-08	
6.728087405e-09	6.051302785e-09	0.9999998148	1.662526973e-07	6.15549107e-09	
6.728285916e-09	6.051481262e-09	0.9999998052	1.758907051e-07	6.155657855e-09	
6.729521657e-09	6.052595423e-09	0.9999997374	2.436452526e-07	6.156778435e-09	
6.728336907e-09	6.051527132e-09	0.9999998026	1.784358389e-07	6.155693303e-09	
6.728357741e-09	6.051545858e-09	0.9999998016	1.794734586e-07	6.155715759e-09	
6.731200902e-09	6.054106163e-09	0.9999996223	3.58728661e-07	6.158315435e-09	
6.686979455e-09	6.014327208e-09	0.9999999778	3.366130115e-09	6.117820761e-09	
6.687134744e-09	6.014466763e-09	0.9999999777	3.518461698e-09	6.117965822e-09	
6.686979386e-09	6.014327148e-09	0.9999999778	3.366083544e-09	6.117821087e-09	
6.686983349e-09	6.014330635e-09	0.9999999778	3.369115862e-09	6.117850338e-09	
6.686979647e-09	6.014327376e-09	0.9999999778	3.366274002e-09	6.117820932e-09	
6.687180711e-09	6.014508078e-09	0.9999999776	3.56443041e-09	6.118016161e-09	
6.688409346e-09	6.015615832e-09	0.9999999762	4.937478675e-09	6.119130295e-09	
6.687231407e-09	6.014553683e-09	0.9999999776	3.616007633e-09	6.118051408e-09	
6.686979581e-09	6.014327318e-09	0.9999999778	3.366223581e-09	6.11782101e-09	
6.687252121e-09	6.0145723e-09	0.9999999775	3.637035031e-09	6.118073732e-09	
6.687030815e-09	6.014373384e-09	0.9999999778	3.415715988e-09	6.117868188e-09	
6.68687546e-09	6.014233771e-09	0.9999999779	3.267787564e-09	6.117723455e-09	
6.686879423e-09	6.014237258e-09	0.9999999779	3.270731333e-09	6.117752705e-09	
6.688305398e-09	6.015522435e-09	0.9999999764	4.793294997e-09	6.119032641e-09	
6.687127477e-09	6.014460303e-09	0.9999999777	3.510413398e-09	6.117953771e-09	
6.686875654e-09	6.014233941e-09	0.9999999779	3.267923511e-09	6.117723377e-09	
6.687030746e-09	6.014373324e-09	0.9999999778	3.415668732e-09	6.117868514e-09	
6.687034709e-09	6.014376811e-09	0.9999999778	3.418745718e-09	6.117897765e-09	
6.687232072e-09	6.014554256e-09	0.9999999776	3.61693741e-09	6.118063589e-09	
6.688460717e-09	6.015662018e-09	0.9999999762	5.010211809e-09	6.119177731e-09	
6.687282769e-09	6.014599861e-09	0.9999999775	3.669274408e-09	6.118098836e-09	
6.68703094e-09	6.014373494e-09	0.9999999778	3.415810831e-09	6.117868436e-09	
6.687303482e-09	6.014618479e-09	0.9999999775	3.690611558e-09	6.118121161e-09	
6.686879354e-09	6.014237198e-09	0.9999999779	3.270686082e-09	6.117753031e-09	
6.686875651e-09	6.014233939e-09	0.9999999779	3.267927247e-09	6.117723626e-09	
6.687076712e-09	6.014414639e-09	0.9999999777	3.460294453e-09	6.117918852e-09	
6.688305329e-09	6.015522375e-09	0.9999999764	4.793228681e-09	6.119032968e-09	
6.687127408e-09	6.014460243e-09	0.9999999777	3.510364832e-09	6.117954098e-09	
6.686875586e-09	6.014233881e-09	0.9999999779	3.267878299e-09	6.117723704e-09	
6.689975044e-09	6.017024541e-09	0.9999999741	7.057263304e-09	6.120561235e-09	
1.414364911e-08	1.655196173e-08	0.9999255154	7.444127234e-05	1.268127312e-08	
1.414668264e-08	1.655551292e-08	0.9998903576	0.0001095990248	1.268399439e-08	
1.126448103e-07	0.001555437495	0.1539927573	0.8444515938	9.876950647e-08	
3.596121581e-08	3.171872582e-05	0.1985214984	0.8014467289	1.804552631e-08	
7.790643548e-05	7.105911945e-05	0.9979537284	0.001897284588	2.141553174e-08	
2.101631514e-08	2.74095898e-05	0.1236227019	0.8763498493	1.814569391e-08	
1.968443095e-08	2.255965325e-08	0.1467540397	0.8532459016	1.65279374e-08	
1.956943187e-05	1.277041342e-06	0.0001335994491	0.9998455352	1.888194594e-08	
1.864892902e-08	2.22281793e-08	0.2121610922	0.7878388507	1.623697629e-08	
1.899155722e-08	2.286972326e-08	0.05201617956	0.9479837616	1.69465853e-08	
6.686879614e-09	6.014237426e-09	0.9999999779	3.270871142e-09	6.117752876e-09	
6.688309293e-09	6.015525863e-09	0.9999999764	4.797546635e-09	6.119062224e-09	
6.686879548e-09	6.014237369e-09	0.9999999779	3.27082215e-09	6.117752953e-09	
6.687152084e-09	6.014482347e-09	0.9999999776	3.53395859e-09	6.118005673e-09	
6.689979008e-09	6.017028029e-09	0.9999999741	7.063620801e-09	6.120590499e-09	
6.688305589e-09	6.015522603e-09	0.9999999764	4.793499889e-09	6.119032813e-09	
6.687127668e-09	6.014460471e-09	0.9999999777	3.510563453e-09	6.117953943e-09	
6.686875846e-09	6.014234109e-09	0.9999999779	3.2680632e-09	6.117723549e-09	
6.689975304e-09	6.017024769e-09	0.9999999741	7.057662614e-09	6.12056108e-09	
6.688506693e-09	6.015703341e-09	0.9999999761	5.07567024e-09	6.11922808e-09	
6.687076907e-09	6.014414809e-09	0.9999999777	3.460438409e-09	6.117918774e-09	
6.68734945e-09	6.014659795e-09	0.9999999774	3.738829408e-09	6.1181715e-09	
6.690176457e-09	6.017205551e-09	0.9999999737	7.473113366e-09	6.120756395e-09	
6.688557399e-09	6.015748955e-09	0.999999976	5.149115067e-09	6.119263333e-09	
6.688305524e-09	6.015522545e-09	0.9999999764	4.79342809e-09	6.11903289e-09	
6.688578116e-09	6.015767576e-09	0.999999976	5.179057618e-09	6.119285662e-09	
6.691405632e-09	6.018313792e-09	0.9999999708	1.035181883e-08	6.121871018e-09	
6.687127603e-09	6.014460413e-09	0.9999999777	3.510510871e-09	6.11795402e-09	
6.687400148e-09	6.014705401e-09	0.9999999774	3.79293018e-09	6.118206748e-09	
6.690227175e-09	6.017251176e-09	0.9999999736	7.581249138e-09	6.120791657e-09	
6.687148316e-09	6.01447903e-09	0.9999999776	3.530924796e-09	6.117976344e-09	
6.689975238e-09	6.017024711e-09	0.9999999741	7.057556902e-09	6.120561158e-09	
6.690247898e-09	6.017269801e-09	0.9999999735	7.62533476e-09	6.120813991e-09	
5.213257701e-09	0.9999999838	3.669261715e-09	2.554010635e-09	4.769529147e-09	
5.213261134e-09	0.9999999838	3.669984505e-09	2.556010322e-09	4.769532145e-09	
5.213286441e-09	0.9999999838	3.684755446e-09	2.564309312e-09	4.769553822e-09	
5.21326137e-09	0.9999999838	3.670032723e-09	2.556143784e-09	4.769532345e-09	
5.213261134e-09	0.9999999838	3.669984505e-09	2.556010322e-09	4.769532145e-09	
5.213261548e-09	0.9999999838	3.670087653e-09	2.556296248e-09	4.769532573e-09	
5.311616006e-09	0.9999999832	3.916052455e-09	2.83643991e-09	4.770092476e-09	
5.213261134e-09	0.9999999838	3.669984505e-09	2.556010322e-09	4.769532145e-09	
5.213284564e-09	0.9999999838	3.685032881e-09	2.562745437e-09	4.769552147e-09	
5.213257701e-09	0.9999999838	3.669261705e-09	2.554010634e-09	4.769529147e-09	
5.21325761e-09	0.9999999838	3.669261537e-09	2.55401055e-09	4.769529146e-09	
5.222012149e-09	0.9999999836	3.695435265e-09	2.674820567e-09	4.769697215e-09	
5.213281264e-09	0.9999999838	3.683049451e-09	2.56165069e-09	4.769549264e-09	
5.213261548e-09	0.9999999838	3.670087652e-09	2.556296247e-09	4.769532573e-09	
5.213283124e-09	0.9999999838	3.682921679e-09	2.563093576e-09	4.769550911e-09	
1.217363983e-08	0.9999477269	1.634807008e-05	3.590195363e-05	1.090363342e-08	
5.213237571e-09	0.9999999838	3.656245679e-09	2.54838709e-09	4.769512028e-09	
5.213262877e-09	0.9999999838	3.670961324e-09	2.556661327e-09	4.769533705e-09	
5.213237807e-09	0.9999999838	3.656293716e-09	2.548520153e-09	4.769512228e-09	
5.213237571e-09	0.9999999838	3.656245679e-09	2.54838709e-09	4.769512028e-09	
5.311591999e-09	0.9999999832	3.901392458e-09	2.827980304e-09	4.770072357e-09	
5.213237571e-09	0.9999999838	3.656245679e-09	2.54838709e-09	4.769512028e-09	
5.213261001e-09	0.9999999838	3.671237721e-09	2.555102117e-09	4.76953203e-09	
5.213234138e-09	0.9999999838	3.655525585e-09	2.546393365e-09	4.76950903e-09	
5.213234046e-09	0.9999999838	3.655525417e-09	2.546393281e-09	4.769509029e-09	
5.221988547e-09	0.9999999837	3.681601162e-09	2.666842986e-09	4.769677097e-09	
5.213257701e-09	0.9999999838	3.669261715e-09	2.554010635e-09	4.769529147e-09	
5.213237985e-09	0.9999999838	3.65634844e-09	2.548672162e-09	4.769512456e-09	
5.213259561e-09	0.9999999838	3.669134422e-09	2.555449218e-09	4.769530794e-09	
5.21326631e-09	0.9999999838	3.671684449e-09	2.55866309e-09	4.769536704e-09	
6.452356974e-09	0.9999921203	1.277624966e-06	6.58988995e-06	5.772916739e-09	
5.213241239e-09	0.9999999838	3.657013952e-09	2.550515542e-09	4.769515227e-09	
5.213241003e-09	0.9999999838	3.656965905e-09	2.550382374e-09	4.769515027e-09	
5.213241417e-09	0.9999999838	3.657068687e-09	2.55066767e-09	4.769515455e-09	
5.311595496e-09	0.9999999832	3.902160974e-09	2.830194498e-09	4.770075356e-09	
5.213241003e-09	0.9999999838	3.656965905e-09	2.550382374e-09	4.769515027e-09	
5.213264434e-09	0.9999999838	3.6719609e-09	2.557102659e-09	4.769535028e-09	
5.21323757e-09	0.9999999838	3.65624567e-09	2.548387089e-09	4.769512028e-09	
5.213237479e-09	0.9999999838	3.656245502e-09	2.548387004e-09	4.769512028e-09	
5.221991985e-09	0.9999999837	3.682326383e-09	2.668931016e-09	4.769680096e-09	
5.213261134e-09	0.9999999838	3.669984505e-09	2.556010322e-09	4.769532145e-09	
5.213241417e-09	0.9999999838	3.657068687e-09	2.550667669e-09	4.769515455e-09	
5.213262994e-09	0.9999999838	3.669857187e-09	2.557450032e-09	4.769533793e-09	
6.452388125e-09	0.9999920937	1.282767113e-06	6.611286177e-06	5.772942823e-09	
5.213266546e-09	0.9999999838	3.671732689e-09	2.55879669e-09	4.769536904e-09	
5.21326631e-09	0.9999999838	3.671684449e-09	2.55866309e-09	4.769536704e-09	
5.213266724e-09	0.9999999838	3.671787645e-09	2.558949313e-09	4.769537132e-09	
5.21326631e-09	0.9999999838	3.671684449e-09	2.55866309e-09	4.769536704e-09	
5.213289741e-09	0.9999999838	3.686739796e-09	2.565405195e-09	4.769556705e-09	
5.213262877e-09	0.9999999838	3.670961315e-09	2.556661326e-09	4.769533705e-09	
5.213262786e-09	0.9999999838	3.670961146e-09	2.556661242e-09	4.769533705e-09	
5.213286441e-09	0.9999999838	3.684755446e-09	2.564309312e-09	4.769553822e-09	
5.213266724e-09	0.9999999838	3.671787644e-09	2.558949312e-09	4.769537132e-09	
5.213288301e-09	0.9999999838	3.684627616e-09	2.565753695e-09	4.76955547e-09	
1.217365137e-08	0.9999476821	1.635564181e-05	3.593921304e-05	1.090364335e-08	
6.452357264e-09	0.9999921199	1.277641752e-06	6.590234037e-06	5.772916979e-09	
6.452356974e-09	0.9999921203	1.277624966e-06	6.58988995e-06	5.772916739e-09	
6.452357482e-09	0.9999921195	1.277660874e-06	6.590627117e-06	5.772917252e-09	
6.452356974e-09	0.9999921203	1.277624966e-06	6.58988995e-06	5.772916739e-09	
6.463185908e-09	0.9999918051	1.286484687e-06	6.896203612e-06	5.773114716e-09	
6.452357482e-09	0.9999921195	1.277660874e-06	6.590627115e-06	5.772917252e-09	
6.452384045e-09	0.9999920975	1.282128732e-06	6.6081518e-06	5.772939321e-09	
6.716095588e-08	0.0008036039137	1.330788708e-05	0.9991829607	6.029620432e-08	
0.0001135993329	0.9396044931	0.05949502378	0.0007868526454	3.116068594e-08	
5.213241239e-09	0.9999999838	3.657013952e-09	2.550515542e-09	4.769515227e-09	
5.213241653e-09	0.9999999838	3.657116735e-09	2.550800853e-09	4.769515655e-09	
5.311595737e-09	0.9999999832	3.902212242e-09	2.830342276e-09	4.770075556e-09	
5.213241239e-09	0.9999999838	3.657013952e-09	2.550515542e-09	4.769515227e-09	
5.21326467e-09	0.9999999838	3.672009144e-09	2.557236178e-09	4.769535228e-09	
5.213237806e-09	0.9999999838	3.656293707e-09	2.548520152e-09	4.769512228e-09	
5.213237715e-09	0.9999999838	3.656293539e-09	2.548520068e-09	4.769512228e-09	
5.221992221e-09	0.9999999837	3.682374763e-09	2.669070374e-09	4.769680296e-09	
5.21326137e-09	0.9999999838	3.670032723e-09	2.556143784e-09	4.769532345e-09	
5.21326323e-09	0.9999999838	3.669905403e-09	2.557583568e-09	4.769533993e-09	
5.213241417e-09	0.9999999838	3.657068687e-09	2.55066767e-09	4.769515455e-09	
5.311595496e-09	0.9999999832	3.902160974e-09	2.830194498e-09	4.770075356e-09	
5.213241003e-09	0.9999999838	3.656965905e-09	2.550382374e-09	4.769515027e-09	
5.213264434e-09	0.9999999838	3.6719609e-09	2.557102659e-09	4.769535028e-09	
5.21323757e-09	0.9999999838	3.65624567e-09	2.548387089e-09	4.769512028e-09	
5.213237479e-09	0.9999999838	3.656245502e-09	2.548387004e-09	4.769512028e-09	
5.221991985e-09	0.9999999837	3.682326383e-09	2.668931016e-09	4.769680096e-09	
5.213261134e-09	0.9999999838	3.669984505e-09	2.556010322e-09	4.769532145e-09	
5.213241417e-09	0.9999999838	3.657068687e-09	2.550667669e-09	4.769515455e-09	
5.213262994e-09	0.9999999838	3.669857187e-09	2.557450032e-09	4.769533793e-09	
5.213241417e-09	0.9999999838	3.657068687e-09	2.55066767e-09	4.769515455e-09	
5.213264848e-09	0.9999999838	3.672064103e-09	2.557388707e-09	4.769535456e-09	
5.213237985e-09	0.9999999838	3.656348431e-09	2.548672162e-09	4.769512456e-09	
5.213237893e-09	0.9999999838	3.656348263e-09	2.548672077e-09	4.769512456e-09	
5.2219924e-09	0.9999999837	3.682429878e-09	2.669229574e-09	4.769680524e-09	
5.213261548e-09	0.9999999838	3.670087653e-09	2.556296248e-09	4.769532573e-09	
5.213241832e-09	0.9999999838	3.657171471e-09	2.550952997e-09	4.769515883e-09	
5.213263408e-09	0.9999999838	3.669960331e-09	2.557736118e-09	4.769534221e-09	
5.311595496e-09	0.9999999832	3.902160974e-09	2.830194498e-09	4.770075356e-09	
5.311591999e-09	0.9999999832	3.901392448e-09	2.827980302e-09	4.770072357e-09	
5.320511577e-09	0.999999983	3.929221841e-09	2.961749562e-09	4.770240444e-09	
5.311616006e-09	0.9999999832	3.916052455e-09	2.83643991e-09	4.770092476e-09	
5.311617902e-09	0.9999999832	3.9159166e-09	2.838037575e-09	4.770094124e-09	
1.028759216e-07	0.9995734889	8.61489307e-05	0.0003402076143	5.170683607e-08	
9.949620772e-05	0.9997067836	0.0001933332596	3.595469996e-07	2.739435596e-08	
6.956974286e-08	0.9995073355	6.207618685e-05	0.0004304585502	6.016396436e-08	
5.213264434e-09	0.9999999838	3.6719609e-09	2.557102659e-09	4.769535028e-09	
5.21323757e-09	0.9999999838	3.65624567e-09	2.548387089e-09	4.769512028e-09	
5.213237479e-09	0.9999999838	3.656245502e-09	2.548387004e-09	4.769512028e-09	
5.221991985e-09	0.9999999837	3.682326383e-09	2.668931016e-09	4.769680096e-09	
5.213261134e-09	0.9999999838	3.669984505e-09	2.556010322e-09	4.769532145e-09	
5.213241417e-09	0.9999999838	3.657068687e-09	2.550667669e-09	4.769515455e-09	
5.213262994e-09	0.9999999838	3.669857187e-09	2.557450032e-09	4.769533793e-09	
5.21326091e-09	0.9999999838	3.671237542e-09	2.555102032e-09	4.769532029e-09	
5.222015455e-09	0.9999999836	3.697425366e-09	2.675963679e-09	4.769700098e-09	
5.213284564e-09	0.9999999838	3.685032881e-09	2.562745437e-09	4.769552147e-09	
5.213264848e-09	0.9999999838	3.672064103e-09	2.557388706e-09	4.769535456e-09	
5.213286425e-09	0.9999999838	3.684905041e-09	2.56418894e-09	4.769553794e-09	
1.217364724e-08	0.9999477028	1.63568736e-05	3.591729583e-05	1.090363975e-08	
5.213234046e-09	0.9999999838	3.655525408e-09	2.54639328e-09	4.769509029e-09	
5.221988547e-09	0.9999999837	3.681601153e-09	2.666842985e-09	4.769677097e-09	
5.213257701e-09	0.9999999838	3.669261705e-09	2.554010634e-09	4.769529147e-09	
5.213237985e-09	0.9999999838	3.656348431e-09	2.548672161e-09	4.769512456e-09	
5.213259561e-09	0.9999999838	3.669134412e-09	2.555449217e-09	4.769530794e-09	
5.221988455e-09	0.9999999837	3.681600983e-09	2.666842897e-09	4.769677097e-09	
5.21325761e-09	0.9999999838	3.669261537e-09	2.55401055e-09	4.769529146e-09	
5.213237893e-09	0.9999999838	3.656348263e-09	2.548672077e-09	4.769512456e-09	
5.21325947e-09	0.9999999838	3.669134244e-09	2.555449132e-09	4.769530793e-09	
5.222012149e-09	0.9999999836	3.695435265e-09	2.674820567e-09	4.769697215e-09	
5.2219924e-09	0.9999999837	3.682429877e-09	2.669229573e-09	4.769680524e-09	
5.222014013e-09	0.9999999836	3.695307064e-09	2.676327198e-09	4.769698862e-09	
4.877804978e-06	0.9996197013	2.441195817e-05	0.0003509570393	5.192329015e-08	
1.219400749e-08	0.9999460859	1.640302048e-05	3.748798646e-05	1.090395376e-08	
5.213261548e-09	0.9999999838	3.670087652e-09	2.556296247e-09	4.769532573e-09	
5.213283124e-09	0.9999999838	3.682921679e-09	2.563093576e-09	4.769550911e-09	
1.217363983e-08	0.9999477269	1.634807008e-05	3.590195363e-05	1.090363342e-08	
5.213263408e-09	0.9999999838	3.669960331e-09	2.557736118e-09	4.769534221e-09	
1.217364393e-08	0.9999477072	1.634750261e-05	3.592217521e-05	1.090363697e-08	
5.129922099e-09	4.609660928e-09	3.593796973e-09	2.624723914e-09	0.999999984	
5.127495728e-09	4.609714572e-09	3.593836672e-09	2.674063505e-09	0.999999984	
5.127403794e-09	4.609633635e-09	3.593776685e-09	2.601872303e-09	0.9999999841	
5.12942452e-09	4.609655448e-09	3.593792899e-09	2.620116719e-09	0.999999984	
4.936686326e-08	9.308957071e-09	7.300166853e-09	3.790070018e-05	0.9999620333	
5.127506222e-09	4.609723792e-09	3.593843515e-09	2.682415829e-09	0.999999984	
5.129416433e-09	4.609655444e-09	3.593792896e-09	2.620116621e-09	0.999999984	
5.129666038e-09	4.609657892e-09	3.593794716e-09	2.622162262e-09	0.999999984	
2.428386703e-08	2.183162184e-08	1.70203586e-08	0.0001412387847	0.9998586981	
5.127659798e-09	4.609626383e-09	3.593771267e-09	2.595373505e-09	0.9999999841	
5.127567861e-09	4.609545448e-09	3.593711281e-09	2.525306683e-09	0.9999999841	
5.129588652e-09	4.60956726e-09	3.593727495e-09	2.543014219e-09	0.9999999841	
4.936849797e-08	9.308789361e-09	7.300042137e-09	3.678543259e-05	0.9999631486	
5.127567804e-09	4.609545447e-09	3.593711281e-09	2.525306672e-09	0.9999999841	
5.127670292e-09	4.609635603e-09	3.59377811e-09	2.603480045e-09	0.9999999841	
5.129580564e-09	4.609567256e-09	3.593727492e-09	2.543014123e-09	0.9999999841	
5.125142604e-09	4.60959909e-09	3.593750979e-09	2.572777428e-09	0.9999999841	
5.127162439e-09	4.609620903e-09	3.593767193e-09	2.59081783e-09	0.9999999841	
5.125142544e-09	4.60959909e-09	3.593750979e-09	2.572777422e-09	0.9999999841	
5.125142546e-09	4.60959909e-09	3.593750979e-09	2.572777416e-09	0.9999999841	
5.125244986e-09	4.609689246e-09	3.593817808e-09	2.652420293e-09	0.999999984	
5.127154355e-09	4.609620899e-09	3.59376719e-09	2.590817732e-09	0.9999999841	
5.127403849e-09	4.609623346e-09	3.59376901e-09	2.592840498e-09	0.9999999841	
2.427319616e-08	2.183149271e-08	1.702026374e-08	0.000139659633	0.9998602772	
5.127070511e-09	4.609539968e-09	3.593707207e-09	2.520873996e-09	0.9999999841	
5.125050652e-09	4.609518155e-09	3.593690993e-09	2.503320622e-09	0.9999999842	
5.125050654e-09	4.609518155e-09	3.593690993e-09	2.503320617e-09	0.9999999842	
5.127062427e-09	4.609539964e-09	3.593707204e-09	2.520873902e-09	0.9999999841	
5.127311917e-09	4.609542411e-09	3.593709024e-09	2.522842059e-09	0.9999999841	
5.127070451e-09	4.609539968e-09	3.593707207e-09	2.520873991e-09	0.9999999841	
4.936371264e-08	9.308778896e-09	7.300034332e-09	3.672086525e-05	0.9999632132	
5.127070453e-09	4.609539968e-09	3.593707207e-09	2.520873985e-09	0.9999999841	
5.127172932e-09	4.609630123e-09	3.593774035e-09	2.59891014e-09	0.9999999841	
5.129083019e-09	4.609561776e-09	3.593723417e-09	2.538550355e-09	0.9999999841	
5.129332607e-09	4.609564224e-09	3.593725238e-09	2.540532313e-09	0.9999999841	
5.125050595e-09	4.609518155e-09	3.593690993e-09	2.503320611e-09	0.9999999842	
5.125153033e-09	4.60960831e-09	3.593757821e-09	2.580813384e-09	0.9999999841	
5.127062367e-09	4.609539964e-09	3.593707204e-09	2.520873896e-09	0.9999999841	
5.127311858e-09	4.609542411e-09	3.593709024e-09	2.522842054e-09	0.9999999841	
4.936363481e-08	9.308778888e-09	7.300034326e-09	3.672086387e-05	0.9999632132	
4.93660355e-08	9.308783564e-09	7.300037814e-09	3.674953242e-05	0.9999631845	
6.430828626e-06	2.017491052e-08	1.965011719e-05	0.9998277675	0.0001461313555	
6.21390962e-06	1.976208694e-08	1.468097328e-05	0.9998370116	0.0001420737359	
9.602894927e-06	2.831197335e-05	1.008476555e-05	0.9997967021	0.0001552982368	
9.500842531e-05	9.994357165e-07	1.981722681e-08	0.9997620963	0.0001418760446	
7.063074968e-05	2.040219597e-08	6.108714155e-06	0.999779834	0.0001434061162	
5.125153035e-09	4.60960831e-09	3.593757821e-09	2.580813378e-09	0.9999999841	
5.127062369e-09	4.609539964e-09	3.593707204e-09	2.520873891e-09	0.9999999841	
5.12731186e-09	4.609542411e-09	3.593709024e-09	2.522842048e-09	0.9999999841	
5.127164848e-09	4.609630119e-09	3.593774032e-09	2.598910042e-09	0.9999999841	
5.127414343e-09	4.609632567e-09	3.593775852e-09	2.600939126e-09	0.9999999841	
2.427323525e-08	2.183152685e-08	1.702028872e-08	0.0001400957929	0.9998598411	
5.12932452e-09	4.60956422e-09	3.593725235e-09	2.540532217e-09	0.9999999841	
1.225119772e-08	1.100046816e-08	8.576173335e-09	0.9999652923	3.467588064e-05	
1.225119772e-08	1.100047015e-08	8.576173331e-09	0.9999652923	3.467588063e-05	
1.225290562e-08	1.100047392e-08	8.576176167e-09	0.9999652774	3.469073721e-05	
1.225290558e-08	1.100047389e-08	8.576176131e-09	0.9999652774	3.46907372e-05	
1.225290559e-08	1.100047174e-08	8.576176136e-09	0.9999652774	3.469073694e-05	
1.224973435e-08	1.100046697e-08	8.576170963e-09	0.999965305	3.466316008e-05	
1.223078862e-08	1.100045842e-08	8.576163304e-09	0.9999652923	3.467584701e-05	
1.224973435e-08	1.100046697e-08	8.576170963e-09	0.999965305	3.466316008e-05	
1.223079153e-08	1.100046115e-08	8.576165231e-09	0.9999652775	3.469070048e-05	
1.225244453e-08	1.102325691e-08	8.598888784e-09	0.9999652773	3.469083515e-05	
1.225211256e-08	1.242458816e-08	8.598908804e-09	0.9999652883	3.467844448e-05	
9.631654093e-09	8.633965388e-09	6.731219124e-09	0.9999999661	8.872792634e-09	
9.632996958e-09	8.633968483e-09	6.731221451e-09	0.9999999661	8.876594236e-09	
9.632996928e-09	8.633968455e-09	6.731221422e-09	0.9999999661	8.876594236e-09	
9.63299693e-09	8.633966769e-09	6.731221426e-09	0.9999999661	8.876594169e-09	
9.630503499e-09	8.633962784e-09	6.73121718e-09	0.9999999661	8.869537612e-09	
1.107984924e-05	1.017523542e-08	9.371789916e-09	0.999988891	9.563901304e-09	
9.615579697e-09	8.633930624e-09	6.731191718e-09	0.9999999662	8.827508317e-09	
9.615608854e-09	8.633956183e-09	6.731211254e-09	0.9999999661	8.872784032e-09	
9.630503499e-09	8.633962784e-09	6.73121718e-09	0.9999999661	8.869537612e-09	
9.615611288e-09	8.633958454e-09	6.731212867e-09	0.9999999661	8.876584837e-09	
9.63263446e-09	8.651850216e-09	6.749048003e-09	0.9999999661	8.8766193e-09	
9.632965222e-09	8.633940467e-09	6.731200268e-09	0.9999999662	8.827517546e-09	
9.632996956e-09	8.633970039e-09	6.731221447e-09	0.9999999661	8.876594233e-09	
9.632996926e-09	8.633970012e-09	6.731221419e-09	0.9999999661	8.876594233e-09	
9.632996928e-09	8.633968325e-09	6.731221423e-09	0.9999999661	8.876594166e-09	
9.630503497e-09	8.63396434e-09	6.731217177e-09	0.9999999661	8.869537609e-09	
1.107984924e-05	1.017523725e-08	9.371789912e-09	0.999988891	9.5639013e-09	
9.615579695e-09	8.633932181e-09	6.731191714e-09	0.9999999662	8.827508314e-09	
9.615608852e-09	8.633957739e-09	6.73121125e-09	0.9999999661	8.872784029e-09	
9.630503497e-09	8.63396434e-09	6.731217177e-09	0.9999999661	8.869537609e-09	
9.615611286e-09	8.633960011e-09	6.731212863e-09	0.9999999661	8.876584834e-09	
9.63296522e-09	8.633942023e-09	6.731200265e-09	0.9999999662	8.827517543e-09	
9.632373352e-09	9.751718099e-09	6.749063631e-09	0.999999965	8.873448689e-09	
9.634339979e-09	8.633973106e-09	6.731223745e-09	0.9999999661	8.880397464e-09	
9.631846202e-09	8.633967435e-09	6.731219503e-09	0.9999999661	8.873337817e-09	
1.1081394e-05	1.017524088e-08	9.371793136e-09	0.9999888895	9.567998997e-09	
9.61694948e-09	8.633960834e-09	6.731213577e-09	0.9999999661	8.876585628e-09	
9.631846202e-09	8.633967435e-09	6.731219503e-09	0.9999999661	8.873337817e-09	
9.616951914e-09	8.633963105e-09	6.73121519e-09	0.9999999661	8.880388061e-09	
9.633977461e-09	8.651854876e-09	6.749050332e-09	0.9999999661	8.880422538e-09	
9.634308268e-09	8.633945118e-09	6.731202591e-09	0.9999999662	8.831299747e-09	
9.633716318e-09	9.751721594e-09	6.749065964e-09	0.999999965	8.877250572e-09	
9.63433995e-09	8.633971393e-09	6.731223721e-09	0.9999999661	8.880397397e-09	
9.631846172e-09	8.633967408e-09	6.731219475e-09	0.9999999661	8.873337817e-09	
1.108139396e-05	1.017524085e-08	9.371793096e-09	0.9999888895	9.567998997e-09	
9.616920289e-09	8.633935248e-09	6.731194012e-09	0.9999999662	8.831290513e-09	
9.61694945e-09	8.633960806e-09	6.731213548e-09	0.9999999661	8.876585628e-09	
9.631846172e-09	8.633967408e-09	6.731219475e-09	0.9999999661	8.873337817e-09	
9.616951884e-09	8.633963078e-09	6.731215161e-09	0.9999999661	8.880388061e-09	
9.633716287e-09	9.751721563e-09	6.749065936e-09	0.999999965	8.877250572e-09	
9.631846174e-09	8.633965721e-09	6.731219478e-09	0.9999999661	8.87333775e-09	
1.108139397e-05	1.017523886e-08	9.371793101e-09	0.9999888895	9.567998925e-09	
9.616920291e-09	8.633933562e-09	6.731194016e-09	0.9999999662	8.831290447e-09	
9.616949452e-09	8.63395912e-09	6.731213552e-09	0.9999999661	8.876585561e-09	
9.631846174e-09	8.633965721e-09	6.731219478e-09	0.9999999661	8.87333775e-09	
9.616951886e-09	8.633961392e-09	6.731215165e-09	0.9999999661	8.880387994e-09	
9.633977432e-09	8.651853159e-09	6.749050307e-09	0.9999999661	8.880422471e-09	
9.63430824e-09	8.633943404e-09	6.731202566e-09	0.9999999662	8.83129968e-09	
1.107852566e-05	1.017523419e-08	9.371787217e-09	0.9999888924	9.560392755e-09	
9.614431021e-09	8.633929577e-09	6.73118977e-09	0.9999999662	8.824269905e-09	
9.614460175e-09	8.633955135e-09	6.731209306e-09	0.9999999662	8.869529011e-09	
9.629353041e-09	8.633961736e-09	6.731215232e-09	0.9999999661	8.866283782e-09	
9.614462609e-09	8.633957407e-09	6.731210919e-09	0.9999999661	8.873328422e-09	
9.631483748e-09	8.651849166e-09	6.74904605e-09	0.9999999661	8.873362871e-09	
9.63181447e-09	8.633939419e-09	6.731198321e-09	0.9999999662	8.824279131e-09	
9.631222673e-09	9.751715158e-09	6.749061682e-09	0.999999965	8.870193427e-09	
1.107852566e-05	1.017523419e-08	9.371787217e-09	0.9999888924	9.560392755e-09	
1.108135749e-05	1.017520786e-08	9.371763644e-09	0.9999888896	9.515099687e-09	
1.108067664e-05	1.149252085e-08	9.396634584e-09	0.9999888889	9.564608449e-09	
0.0007413612678	1.149683824e-08	1.003106645e-05	0.9992485857	1.05076077e-08	
0.001145257862	1.646462715e-05	6.888016992e-06	0.998831378	1.148134373e-08	
0.9569607185	0.0006860997477	0.002144928359	0.04020800098	2.523789612e-07	
1.337137396e-05	1.204570579e-08	1.744314714e-05	0.9999691627	1.077147899e-08	
9.599561234e-09	8.633922975e-09	6.731183844e-09	0.9999999662	8.827499756e-09	
9.614431021e-09	8.633929577e-09	6.73118977e-09	0.9999999662	8.824269905e-09	
9.599563663e-09	8.633925247e-09	6.731185456e-09	0.9999999662	8.831281163e-09	
9.616558426e-09	8.65181694e-09	6.74902052e-09	0.9999999662	8.83131545e-09	
9.616888635e-09	8.633907259e-09	6.731172858e-09	0.9999999662	8.782464298e-09	
9.616297755e-09	9.751678835e-09	6.749036152e-09	0.9999999651	8.828161024e-09	
9.614460175e-09	8.633955135e-09	6.731209306e-09	0.9999999662	8.869529011e-09	
9.599592772e-09	8.633950806e-09	6.731204993e-09	0.9999999662	8.876576229e-09	
9.616587587e-09	8.651842551e-09	6.749040108e-09	0.9999999661	8.876610691e-09	
9.616917797e-09	8.633932818e-09	6.731192394e-09	0.9999999662	8.827508986e-09	
9.616326915e-09	9.751707702e-09	6.74905574e-09	0.999999965	8.873440087e-09	
9.614462609e-09	8.633957407e-09	6.731210919e-09	0.9999999661	8.873328422e-09	
9.631483748e-09	8.651849166e-09	6.74904605e-09	0.9999999661	8.873362871e-09	
9.63181447e-09	8.633939419e-09	6.731198321e-09	0.9999999662	8.824279131e-09	
9.631222673e-09	9.751715158e-09	6.749061682e-09	0.999999965	8.870193427e-09	
9.616920231e-09	8.633935089e-09	6.731194007e-09	0.9999999662	8.831290396e-09	
9.616329349e-09	9.751710268e-09	6.749057357e-09	0.999999965	8.877241173e-09	
9.633945721e-09	8.651826803e-09	6.749029094e-09	0.9999999661	8.831324683e-09	
9.633353793e-09	9.771918296e-09	6.766939775e-09	0.999999965	8.877275638e-09	
1.049026759e-05	1.015745517e-08	9.497464475e-09	0.9999894805	9.530764973e-09	
1.208416099e-08	1.211608817e-05	1.030263976e-05	0.9999775585	1.068656914e-08	
9.633684579e-09	9.751689951e-09	6.749044725e-09	0.999999965	8.828170253e-09	
4.423405175e-05	1.115369344e-08	0.01023092517	0.9897248187	1.091916002e-08	
1.527166099e-06	1.72158217e-05	0.02521633897	0.9747649052	1.280511615e-08	
6.867035693e-07	1.055703729e-08	0.003316506748	0.9966827858	1.022343951e-08	
0.0007263553705	1.169250748e-08	1.357070755e-05	0.9992600515	1.076583246e-08	
6.857837174e-05	1.603058022e-05	0.007050486242	0.9928648928	1.197388708e-08	
0.02498542503	0.0002912683825	0.9572963294	0.0174268624	1.147636442e-07	
8.251785429e-07	1.375479131e-05	0.01451817968	0.9854672284	1.19049341e-08	
1.396648769e-06	1.244397621e-08	0.02858112661	0.9714174525	1.177404748e-08	
7.913037686e-07	1.159078646e-08	0.01764546126	0.9823537247	1.110199658e-08	
0.0006829186742	5.695814578e-07	1.394498397e-05	0.9993025558	1.101031087e-08	
8.456149974e-07	1.173353437e-08	0.01807456216	0.9819245694	1.112868315e-08	
6.955117365e-07	1.070446363e-08	0.005697770062	0.9943015134	1.037022428e-08	
1.485110461e-06	1.697162515e-05	0.01896034449	0.9810211862	1.252934582e-08	
6.640911512e-07	1.03496017e-08	0.0024798818	0.9975194338	9.947817561e-09	
0.0007018677164	1.145346686e-08	1.013912118e-05	0.9992879712	1.046709398e-08	
6.638306961e-05	1.573050248e-05	0.005276925201	0.9946409496	1.166212551e-08	
0.03188960515	0.0003768590394	0.9447143265	0.02301906195	1.473801935e-07	
8.002754188e-07	1.352286613e-05	0.01088667919	0.9890989861	1.161691839e-08	
1.359350991e-06	1.22779757e-08	0.0215087641	0.9784898527	1.153035237e-08	
7.680323745e-07	1.140439865e-08	0.01324222662	0.9867569831	1.084200926e-08	
0.0006598945065	5.579362249e-07	1.041874122e-05	0.9993291181	1.070477386e-08	
7.821788264e-07	1.207923299e-08	0.02057937545	0.9794198188	1.144963832e-08	
0.0004890846551	1.135492937e-08	0.003201842782	0.9963090504	1.078732908e-08	
8.208358417e-07	1.154610964e-08	0.01356572872	0.986433428	1.086925565e-08	
6.730149e-07	1.050045987e-08	0.004263014823	0.9957362916	1.009673033e-08	
2.319262226e-08	1.615940245e-05	0.006182878541	0.9938009271	1.180088863e-08	
2.461949898e-05	1.796140918e-05	2.538994908e-05	0.9999320167	1.247138843e-08	
0.0003752595233	0.1982627003	0.7936347116	0.007727269748	5.890964987e-08	
2.703835446e-08	0.02042626811	0.02625873362	0.9533149579	1.333203536e-08	
2.63973323e-08	1.7523966e-05	0.03249219873	0.9674902383	1.265770661e-08	
2.65960396e-08	1.836241393e-05	0.04995519729	0.9500264005	1.322413951e-08	
1.7070261e-05	1.771821881e-05	0.007977993898	0.9919872048	1.278894709e-08	
2.819874773e-08	1.773326432e-05	0.03327010803	0.9667121178	1.268346904e-08	
1.082750926e-05	1.077261228e-08	3.266081402e-06	0.9999858859	9.738557633e-09	
1.027100946e-06	1.483915472e-05	0.001704865532	0.9982792573	1.08825013e-08	
1.242877202e-08	1.280466622e-05	0.003530510957	0.9964566611	1.08811526e-08	
2.126586927e-08	1.171086757e-08	0.007026197962	0.9929737582	1.087900883e-08	
2.382014635e-08	0.0001377083301	0.01062724301	0.9892350036	2.120116842e-08	
1.194723263e-08	1.081610643e-08	0.004301324451	0.9956986426	1.017168226e-08	
1.017958204e-05	5.247479641e-07	3.356016435e-06	0.9999859297	9.959284744e-09	
1.222868265e-08	1.151393427e-08	0.006718297067	0.9932816684	1.079594356e-08	
7.559754842e-06	1.070086488e-08	0.001033420498	0.998958999	1.005617495e-08	
1.277145187e-08	1.095293235e-08	0.004407379844	0.9955925862	1.019950233e-08	
1.040524491e-08	9.897983275e-09	0.001376251686	0.9986237186	9.414637498e-09	
0.001084271516	1.640286975e-05	6.962365354e-06	0.9988923518	1.143732299e-08	
0.9546265313	0.0007202111116	0.00228444135	0.04236855129	2.649045617e-07	
1.315860716e-05	1.419501042e-05	1.445975792e-05	0.9999581752	1.146904717e-08	
1.265856628e-05	1.199979717e-08	1.763035923e-05	0.9999696883	1.072953061e-08	
0.01062563099	5.73536813e-07	1.355160145e-08	0.9893737716	1.034960251e-08	
1.298816788e-05	1.280494504e-08	2.760381966e-05	0.9999593838	1.141562155e-08	
0.007920687471	1.173977571e-08	4.188649265e-06	0.9920751017	1.048959509e-08	
1.353328296e-05	1.215287554e-08	1.806696201e-05	0.9999683768	1.076000841e-08	
1.099262678e-05	1.094918127e-08	5.624563177e-06	0.999983362	9.902013569e-09	
0.03907673245	0.4281028575	0.5145686392	0.01825164307	1.277390558e-07	
1.217364341e-06	0.01906996685	0.00736122746	0.9735675758	1.249935253e-08	
1.191875926e-06	1.640680442e-05	0.009134530913	0.9908478585	1.190081693e-08	
1.216634015e-06	1.741780193e-05	0.01422852243	0.9857528305	1.259682648e-08	
0.0007563995954	1.62799017e-05	0.002201106049	0.9970262027	1.180039808e-08	
1.273948574e-06	1.661236073e-05	0.009358633217	0.9906234685	1.193193474e-08	
1.041484222e-06	1.506386537e-05	0.002932368677	0.9970515149	1.105157697e-08	
0.0003252827654	0.2541177172	0.73302446	0.01253245212	8.786129385e-08	
0.000378076561	0.0001578772438	0.9909804059	0.008483580657	5.967271603e-08	
0.0001258795436	0.5518293529	0.4455325283	0.002512204661	3.456689672e-08	
0.0003450774942	0.0002368940316	0.9855974925	0.01382044536	9.064251825e-08	
0.9183478628	0.03589730844	0.002401869588	0.04335268197	2.772013136e-07	
0.0002273164905	0.0001622963921	0.9907373658	0.008872959434	6.191583513e-08	
0.4653229462	0.0004994585931	0.5046286464	0.02954875783	1.909718872e-07	
0.0003601232057	0.0002341936382	0.985914807	0.01349078739	8.873187928e-08	
2.377279649e-08	0.1490147943	0.03863750897	0.8123476525	2.050439623e-08	
1.430865711e-08	1.404545578e-05	0.01876663551	0.9812192929	1.180526347e-08	
1.236281649e-05	0.0006909896883	1.484787199e-05	0.9992817879	1.172106212e-08	
1.452713301e-08	1.483055189e-05	0.02907448976	0.9709106527	1.242831312e-08	
9.155009186e-06	1.405087212e-05	0.004559117699	0.9954176646	1.180144633e-08	
1.529030722e-08	1.421803811e-05	0.01922246512	0.9807632897	1.183331061e-08	
1.258624974e-08	1.298147623e-05	0.006064493881	0.993922501	1.103567707e-08	
4.588149713e-08	0.0001537278614	0.08673498889	0.9131112142	2.312404491e-08	
2.411730463e-08	1.26541104e-08	0.03679122191	0.9632087297	1.162693078e-08	
2.124137463e-05	6.346037765e-07	2.967271674e-05	0.9999484395	1.176770232e-08	
2.424098652e-08	1.322798153e-08	0.05643004273	0.9435699077	1.211831044e-08	
1.564832148e-05	1.283743172e-08	0.00906395373	0.9909203733	1.178701188e-08	
2.148123405e-08	1.184275799e-08	0.01203885946	0.9879610962	1.10057939e-08	
2.660493501e-08	0.0001465463172	0.05480454665	0.9450488581	2.231555546e-08	
2.370466011e-05	0.007434702975	4.471439604e-05	0.9924968551	2.284819881e-08	
2.647681125e-08	0.0001516766841	0.08322709054	0.9166211833	2.30285527e-08	
2.840478775e-08	0.0001482145219	0.05608558617	0.9437661486	2.234859847e-08	
2.399923296e-08	0.0001388995521	0.0181619478	0.9816991073	2.139285223e-08	
1.190106297e-05	5.845255354e-07	1.811582372e-05	0.9999693876	1.097271462e-08	
1.388660759e-08	1.245767953e-08	0.0352252345	0.9647747276	1.155333118e-08	
8.798339445e-06	1.18661218e-08	0.00555326341	0.9944379154	1.102950318e-08	
1.464756383e-08	1.196885081e-08	0.02333908417	0.9766608782	1.102387393e-08	
1.209189812e-08	1.095937553e-08	0.007384451418	0.9926155152	1.031040925e-08	
1.221093725e-05	6.237451395e-07	2.836390216e-05	0.9999587897	1.167435233e-08	
0.007450232809	5.721305207e-07	4.306026063e-06	0.9925448783	1.073242392e-08	
1.272343601e-05	5.919821991e-07	1.856444928e-05	0.9999681091	1.100388356e-08	
1.483326217e-08	1.260561871e-08	0.03606614545	0.9639338155	1.157606555e-08	
1.235525879e-08	1.164618313e-08	0.01151384161	0.9884861235	1.092417721e-08	
9.405024622e-06	1.201585082e-08	0.005690007319	0.9943005646	1.105931987e-08	
7.669334936e-06	1.086817369e-08	0.00177834468	0.9982139649	1.021736181e-08	
1.292511079e-08	1.109716659e-08	0.007565948138	0.9924340175	1.033781948e-08	
