5.46899541e-09	5.118774866e-09	0.9999999817	2.606798984e-09	5.140520867e-09	
5.469052117e-09	5.118831479e-09	0.9999999816	2.648020794e-09	5.140573462e-09	
5.46899541e-09	5.118774866e-09	0.9999999817	2.606798976e-09	5.140520867e-09	
5.46899541e-09	5.118774866e-09	0.9999999817	2.606798967e-09	5.140520867e-09	
5.46899541e-09	5.118774866e-09	0.9999999817	2.606798977e-09	5.140520867e-09	
5.46899541e-09	5.118774866e-09	0.9999999817	2.606798978e-09	5.140520867e-09	
5.46899541e-09	5.118774866e-09	0.9999999817	2.606798984e-09	5.140520867e-09	
5.46899541e-09	5.118774866e-09	0.9999999817	2.606799002e-09	5.140520867e-09	
5.469039874e-09	5.118819262e-09	0.9999999816	2.639067807e-09	5.140562106e-09	
5.46899541e-09	5.118774866e-09	0.9999999817	2.60679899e-09	5.140520867e-09	
5.46899541e-09	5.118774866e-09	0.9999999817	2.606798993e-09	5.140520867e-09	
5.46904735e-09	5.118826723e-09	0.9999999816	2.64453117e-09	5.14056904e-09	
5.469052117e-09	5.118831479e-09	0.9999999816	2.648020788e-09	5.140573462e-09	
5.46899541e-09	5.118774866e-09	0.9999999817	2.60679897e-09	5.140520867e-09	
5.46899541e-09	5.118774866e-09	0.9999999817	2.606798962e-09	5.140520867e-09	
5.46899541e-09	5.118774866e-09	0.9999999817	2.606798972e-09	5.140520867e-09	
5.46899541e-09	5.118774866e-09	0.9999999817	2.606798979e-09	5.140520867e-09	
5.46899541e-09	5.118774866e-09	0.9999999817	2.606798984e-09	5.140520867e-09	
5.46899541e-09	5.118774866e-09	0.9999999817	2.606798971e-09	5.140520867e-09	
5.46899541e-09	5.118774866e-09	0.9999999817	2.606798988e-09	5.140520867e-09	
5.46904735e-09	5.118826722e-09	0.9999999816	2.644531164e-09	5.14056904e-09	
5.469052117e-09	5.118831479e-09	0.9999999816	2.648020779e-09	5.140573462e-09	
5.469052117e-09	5.118831479e-09	0.9999999816	2.648020781e-09	5.140573462e-09	
2.010844182e-08	2.299862366e-08	0.9998970135	0.0001029245309	1.890066023e-08	
5.469052117e-09	5.118831479e-09	0.9999999816	2.648020801e-09	5.140573462e-09	
5.469052117e-09	5.118831479e-09	0.9999999816	2.648020806e-09	5.140573462e-09	
5.469096582e-09	5.118875876e-09	0.9999999816	2.680799884e-09	5.140614702e-09	
5.469052117e-09	5.118831479e-09	0.9999999816	2.648020794e-09	5.140573462e-09	
5.469052117e-09	5.118831479e-09	0.9999999816	2.648020797e-09	5.140573462e-09	
5.469104058e-09	5.118883336e-09	0.9999999816	2.686349639e-09	5.140621636e-09	
5.46899541e-09	5.118774866e-09	0.9999999817	2.606798953e-09	5.140520867e-09	
5.46899541e-09	5.118774866e-09	0.9999999817	2.606798963e-09	5.140520867e-09	
5.46899541e-09	5.118774866e-09	0.9999999817	2.606798964e-09	5.140520867e-09	
5.46899541e-09	5.118774866e-09	0.9999999817	2.606798983e-09	5.140520867e-09	
5.46899541e-09	5.118774866e-09	0.9999999817	2.60679897e-09	5.140520867e-09	
5.46899541e-09	5.118774866e-09	0.9999999817	2.606798988e-09	5.140520867e-09	
5.469039874e-09	5.118819262e-09	0.9999999816	2.639067793e-09	5.140562106e-09	
5.46899541e-09	5.118774866e-09	0.9999999817	2.606798976e-09	5.140520867e-09	
5.46899541e-09	5.118774866e-09	0.9999999817	2.606798962e-09	5.140520867e-09	
5.46899541e-09	5.118774866e-09	0.9999999817	2.606798979e-09	5.140520867e-09	
5.46899541e-09	5.118774866e-09	0.9999999817	2.606798955e-09	5.140520867e-09	
5.46899541e-09	5.118774866e-09	0.9999999817	2.606798956e-09	5.140520867e-09	
5.46899541e-09	5.118774866e-09	0.9999999817	2.606798975e-09	5.140520867e-09	
5.469039874e-09	5.118819262e-09	0.9999999816	2.639067785e-09	5.140562106e-09	
5.46899541e-09	5.118774866e-09	0.9999999817	2.606798967e-09	5.140520867e-09	
5.46899541e-09	5.118774866e-09	0.9999999817	2.606798954e-09	5.140520867e-09	
5.46899541e-09	5.118774866e-09	0.9999999817	2.606798966e-09	5.140520867e-09	
5.46899541e-09	5.118774866e-09	0.9999999817	2.606798985e-09	5.140520867e-09	
5.46899541e-09	5.118774866e-09	0.9999999817	2.60679899e-09	5.140520867e-09	
5.469039874e-09	5.118819262e-09	0.9999999816	2.639067795e-09	5.140562106e-09	
5.46899541e-09	5.118774866e-09	0.9999999817	2.606798977e-09	5.140520867e-09	
5.46899541e-09	5.118774866e-09	0.9999999817	2.606798964e-09	5.140520867e-09	
5.46899541e-09	5.118774866e-09	0.9999999817	2.606798981e-09	5.140520867e-09	
5.46899541e-09	5.118774866e-09	0.9999999817	2.606798986e-09	5.140520867e-09	
5.46899541e-09	5.118774866e-09	0.9999999817	2.606798972e-09	5.140520867e-09	
5.46899541e-09	5.118774866e-09	0.9999999817	2.606798991e-09	5.140520867e-09	
5.469039874e-09	5.118819262e-09	0.9999999816	2.639067796e-09	5.140562106e-09	
5.46899541e-09	5.118774866e-09	0.9999999817	2.606798978e-09	5.140520867e-09	
5.46899541e-09	5.118774866e-09	0.9999999817	2.606798965e-09	5.140520867e-09	
5.46904735e-09	5.118826722e-09	0.9999999816	2.644531158e-09	5.14056904e-09	
2.010840381e-08	2.299857677e-08	0.9998973614	0.0001025765777	1.890062505e-08	
2.010842702e-08	2.299860541e-08	0.9998971491	0.0001027889085	1.890064654e-08	
6.826956655e-08	0.0009086991805	0.0003603104153	0.998730858	6.416895686e-08	
1.488758739e-08	2.066432418e-05	7.116043495e-05	0.9999081464	1.399337141e-08	
1.52465499e-08	2.64570048e-05	0.0002189061828	0.9997546072	1.43307421e-08	
1.457099179e-08	1.544038092e-05	5.150729787e-05	0.9999330241	1.36957931e-08	
1.358946924e-08	1.582498621e-08	4.964692576e-05	0.9999503109	1.277323138e-08	
1.358923314e-08	1.583421686e-08	4.664230526e-05	0.9999533153	1.301778485e-08	
1.359038611e-08	1.588947344e-08	5.668481313e-05	0.9999432729	1.277409252e-08	
1.358906855e-08	1.583052262e-08	4.665014775e-05	0.9999533077	1.277285702e-08	
5.46899541e-09	5.118774866e-09	0.9999999817	2.606798991e-09	5.140520867e-09	
5.469039874e-09	5.118819262e-09	0.9999999816	2.639067815e-09	5.140562106e-09	
5.46899541e-09	5.118774866e-09	0.9999999817	2.606798984e-09	5.140520867e-09	
5.46899541e-09	5.118774866e-09	0.9999999817	2.606799001e-09	5.140520867e-09	
5.46904735e-09	5.118826723e-09	0.9999999816	2.644531177e-09	5.14056904e-09	
5.469039874e-09	5.118819262e-09	0.9999999816	2.639067801e-09	5.140562106e-09	
5.46899541e-09	5.118774866e-09	0.9999999817	2.606798984e-09	5.140520867e-09	
5.46899541e-09	5.118774866e-09	0.9999999817	2.60679897e-09	5.140520867e-09	
5.46904735e-09	5.118826722e-09	0.9999999816	2.644531164e-09	5.14056904e-09	
5.469039874e-09	5.118819262e-09	0.9999999816	2.63906782e-09	5.140562106e-09	
5.46899541e-09	5.118774866e-09	0.9999999817	2.606798989e-09	5.140520867e-09	
5.46899541e-09	5.118774866e-09	0.9999999817	2.606799005e-09	5.140520867e-09	
5.46904735e-09	5.118826723e-09	0.9999999816	2.644531182e-09	5.14056904e-09	
5.469039874e-09	5.118819262e-09	0.9999999816	2.639067807e-09	5.140562106e-09	
5.469039874e-09	5.118819262e-09	0.9999999816	2.639067794e-09	5.140562106e-09	
5.469039874e-09	5.118819262e-09	0.9999999816	2.639067811e-09	5.140562106e-09	
5.469091814e-09	5.118871119e-09	0.9999999816	2.677267063e-09	5.14061028e-09	
5.46899541e-09	5.118774866e-09	0.9999999817	2.606798976e-09	5.140520867e-09	
5.46899541e-09	5.118774866e-09	0.9999999817	2.606798993e-09	5.140520867e-09	
5.46904735e-09	5.118826723e-09	0.9999999816	2.64453117e-09	5.14056904e-09	
5.46899541e-09	5.118774866e-09	0.9999999817	2.60679898e-09	5.140520867e-09	
5.46904735e-09	5.118826722e-09	0.9999999816	2.644531156e-09	5.14056904e-09	
5.46904735e-09	5.118826723e-09	0.9999999816	2.644531173e-09	5.14056904e-09	
5.009653729e-09	0.9999999836	4.295017793e-09	2.401451121e-09	4.708768092e-09	
5.009656931e-09	0.9999999836	4.29504481e-09	2.40374951e-09	4.708771059e-09	
5.009677237e-09	0.9999999836	4.295064748e-09	2.418539922e-09	4.708789895e-09	
5.009657144e-09	0.9999999836	4.295046614e-09	2.403902938e-09	4.708771257e-09	
5.009656931e-09	0.9999999836	4.29504481e-09	2.40374951e-09	4.708771059e-09	
5.009657385e-09	0.9999999836	4.29504864e-09	2.404078196e-09	4.708771483e-09	
5.010259197e-09	0.9999999831	4.302566287e-09	2.874625181e-09	4.709328147e-09	
5.009656931e-09	0.9999999836	4.29504481e-09	2.40374951e-09	4.708771059e-09	
5.009675232e-09	0.9999999836	4.295037201e-09	2.417102645e-09	4.708788038e-09	
5.009653729e-09	0.9999999836	4.295017793e-09	2.401451117e-09	4.708768092e-09	
5.009653726e-09	0.9999999836	4.295017757e-09	2.401451003e-09	4.708768092e-09	
5.009850653e-09	0.9999999834	4.295234857e-09	2.548653963e-09	4.708951566e-09	
5.009672536e-09	0.9999999836	4.295034792e-09	2.415132514e-09	4.708785535e-09	
5.009657385e-09	0.9999999836	4.29504864e-09	2.404078196e-09	4.708771483e-09	
5.009674461e-09	0.9999999836	4.295059239e-09	2.41651403e-09	4.708787318e-09	
1.203237323e-08	0.9999511439	1.032392113e-08	4.88224625e-05	1.130967903e-08	
5.009638124e-09	0.9999999836	4.295027811e-09	2.3901326e-09	4.708753617e-09	
5.00965843e-09	0.9999999836	4.295047749e-09	2.404839227e-09	4.708772452e-09	
5.009638338e-09	0.9999999836	4.295029615e-09	2.390285159e-09	4.708753815e-09	
5.009638124e-09	0.9999999836	4.295027811e-09	2.3901326e-09	4.708753617e-09	
5.010240388e-09	0.9999999831	4.302549258e-09	2.858340825e-09	4.709310703e-09	
5.009638124e-09	0.9999999836	4.295027811e-09	2.3901326e-09	4.708753617e-09	
5.009656425e-09	0.9999999836	4.295020202e-09	2.403410092e-09	4.708770596e-09	
5.009634922e-09	0.9999999836	4.295000794e-09	2.387847227e-09	4.70875065e-09	
5.009634919e-09	0.9999999836	4.295000759e-09	2.387847113e-09	4.70875065e-09	
5.009831845e-09	0.9999999835	4.295217857e-09	2.53421619e-09	4.708934123e-09	
5.009653729e-09	0.9999999836	4.295017793e-09	2.401451121e-09	4.708768092e-09	
5.009638579e-09	0.9999999836	4.295031641e-09	2.390459424e-09	4.708754041e-09	
5.009655655e-09	0.9999999836	4.29504224e-09	2.40282481e-09	4.708769876e-09	
5.009661632e-09	0.9999999836	4.295074766e-09	2.407140858e-09	4.708775419e-09	
6.286377123e-09	0.9999912717	8.354029464e-09	8.707751427e-06	5.908799272e-09	
5.009641539e-09	0.9999999836	4.295056632e-09	2.392572861e-09	4.708756781e-09	
5.009641325e-09	0.9999999836	4.295054829e-09	2.392420156e-09	4.708756583e-09	
5.00964178e-09	0.9999999836	4.295058659e-09	2.392747293e-09	4.708757007e-09	
5.01024359e-09	0.9999999831	4.302576323e-09	2.861076495e-09	4.70931367e-09	
5.009641325e-09	0.9999999836	4.295054829e-09	2.392420156e-09	4.708756583e-09	
5.009659627e-09	0.9999999836	4.295047219e-09	2.405710355e-09	4.708773562e-09	
5.009638124e-09	0.9999999836	4.295027811e-09	2.390132596e-09	4.708753617e-09	
5.00963812e-09	0.9999999836	4.295027776e-09	2.390132482e-09	4.708753616e-09	
5.009835047e-09	0.9999999834	4.295244876e-09	2.536641646e-09	4.70893709e-09	
5.009656931e-09	0.9999999836	4.29504481e-09	2.40374951e-09	4.708771059e-09	
5.00964178e-09	0.9999999836	4.295058659e-09	2.392747292e-09	4.708757007e-09	
5.009658856e-09	0.9999999836	4.295069257e-09	2.405124514e-09	4.708772843e-09	
6.286402268e-09	0.9999912181	8.354067796e-09	8.761330265e-06	5.908822591e-09	
5.009661846e-09	0.9999999836	4.29507657e-09	2.407294503e-09	4.708775617e-09	
5.009661632e-09	0.9999999836	4.295074766e-09	2.407140858e-09	4.708775419e-09	
5.009662087e-09	0.9999999836	4.295078596e-09	2.407470008e-09	4.708775843e-09	
5.009661632e-09	0.9999999836	4.295074766e-09	2.407140858e-09	4.708775419e-09	
5.009679933e-09	0.9999999836	4.295067157e-09	2.420512833e-09	4.708792398e-09	
5.00965843e-09	0.9999999836	4.295047749e-09	2.404839223e-09	4.708772452e-09	
5.009658427e-09	0.9999999836	4.295047713e-09	2.404839108e-09	4.708772452e-09	
5.009677237e-09	0.9999999836	4.295064748e-09	2.418539922e-09	4.708789895e-09	
5.009662087e-09	0.9999999836	4.295078596e-09	2.407470008e-09	4.708775843e-09	
5.009679163e-09	0.9999999836	4.295089195e-09	2.419923387e-09	4.708791678e-09	
1.20323837e-08	0.999951075	1.032399242e-08	4.889134068e-05	1.130968873e-08	
6.286377388e-09	0.9999912711	8.354032968e-09	8.708307227e-06	5.908799517e-09	
6.286377123e-09	0.9999912717	8.354029464e-09	8.707751427e-06	5.908799272e-09	
6.286377686e-09	0.9999912705	8.354036904e-09	8.708942106e-06	5.908799796e-09	
6.286377123e-09	0.9999912717	8.354029464e-09	8.707751427e-06	5.908799272e-09	
6.286616917e-09	0.9999907468	8.354394729e-09	9.232673142e-06	5.90902268e-09	
6.286377686e-09	0.9999912705	8.354036904e-09	8.708942104e-06	5.908799796e-09	
6.286398831e-09	0.9999912255	8.354057142e-09	8.753991392e-06	5.908819401e-09	
4.945526751e-08	0.000593849876	6.572505941e-08	0.9994059882	4.67382293e-08	
2.895621928e-08	0.4785377013	1.622585903e-07	0.5214620803	2.721692947e-08	
5.009641539e-09	0.9999999836	4.295056632e-09	2.392572861e-09	4.708756781e-09	
5.009641994e-09	0.9999999836	4.295060463e-09	2.392900019e-09	4.708757205e-09	
5.010243804e-09	0.9999999831	4.30257813e-09	2.861259114e-09	4.709313868e-09	
5.009641539e-09	0.9999999836	4.295056632e-09	2.392572861e-09	4.708756781e-09	
5.009659841e-09	0.9999999836	4.295049023e-09	2.405863909e-09	4.70877376e-09	
5.009638338e-09	0.9999999836	4.295029615e-09	2.390285155e-09	4.708753815e-09	
5.009638334e-09	0.9999999836	4.29502958e-09	2.390285041e-09	4.708753814e-09	
5.009835261e-09	0.9999999834	4.29524668e-09	2.536803556e-09	4.708937288e-09	
5.009657144e-09	0.9999999836	4.295046614e-09	2.403902938e-09	4.708771257e-09	
5.00965907e-09	0.9999999836	4.295071061e-09	2.40527803e-09	4.708773041e-09	
5.00964178e-09	0.9999999836	4.295058659e-09	2.392747293e-09	4.708757007e-09	
5.01024359e-09	0.9999999831	4.302576323e-09	2.861076495e-09	4.70931367e-09	
5.009641325e-09	0.9999999836	4.295054829e-09	2.392420156e-09	4.708756583e-09	
5.009659627e-09	0.9999999836	4.295047219e-09	2.405710355e-09	4.708773562e-09	
5.009638124e-09	0.9999999836	4.295027811e-09	2.390132596e-09	4.708753617e-09	
5.00963812e-09	0.9999999836	4.295027776e-09	2.390132482e-09	4.708753616e-09	
5.009835047e-09	0.9999999834	4.295244876e-09	2.536641646e-09	4.70893709e-09	
5.009656931e-09	0.9999999836	4.29504481e-09	2.40374951e-09	4.708771059e-09	
5.00964178e-09	0.9999999836	4.295058659e-09	2.392747292e-09	4.708757007e-09	
5.009658856e-09	0.9999999836	4.295069257e-09	2.405124514e-09	4.708772843e-09	
5.00964178e-09	0.9999999836	4.295058659e-09	2.392747293e-09	4.708757007e-09	
5.009660082e-09	0.9999999836	4.29505105e-09	2.40603931e-09	4.708773986e-09	
5.009638579e-09	0.9999999836	4.295031641e-09	2.39045942e-09	4.708754041e-09	
5.009638575e-09	0.9999999836	4.295031606e-09	2.390459307e-09	4.70875404e-09	
5.009835502e-09	0.9999999834	4.295248706e-09	2.536988504e-09	4.708937514e-09	
5.009657385e-09	0.9999999836	4.29504864e-09	2.404078196e-09	4.708771483e-09	
5.009642235e-09	0.9999999836	4.295062489e-09	2.393074474e-09	4.708757431e-09	
5.009659311e-09	0.9999999836	4.295073087e-09	2.405453388e-09	4.708773266e-09	
5.01024359e-09	0.9999999831	4.302576323e-09	2.861076495e-09	4.70931367e-09	
5.010240388e-09	0.9999999831	4.302549258e-09	2.85834082e-09	4.709310703e-09	
5.010437335e-09	0.9999999829	4.302766703e-09	3.033549843e-09	4.709494198e-09	
5.010259197e-09	0.9999999831	4.302566287e-09	2.874625181e-09	4.709328147e-09	
5.010261123e-09	0.9999999831	4.302590777e-09	2.876269537e-09	4.709329931e-09	
6.026336663e-08	0.9995415491	7.264759201e-08	0.0004582613714	5.664369413e-08	
4.820862479e-08	0.9996418245	1.745680477e-07	0.0003579073814	4.531291332e-08	
7.892489721e-08	0.9993865515	7.036346892e-08	0.0006132250693	7.418434043e-08	
5.009659627e-09	0.9999999836	4.295047219e-09	2.405710355e-09	4.708773562e-09	
5.009638124e-09	0.9999999836	4.295027811e-09	2.390132596e-09	4.708753617e-09	
5.00963812e-09	0.9999999836	4.295027776e-09	2.390132482e-09	4.708753616e-09	
5.009835047e-09	0.9999999834	4.295244876e-09	2.536641646e-09	4.70893709e-09	
5.009656931e-09	0.9999999836	4.29504481e-09	2.40374951e-09	4.708771059e-09	
5.00964178e-09	0.9999999836	4.295058659e-09	2.392747292e-09	4.708757007e-09	
5.009658856e-09	0.9999999836	4.295069257e-09	2.405124514e-09	4.708772843e-09	
5.009656422e-09	0.9999999836	4.295020167e-09	2.403409973e-09	4.708770595e-09	
5.009853349e-09	0.9999999834	4.295237267e-09	2.550733014e-09	4.708954069e-09	
5.009675232e-09	0.9999999836	4.295037201e-09	2.417102645e-09	4.708788038e-09	
5.009660082e-09	0.9999999836	4.295051049e-09	2.406039309e-09	4.708773986e-09	
5.009677158e-09	0.9999999836	4.295061648e-09	2.418485288e-09	4.708789822e-09	
1.203237923e-08	0.999951104	1.032392651e-08	4.886228721e-05	1.13096846e-08	
5.009634919e-09	0.9999999836	4.295000759e-09	2.387847109e-09	4.70875065e-09	
5.009831845e-09	0.9999999835	4.295217857e-09	2.534216185e-09	4.708934123e-09	
5.009653729e-09	0.9999999836	4.295017793e-09	2.401451117e-09	4.708768092e-09	
5.009638579e-09	0.9999999836	4.295031641e-09	2.39045942e-09	4.70875404e-09	
5.009655655e-09	0.9999999836	4.29504224e-09	2.402824806e-09	4.708769876e-09	
5.009831842e-09	0.9999999835	4.295217822e-09	2.534216065e-09	4.708934123e-09	
5.009653726e-09	0.9999999836	4.295017757e-09	2.401451003e-09	4.708768092e-09	
5.009638575e-09	0.9999999836	4.295031606e-09	2.390459306e-09	4.70875404e-09	
5.009655651e-09	0.9999999836	4.295042204e-09	2.402824692e-09	4.708769875e-09	
5.009850653e-09	0.9999999834	4.295234857e-09	2.548653963e-09	4.708951566e-09	
5.009835502e-09	0.9999999834	4.295248706e-09	2.536988503e-09	4.708937514e-09	
5.009852579e-09	0.9999999834	4.295259305e-09	2.550111856e-09	4.70895335e-09	
7.136437794e-08	0.9995117002	6.124234643e-08	0.0004880987052	6.847434772e-08	
1.203276856e-08	0.9999484448	1.032437416e-08	5.152149043e-05	1.131004729e-08	
5.009657385e-09	0.9999999836	4.29504864e-09	2.404078196e-09	4.708771483e-09	
5.009674461e-09	0.9999999836	4.295059239e-09	2.41651403e-09	4.708787318e-09	
1.203237323e-08	0.9999511439	1.032392113e-08	4.88224625e-05	1.130967903e-08	
5.009659311e-09	0.9999999836	4.295073087e-09	2.405453388e-09	4.708773266e-09	
1.203237752e-08	0.9999511159	1.03239796e-08	4.885038879e-05	1.1309683e-08	
4.98859113e-09	4.669133177e-09	4.276954988e-09	2.487475993e-09	0.9999999836	
4.988647688e-09	4.669185302e-09	4.277001928e-09	2.530618752e-09	0.9999999835	
4.988563036e-09	4.669107221e-09	4.276931656e-09	2.466362661e-09	0.9999999836	
4.988585481e-09	4.669127957e-09	4.276950295e-09	2.48321483e-09	0.9999999836	
1.001645376e-08	9.41371276e-09	8.587890409e-09	3.600954278e-05	0.9999639624	
4.988657313e-09	4.669194183e-09	4.277009924e-09	2.538037219e-09	0.9999999835	
4.988585481e-09	4.669127957e-09	4.276950295e-09	2.48321483e-09	0.9999999836	
4.98858799e-09	4.669130275e-09	4.276952379e-09	2.485106271e-09	0.9999999836	
2.362609385e-08	2.211310974e-08	2.025571272e-08	0.0001338810091	0.999866053	
4.98855537e-09	4.669100135e-09	4.276925256e-09	2.460578391e-09	0.9999999836	
4.988470719e-09	4.669022055e-09	4.276854985e-09	2.398100726e-09	0.9999999837	
4.988493164e-09	4.669042792e-09	4.276873623e-09	2.414486475e-09	0.9999999837	
1.001627838e-08	9.413550433e-09	8.587745015e-09	3.50129355e-05	0.999964959	
4.988470719e-09	4.669022055e-09	4.276854985e-09	2.398100715e-09	0.9999999837	
4.988564995e-09	4.669109016e-09	4.276933252e-09	2.467791536e-09	0.9999999836	
4.988493164e-09	4.669042792e-09	4.276873623e-09	2.414486475e-09	0.9999999837	
4.988527275e-09	4.669074179e-09	4.276901924e-09	2.439693362e-09	0.9999999836	
4.98854972e-09	4.669094915e-09	4.276920563e-09	2.456363305e-09	0.9999999836	
4.988527275e-09	4.669074179e-09	4.276901924e-09	2.439693353e-09	0.9999999836	
4.988527275e-09	4.669074179e-09	4.276901924e-09	2.43969335e-09	0.9999999836	
4.988621552e-09	4.669161141e-09	4.276980192e-09	2.510592888e-09	0.9999999836	
4.98854972e-09	4.669094915e-09	4.276920563e-09	2.456363305e-09	0.9999999836	
4.988552229e-09	4.669097233e-09	4.276922647e-09	2.458234293e-09	0.9999999836	
2.362595869e-08	2.211298526e-08	2.025560123e-08	0.0001324335173	0.9998675005	
4.98846507e-09	4.669016836e-09	4.276850293e-09	2.393992668e-09	0.9999999837	
4.988442626e-09	4.668996099e-09	4.276831654e-09	2.377745991e-09	0.9999999837	
4.988442626e-09	4.668996099e-09	4.276831654e-09	2.377745987e-09	0.9999999837	
4.98846507e-09	4.669016836e-09	4.276850293e-09	2.393992668e-09	0.9999999837	
4.988467579e-09	4.669019154e-09	4.276852376e-09	2.395816149e-09	0.9999999837	
4.98846507e-09	4.669016835e-09	4.276850293e-09	2.393992659e-09	0.9999999837	
1.001626764e-08	9.413540474e-09	8.587736108e-09	3.49529588e-05	0.999965019	
4.98846507e-09	4.669016835e-09	4.276850293e-09	2.393992656e-09	0.9999999837	
4.988559345e-09	4.669103796e-09	4.276928559e-09	2.463564094e-09	0.9999999836	
4.988487515e-09	4.669037572e-09	4.276868931e-09	2.410350347e-09	0.9999999837	
4.988490023e-09	4.66903989e-09	4.276871015e-09	2.412186288e-09	0.9999999837	
4.988442626e-09	4.668996099e-09	4.276831654e-09	2.377745979e-09	0.9999999837	
4.988536901e-09	4.66908306e-09	4.276909921e-09	2.446845275e-09	0.9999999836	
4.98846507e-09	4.669016835e-09	4.276850293e-09	2.393992659e-09	0.9999999837	
4.988467579e-09	4.669019154e-09	4.276852376e-09	2.395816141e-09	0.9999999837	
1.001626764e-08	9.413540474e-09	8.587736108e-09	3.49529588e-05	0.999965019	
1.001627241e-08	9.413544897e-09	8.587740063e-09	3.49795812e-05	0.9999649924	
1.975423337e-08	1.871602818e-08	1.699267393e-08	0.9998621035	0.0001378409928	
1.975416237e-08	1.868730427e-08	1.696314497e-08	0.9998626422	0.000137302394	
2.133526884e-08	2.054671824e-05	1.830961613e-08	0.9998305261	0.0001488874928	
1.975441536e-08	1.891427773e-08	1.707294119e-08	0.9998623118	0.000137632445	
1.975422198e-08	1.871593166e-08	1.696949327e-08	0.9998621056	0.0001378389833	
4.988536901e-09	4.66908306e-09	4.276909921e-09	2.446845271e-09	0.9999999836	
4.98846507e-09	4.669016835e-09	4.276850293e-09	2.393992656e-09	0.9999999837	
4.988467579e-09	4.669019154e-09	4.276852376e-09	2.395816137e-09	0.9999999837	
4.988559345e-09	4.669103796e-09	4.276928559e-09	2.463564094e-09	0.9999999836	
4.988561854e-09	4.669106115e-09	4.276930643e-09	2.465440567e-09	0.9999999836	
2.36259951e-08	2.211301874e-08	2.025563123e-08	0.0001328216924	0.9998671123	
4.988490023e-09	4.66903989e-09	4.276871015e-09	2.412186288e-09	0.9999999837	
1.253354561e-08	1.173090948e-08	1.074556431e-08	0.9999634453	3.651972817e-05	
1.253354561e-08	1.173091128e-08	1.074556432e-08	0.9999634453	3.651972816e-05	
1.253354883e-08	1.173091442e-08	1.074556699e-08	0.9999634286	3.653636599e-05	
1.253354883e-08	1.173091438e-08	1.074556698e-08	0.9999634286	3.653636599e-05	
1.253354883e-08	1.173091242e-08	1.074556698e-08	0.9999634286	3.653636569e-05	
1.253354285e-08	1.173090865e-08	1.074556203e-08	0.9999634595	3.650548319e-05	
1.253354496e-08	1.173091118e-08	1.074556422e-08	0.9999634453	3.651972844e-05	
1.253354285e-08	1.173090865e-08	1.074556203e-08	0.9999634595	3.650548319e-05	
1.253354813e-08	1.173091424e-08	1.074556688e-08	0.9999634286	3.653636597e-05	
1.253356055e-08	1.174928283e-08	1.074564566e-08	0.9999634286	3.653639954e-05	
1.25342714e-08	1.293280975e-08	1.074682902e-08	0.9999634419	3.652184153e-05	
9.83719465e-09	9.207235478e-09	8.43387459e-09	0.9999999632	9.347440161e-09	
9.837197342e-09	9.207238089e-09	8.433876827e-09	0.9999999632	9.351698869e-09	
9.83719734e-09	9.207238065e-09	8.433876825e-09	0.9999999632	9.351698869e-09	
9.837197338e-09	9.207236527e-09	8.433876821e-09	0.9999999632	9.351698791e-09	
9.837192345e-09	9.207233283e-09	8.433872678e-09	0.9999999632	9.343793944e-09	
9.837200275e-09	9.250240306e-09	8.437357315e-09	0.9999999632	9.296756961e-09	
9.837162524e-09	9.207206321e-09	8.433847918e-09	0.9999999632	9.296728862e-09	
9.837194138e-09	9.207235394e-09	8.433874518e-09	0.9999999632	9.347440233e-09	
9.837192345e-09	9.207233283e-09	8.433872678e-09	0.9999999632	9.343793944e-09	
9.837196786e-09	9.207237949e-09	8.433876744e-09	0.9999999632	9.351698864e-09	
9.837206541e-09	9.221654898e-09	8.433938575e-09	0.9999999632	9.351707457e-09	
9.837163078e-09	9.207206292e-09	8.433847998e-09	0.9999999632	9.296728794e-09	
9.837197343e-09	9.207239508e-09	8.43387683e-09	0.9999999632	9.351698864e-09	
9.837197342e-09	9.207239483e-09	8.433876827e-09	0.9999999632	9.351698864e-09	
9.83719734e-09	9.207237946e-09	8.433876824e-09	0.9999999632	9.351698786e-09	
9.837192347e-09	9.207234702e-09	8.43387268e-09	0.9999999632	9.34379394e-09	
9.837200277e-09	9.250241732e-09	8.437357318e-09	0.9999999632	9.296756957e-09	
9.837162526e-09	9.20720774e-09	8.433847921e-09	0.9999999632	9.296728858e-09	
9.83719414e-09	9.207236813e-09	8.433874521e-09	0.9999999632	9.347440229e-09	
9.837192347e-09	9.207234702e-09	8.43387268e-09	0.9999999632	9.34379394e-09	
9.837196788e-09	9.207239368e-09	8.433876747e-09	0.9999999632	9.35169886e-09	
9.837163079e-09	9.207207711e-09	8.433848e-09	0.9999999632	9.296728789e-09	
9.837764325e-09	1.015057062e-08	8.434867239e-09	0.9999999622	9.34798111e-09	
9.837200034e-09	9.207242095e-09	8.433879065e-09	0.9999999632	9.355959512e-09	
9.837195039e-09	9.207237314e-09	8.433874918e-09	0.9999999632	9.348050986e-09	
9.837202969e-09	9.250244356e-09	8.437359556e-09	0.9999999632	9.300992573e-09	
9.837196832e-09	9.207239424e-09	8.433876758e-09	0.9999999632	9.351698936e-09	
9.837195039e-09	9.207237314e-09	8.433874918e-09	0.9999999632	9.348050986e-09	
9.83719948e-09	9.207241979e-09	8.433878985e-09	0.9999999632	9.355959508e-09	
9.837209235e-09	9.221658935e-09	8.433940816e-09	0.9999999632	9.355968104e-09	
9.837165771e-09	9.207210322e-09	8.433850238e-09	0.9999999632	9.300964393e-09	
9.837767017e-09	1.01505735e-08	8.434869477e-09	0.9999999622	9.352240064e-09	
9.83720003e-09	9.207240533e-09	8.433879059e-09	0.9999999632	9.355959434e-09	
9.837195037e-09	9.207237289e-09	8.433874915e-09	0.9999999632	9.348050986e-09	
9.837202968e-09	9.250244331e-09	8.437359554e-09	0.9999999632	9.300992573e-09	
9.837165216e-09	9.207210326e-09	8.433850156e-09	0.9999999632	9.300964462e-09	
9.83719683e-09	9.207239399e-09	8.433876756e-09	0.9999999632	9.351698936e-09	
9.837195037e-09	9.207237289e-09	8.433874915e-09	0.9999999632	9.348050986e-09	
9.837199478e-09	9.207241954e-09	8.433878982e-09	0.9999999632	9.355959508e-09	
9.837767015e-09	1.015057347e-08	8.434869474e-09	0.9999999622	9.352240064e-09	
9.837195035e-09	9.207235752e-09	8.433874912e-09	0.9999999632	9.348050908e-09	
9.837202966e-09	9.250242786e-09	8.437359551e-09	0.9999999632	9.300992496e-09	
9.837165214e-09	9.207208789e-09	8.433850153e-09	0.9999999632	9.300964384e-09	
9.837196828e-09	9.207237862e-09	8.433876753e-09	0.9999999632	9.351698859e-09	
9.837195035e-09	9.207235752e-09	8.433874912e-09	0.9999999632	9.348050908e-09	
9.837199476e-09	9.207240417e-09	8.433878979e-09	0.9999999632	9.35595943e-09	
9.837209232e-09	9.22165737e-09	8.43394081e-09	0.9999999632	9.355968027e-09	
9.837165768e-09	9.207208761e-09	8.433850232e-09	0.9999999632	9.300964316e-09	
9.837197973e-09	9.250239527e-09	8.437355405e-09	0.9999999632	9.293130511e-09	
9.837160221e-09	9.207205545e-09	8.433846009e-09	0.9999999632	9.293102423e-09	
9.837191836e-09	9.207234618e-09	8.433872609e-09	0.9999999632	9.343794012e-09	
9.837190043e-09	9.207232508e-09	8.433870768e-09	0.9999999632	9.340149145e-09	
9.837194483e-09	9.207237173e-09	8.433874835e-09	0.9999999632	9.348050982e-09	
9.837204239e-09	9.221654122e-09	8.433936666e-09	0.9999999632	9.348059571e-09	
9.837160775e-09	9.207205517e-09	8.433846088e-09	0.9999999632	9.293102354e-09	
9.83776202e-09	1.01505682e-08	8.434865326e-09	0.9999999622	9.344334682e-09	
9.837197973e-09	9.250239527e-09	8.437355405e-09	0.9999999632	9.293130511e-09	
9.837168705e-09	9.25021241e-09	8.437330715e-09	0.9999999632	9.246320554e-09	
9.837769951e-09	1.019798154e-08	8.438350374e-09	0.9999999622	9.297294977e-09	
9.83731398e-09	9.3110633e-09	8.450590059e-09	0.999999963	9.401170691e-09	
1.062491686e-08	1.023775175e-05	9.12156604e-09	0.9999897323	1.019463195e-08	
1.103921847e-08	1.574947476e-05	3.992515672e-08	0.9999841892	1.037614058e-08	
9.837643687e-09	9.418691748e-09	9.053214441e-09	0.9999999624	9.246764368e-09	
9.837162014e-09	9.207207656e-09	8.433847849e-09	0.9999999632	9.29672893e-09	
9.837160221e-09	9.207205545e-09	8.433846009e-09	0.9999999632	9.293102423e-09	
9.837164662e-09	9.207210211e-09	8.433850076e-09	0.9999999632	9.300964457e-09	
9.837174417e-09	9.221627117e-09	8.433911906e-09	0.9999999632	9.300973003e-09	
9.837130954e-09	9.207178554e-09	8.433821329e-09	0.9999999633	9.246292608e-09	
9.837732197e-09	1.015053847e-08	8.434840564e-09	0.9999999623	9.297266877e-09	
9.837191836e-09	9.207234618e-09	8.433872609e-09	0.9999999632	9.343794012e-09	
9.837196276e-09	9.207239284e-09	8.433876676e-09	0.9999999632	9.351698932e-09	
9.837206032e-09	9.221656235e-09	8.433938506e-09	0.9999999632	9.351707525e-09	
9.837162568e-09	9.207207627e-09	8.433847929e-09	0.9999999632	9.296728861e-09	
9.837763813e-09	1.015057053e-08	8.434867167e-09	0.9999999622	9.347981182e-09	
9.837194483e-09	9.207237173e-09	8.433874835e-09	0.9999999632	9.348050982e-09	
9.837204239e-09	9.221654122e-09	8.433936666e-09	0.9999999632	9.348059571e-09	
9.837160775e-09	9.207205517e-09	8.433846088e-09	0.9999999632	9.293102354e-09	
9.83776202e-09	1.01505682e-08	8.434865326e-09	0.9999999622	9.344334682e-09	
9.837165216e-09	9.207210182e-09	8.433850155e-09	0.9999999632	9.300964388e-09	
9.837766461e-09	1.015057334e-08	8.434869394e-09	0.9999999622	9.35224006e-09	
9.837174971e-09	9.221627088e-09	8.433911986e-09	0.9999999632	9.300972935e-09	
9.837776217e-09	1.016646739e-08	8.434931232e-09	0.9999999622	9.352248653e-09	
9.837229655e-09	9.290912031e-09	8.437999018e-09	0.9999999631	9.301017246e-09	
1.054827676e-08	9.161458885e-06	9.38872758e-09	0.9999908086	9.973306497e-09	
9.837732751e-09	1.015053844e-08	8.434840644e-09	0.9999999623	9.297266808e-09	
9.837462715e-09	9.343056583e-09	8.475081998e-09	0.9999999627	9.596085987e-09	
1.077785753e-08	1.234158972e-05	1.301424173e-08	0.9999876243	1.034038052e-08	
9.837428933e-09	9.459011316e-09	8.462989123e-09	0.9999999628	9.438131394e-09	
9.837372123e-09	9.351735124e-09	8.465884764e-09	0.9999999629	9.438070294e-09	
1.062507713e-08	1.027292882e-05	9.148002316e-09	0.9999896969	1.040599779e-08	
1.103938478e-08	1.58035899e-05	4.004086772e-08	0.9999841347	1.059126944e-08	
1.05484289e-08	9.221433958e-06	9.419754712e-09	0.9999907485	1.012026531e-08	
9.837517804e-09	9.510313189e-09	8.55488504e-09	0.9999999627	9.438214884e-09	
9.837792428e-09	9.451054848e-09	9.079452938e-09	0.9999999622	9.438478344e-09	
9.837591952e-09	9.456539202e-09	8.529940914e-09	0.9999999626	9.619156474e-09	
9.837461045e-09	9.487993172e-09	8.483734392e-09	0.9999999628	9.438160734e-09	
9.837472878e-09	9.454332999e-09	8.531375215e-09	0.9999999627	9.43817344e-09	
1.077781319e-08	1.23226424e-05	1.299161953e-08	0.9999876433	1.029997125e-08	
9.837388276e-09	9.444489271e-09	8.44827804e-09	0.9999999629	9.401247857e-09	
9.837331466e-09	9.337377776e-09	8.451168648e-09	0.999999963	9.401186996e-09	
1.062503338e-08	1.025715736e-05	9.132100629e-09	0.9999897127	1.036533206e-08	
1.103933943e-08	1.577932765e-05	3.997126627e-08	0.9999841591	1.054987978e-08	
1.054838545e-08	9.207276786e-06	9.403380631e-09	0.9999907627	1.008071618e-08	
9.837477147e-09	9.495712383e-09	8.540014215e-09	0.9999999627	9.40133102e-09	
9.837751769e-09	9.436545018e-09	9.063670266e-09	0.9999999623	9.401593451e-09	
9.837551294e-09	9.442020953e-09	8.51511345e-09	0.9999999626	9.581565504e-09	
9.838484746e-09	9.475065863e-09	1.034859788e-08	0.9999999609	9.402293449e-09	
9.837457023e-09	9.343008381e-09	8.463520643e-09	0.9999999628	9.595946076e-09	
9.837420388e-09	9.473426632e-09	8.468987247e-09	0.9999999628	9.401277082e-09	
9.83743222e-09	9.439818136e-09	8.516545258e-09	0.9999999628	9.401289738e-09	
1.077777453e-08	1.247557424e-05	1.297308014e-08	0.9999874905	1.013042893e-08	
1.077771382e-08	1.233408846e-05	1.297752076e-08	0.999987632	1.013036479e-08	
1.184800451e-08	0.0204184798	6.012784684e-08	0.9795814371	1.113634522e-08	
1.141811581e-08	0.01201634636	1.426652132e-08	0.9879836172	1.073230214e-08	
1.077817288e-08	1.246508051e-05	1.391806962e-08	0.9999875001	1.013080144e-08	
1.077897537e-08	1.251596347e-05	1.589118912e-08	0.9999874472	1.013155521e-08	
1.07778513e-08	1.234152605e-05	1.299648825e-08	0.9999876244	1.034022975e-08	
1.07778093e-08	1.251379819e-05	1.300488047e-08	0.9999874523	1.013046004e-08	
9.837297684e-09	9.45326203e-09	8.439109894e-09	0.999999963	9.246440501e-09	
1.062499555e-08	1.038445549e-05	9.119069111e-09	0.9999895856	1.019471414e-08	
1.054834802e-08	9.32154532e-06	9.389962119e-09	0.9999906486	9.91478329e-09	
9.837443364e-09	9.613561695e-09	8.52782869e-09	0.9999999628	9.246582155e-09	
1.697046855e-08	9.841344929e-05	1.45627508e-08	0.9999015391	1.595117085e-08	
9.837717985e-09	9.553660016e-09	9.050737549e-09	0.9999999623	9.246840266e-09	
9.837517511e-09	9.559203912e-09	8.502963455e-09	0.9999999627	9.423849922e-09	
9.83845096e-09	9.592658936e-09	1.033383173e-08	0.999999961	9.247528741e-09	
9.837423241e-09	9.458962515e-09	8.451444265e-09	0.9999999628	9.437993785e-09	
9.837386606e-09	9.590999361e-09	8.456903069e-09	0.9999999629	9.246529105e-09	
9.837398438e-09	9.556973757e-09	8.50439322e-09	0.9999999629	9.246541552e-09	
1.062493544e-08	1.026668489e-05	9.122190306e-09	0.9999897034	1.019464934e-08	
1.10392376e-08	1.579398446e-05	3.992788851e-08	0.9999841447	1.037615812e-08	
1.054828822e-08	9.215829126e-06	9.393175919e-09	0.9999907543	9.914720152e-09	
9.837661174e-09	9.445310398e-09	9.05383429e-09	0.9999999624	9.246780405e-09	
9.837460701e-09	9.450791419e-09	8.505872773e-09	0.9999999628	9.423788915e-09	
9.838394144e-09	9.483867025e-09	1.033736749e-08	0.9999999611	9.247468876e-09	
9.837366431e-09	9.351686877e-09	8.454335956e-09	0.9999999629	9.437932686e-09	
9.837329796e-09	9.482226271e-09	8.459796627e-09	0.999999963	9.246469245e-09	
9.837341628e-09	9.448586557e-09	8.507303027e-09	0.999999963	9.246481693e-09	
1.172014278e-08	0.01705432827	4.241027491e-08	0.9829456064	1.124547833e-08	
1.127895389e-08	0.01002236782	1.004847627e-08	0.9899776	1.082218177e-08	
1.062538823e-08	1.037572067e-05	9.783323404e-09	0.9999895937	1.019508899e-08	
1.062617944e-08	1.041807488e-05	1.117027347e-08	0.9999895499	1.019584763e-08	
1.062507098e-08	1.027287582e-05	9.135522992e-09	0.999989697	1.040584607e-08	
1.062502989e-08	1.041627252e-05	9.141422333e-09	0.9999895538	1.019474551e-08	
1.062504306e-08	1.037931951e-05	9.192756775e-09	0.9999895907	1.019475961e-08	
1.165592952e-08	0.01533547107	4.374644208e-08	0.9846644626	1.095580827e-08	
1.103939813e-08	1.606179992e-05	4.034763218e-08	0.9999838764	1.03763143e-08	
1.635643463e-08	0.1412199345	5.917723395e-08	0.8587799746	1.537397287e-08	
1.103970738e-08	1.596172112e-05	4.282166993e-08	0.999983974	1.037660496e-08	
1.103948233e-08	1.597098344e-05	4.022999119e-08	0.9999839672	1.057524131e-08	
1.104052914e-08	1.602687722e-05	4.889235803e-08	0.9999839028	1.037737683e-08	
1.10393784e-08	1.580350837e-05	3.998624563e-08	0.9999841349	1.059111502e-08	
1.103933485e-08	1.602410465e-05	4.0012064e-08	0.9999839145	1.037625516e-08	
1.660562494e-08	0.08755125753	1.479157598e-08	0.9124486955	1.560823032e-08	
1.054873787e-08	9.313704555e-06	1.007394888e-08	0.9999906558	9.915147839e-09	
1.054852285e-08	9.319109157e-06	9.464247335e-09	0.9999906508	1.010495066e-08	
1.054952342e-08	9.351723597e-06	1.150210003e-08	0.9999906163	9.915885696e-09	
1.054842279e-08	9.221386384e-06	9.406904674e-09	0.9999907485	1.012011775e-08	
1.054838216e-08	9.350105722e-06	9.412979401e-09	0.99999062	9.914813829e-09	
1.054839519e-08	9.316935036e-06	9.465838759e-09	0.9999906531	9.914827505e-09	
1.69706128e-08	9.894715145e-05	1.472087352e-08	0.9999010052	1.595130344e-08	
9.837806859e-09	9.605475227e-09	9.14901557e-09	0.9999999622	9.246922064e-09	
9.837606383e-09	9.61104919e-09	8.595293435e-09	0.9999999625	9.423933286e-09	
9.83853984e-09	9.64468566e-09	1.044604232e-08	0.9999999608	9.247610545e-09	
9.837512112e-09	9.510264125e-09	8.543214821e-09	0.9999999627	9.438077274e-09	
9.837487309e-09	9.608806939e-09	8.596738725e-09	0.9999999627	9.246623347e-09	
1.697109701e-08	9.83306767e-05	1.562353673e-08	0.9999016208	1.595175854e-08	
1.697075021e-08	9.838773144e-05	1.467795896e-08	0.9999015644	1.625711763e-08	
1.697235464e-08	9.873203185e-05	1.783842851e-08	0.9999012172	1.595293981e-08	
1.697051883e-08	9.871495257e-05	1.459844397e-08	0.9999012375	1.595121563e-08	
1.697054518e-08	9.836477992e-05	1.468042739e-08	0.9999015876	1.595124269e-08	
9.837881009e-09	9.551163167e-09	9.122339093e-09	0.9999999621	9.424196347e-09	
9.838814491e-09	9.584590049e-09	1.108657208e-08	0.9999999602	9.247868684e-09	
9.837786735e-09	9.451006089e-09	9.067067126e-09	0.9999999622	9.43834073e-09	
9.837750099e-09	9.582931871e-09	9.072923561e-09	0.9999999623	9.246869012e-09	
9.837761931e-09	9.548934887e-09	9.123873005e-09	0.9999999622	9.24688146e-09	
9.838613995e-09	9.590151894e-09	1.0415584e-08	0.9999999607	9.424898028e-09	
9.837586259e-09	9.456490415e-09	8.518304723e-09	0.9999999626	9.619016226e-09	
9.837549624e-09	9.588492753e-09	8.523806712e-09	0.9999999626	9.423879218e-09	
9.838483075e-09	9.622050281e-09	1.035916299e-08	0.9999999609	9.247557489e-09	
9.838494909e-09	9.587914518e-09	1.041733537e-08	0.9999999609	9.247569938e-09	
9.837455353e-09	9.487944222e-09	8.472161233e-09	0.9999999628	9.438023125e-09	
9.837467186e-09	9.454284223e-09	8.519737067e-09	0.9999999628	9.43803583e-09	
9.83743055e-09	9.586255764e-09	8.525239981e-09	0.9999999628	9.246570297e-09	
