5.467095881e-09	5.126988815e-09	0.9999999817	2.603769387e-09	5.138735141e-09	
5.467162187e-09	5.12705327e-09	0.9999999816	2.652012579e-09	5.138796658e-09	
5.467095881e-09	5.126988814e-09	0.9999999817	2.603769374e-09	5.138735141e-09	
5.467095881e-09	5.126988814e-09	0.9999999817	2.603769361e-09	5.138735141e-09	
5.467095881e-09	5.126988814e-09	0.9999999817	2.603769376e-09	5.138735141e-09	
5.467095881e-09	5.126988814e-09	0.9999999817	2.603769378e-09	5.138735141e-09	
5.467095881e-09	5.126988814e-09	0.9999999817	2.603769386e-09	5.138735141e-09	
5.467095881e-09	5.126988815e-09	0.9999999817	2.603769413e-09	5.138735141e-09	
5.467147818e-09	5.127039308e-09	0.9999999816	2.641478418e-09	5.138783325e-09	
5.467095881e-09	5.126988815e-09	0.9999999817	2.603769395e-09	5.138735141e-09	
5.467095881e-09	5.126988815e-09	0.9999999817	2.6037694e-09	5.138735141e-09	
5.467156588e-09	5.127047831e-09	0.9999999816	2.647902937e-09	5.138791463e-09	
5.467162187e-09	5.12705327e-09	0.9999999816	2.652012571e-09	5.138796658e-09	
5.467095881e-09	5.126988814e-09	0.9999999817	2.603769366e-09	5.138735141e-09	
5.467095881e-09	5.126988814e-09	0.9999999817	2.603769353e-09	5.138735141e-09	
5.467095881e-09	5.126988814e-09	0.9999999817	2.603769368e-09	5.138735141e-09	
5.467095881e-09	5.126988814e-09	0.9999999817	2.603769378e-09	5.138735141e-09	
5.467095881e-09	5.126988815e-09	0.9999999817	2.603769387e-09	5.138735141e-09	
5.467095881e-09	5.126988814e-09	0.9999999817	2.603769367e-09	5.138735141e-09	
5.467095881e-09	5.126988815e-09	0.9999999817	2.603769392e-09	5.138735141e-09	
5.467156588e-09	5.127047831e-09	0.9999999816	2.647902929e-09	5.138791463e-09	
5.467162187e-09	5.12705327e-09	0.9999999816	2.652012557e-09	5.138796657e-09	
5.467162187e-09	5.12705327e-09	0.9999999816	2.65201256e-09	5.138796658e-09	
2.026096925e-08	2.215024174e-08	0.9998957297	0.0001042088418	1.904403417e-08	
5.467162187e-09	5.12705327e-09	0.9999999816	2.65201259e-09	5.138796658e-09	
5.467162187e-09	5.12705327e-09	0.9999999816	2.652012597e-09	5.138796658e-09	
5.467214125e-09	5.127103765e-09	0.9999999816	2.690420282e-09	5.138844842e-09	
5.467162187e-09	5.12705327e-09	0.9999999816	2.652012579e-09	5.138796658e-09	
5.467162187e-09	5.12705327e-09	0.9999999816	2.652012584e-09	5.138796658e-09	
5.467222895e-09	5.127112287e-09	0.9999999816	2.696963837e-09	5.13885298e-09	
5.467095881e-09	5.126988814e-09	0.9999999817	2.60376934e-09	5.138735141e-09	
5.467095881e-09	5.126988814e-09	0.9999999817	2.603769355e-09	5.138735141e-09	
5.467095881e-09	5.126988814e-09	0.9999999817	2.603769357e-09	5.138735141e-09	
5.467095881e-09	5.126988814e-09	0.9999999817	2.603769384e-09	5.138735141e-09	
5.467095881e-09	5.126988814e-09	0.9999999817	2.603769365e-09	5.138735141e-09	
5.467095881e-09	5.126988815e-09	0.9999999817	2.603769392e-09	5.138735141e-09	
5.467147818e-09	5.127039308e-09	0.9999999816	2.641478396e-09	5.138783325e-09	
5.467095881e-09	5.126988814e-09	0.9999999817	2.603769374e-09	5.138735141e-09	
5.467095881e-09	5.126988814e-09	0.9999999817	2.603769353e-09	5.138735141e-09	
5.467095881e-09	5.126988814e-09	0.9999999817	2.603769378e-09	5.138735141e-09	
5.467095881e-09	5.126988814e-09	0.9999999817	2.603769343e-09	5.138735141e-09	
5.467095881e-09	5.126988814e-09	0.9999999817	2.603769344e-09	5.138735141e-09	
5.467095881e-09	5.126988814e-09	0.9999999817	2.603769372e-09	5.138735141e-09	
5.467147818e-09	5.127039308e-09	0.9999999816	2.641478384e-09	5.138783325e-09	
5.467095881e-09	5.126988814e-09	0.9999999817	2.603769361e-09	5.138735141e-09	
5.467095881e-09	5.126988814e-09	0.9999999817	2.603769341e-09	5.138735141e-09	
5.467095881e-09	5.126988814e-09	0.9999999817	2.603769359e-09	5.138735141e-09	
5.467095881e-09	5.126988815e-09	0.9999999817	2.603769387e-09	5.138735141e-09	
5.467095881e-09	5.126988815e-09	0.9999999817	2.603769394e-09	5.138735141e-09	
5.467147818e-09	5.127039308e-09	0.9999999816	2.641478399e-09	5.138783325e-09	
5.467095881e-09	5.126988814e-09	0.9999999817	2.603769376e-09	5.138735141e-09	
5.467095881e-09	5.126988814e-09	0.9999999817	2.603769356e-09	5.138735141e-09	
5.467095881e-09	5.126988814e-09	0.9999999817	2.603769381e-09	5.138735141e-09	
5.467095881e-09	5.126988815e-09	0.9999999817	2.603769389e-09	5.138735141e-09	
5.467095881e-09	5.126988814e-09	0.9999999817	2.603769369e-09	5.138735141e-09	
5.467095881e-09	5.126988815e-09	0.9999999817	2.603769396e-09	5.138735141e-09	
5.467147818e-09	5.127039308e-09	0.9999999816	2.641478401e-09	5.138783325e-09	
5.467095881e-09	5.126988814e-09	0.9999999817	2.603769378e-09	5.138735141e-09	
5.467095881e-09	5.126988814e-09	0.9999999817	2.603769358e-09	5.138735141e-09	
5.467156588e-09	5.127047831e-09	0.9999999816	2.64790292e-09	5.138791463e-09	
2.026092439e-08	2.215019059e-08	0.9998961436	0.0001037949528	1.904399265e-08	
2.026095178e-08	2.215022181e-08	0.9998958912	0.0001040473733	1.9044018e-08	
6.452628225e-08	0.0008097385333	0.0002264372889	0.998963699	6.065057145e-08	
1.483753592e-08	1.946701618e-05	5.055398312e-05	0.9999299502	1.394633598e-08	
1.498997789e-08	2.188988333e-05	5.095858251e-05	0.9999271225	1.40896224e-08	
1.451969067e-08	1.441851811e-05	4.934426636e-05	0.999936209	1.364758214e-08	
1.355948641e-08	1.506783526e-08	4.606385018e-05	0.9999538948	1.274505824e-08	
1.355965039e-08	1.507360265e-08	4.611655057e-05	0.9999538418	1.299037725e-08	
1.355952352e-08	1.512157862e-08	4.611653735e-05	0.999953842	1.274509247e-08	
1.355950692e-08	1.508366837e-08	4.613888245e-05	0.9999538197	1.274507744e-08	
5.467095881e-09	5.126988815e-09	0.9999999817	2.603769397e-09	5.138735141e-09	
5.467147818e-09	5.127039308e-09	0.9999999816	2.641478429e-09	5.138783325e-09	
5.467095881e-09	5.126988814e-09	0.9999999817	2.603769385e-09	5.138735141e-09	
5.467095881e-09	5.126988815e-09	0.9999999817	2.60376941e-09	5.138735141e-09	
5.467156588e-09	5.127047831e-09	0.9999999816	2.647902948e-09	5.138791463e-09	
5.467147818e-09	5.127039308e-09	0.9999999816	2.641478409e-09	5.138783325e-09	
5.467095881e-09	5.126988814e-09	0.9999999817	2.603769386e-09	5.138735141e-09	
5.467095881e-09	5.126988814e-09	0.9999999817	2.603769366e-09	5.138735141e-09	
5.467156588e-09	5.127047831e-09	0.9999999816	2.647902928e-09	5.138791463e-09	
5.467147818e-09	5.127039308e-09	0.9999999816	2.641478436e-09	5.138783325e-09	
5.467095881e-09	5.126988815e-09	0.9999999817	2.603769393e-09	5.138735141e-09	
5.467095881e-09	5.126988815e-09	0.9999999817	2.603769418e-09	5.138735141e-09	
5.467156588e-09	5.127047831e-09	0.9999999816	2.647902956e-09	5.138791463e-09	
5.467147818e-09	5.127039308e-09	0.9999999816	2.641478418e-09	5.138783325e-09	
5.467147818e-09	5.127039308e-09	0.9999999816	2.641478397e-09	5.138783325e-09	
5.467147818e-09	5.127039308e-09	0.9999999816	2.641478423e-09	5.138783325e-09	
5.467208526e-09	5.127098325e-09	0.9999999816	2.686251123e-09	5.138839647e-09	
5.467095881e-09	5.126988814e-09	0.9999999817	2.603769375e-09	5.138735141e-09	
5.467095881e-09	5.126988815e-09	0.9999999817	2.6037694e-09	5.138735141e-09	
5.467156588e-09	5.127047831e-09	0.9999999816	2.647902937e-09	5.138791463e-09	
5.467095881e-09	5.126988814e-09	0.9999999817	2.60376938e-09	5.138735141e-09	
5.467156588e-09	5.127047831e-09	0.9999999816	2.647902917e-09	5.138791463e-09	
5.467156588e-09	5.127047831e-09	0.9999999816	2.647902942e-09	5.138791463e-09	
4.999891685e-09	0.9999999836	4.288136156e-09	2.395584195e-09	4.69959209e-09	
4.999895362e-09	0.9999999836	4.288139379e-09	2.398242563e-09	4.6995955e-09	
4.999916808e-09	0.9999999836	4.288157214e-09	2.413855913e-09	4.699615395e-09	
4.999895608e-09	0.9999999836	4.288139594e-09	2.398420071e-09	4.699595728e-09	
4.999895362e-09	0.9999999836	4.288139379e-09	2.398242563e-09	4.6995955e-09	
4.999895887e-09	0.9999999836	4.288139839e-09	2.398622798e-09	4.699595988e-09	
5.000611952e-09	0.999999983	4.288738977e-09	2.979740391e-09	4.700261561e-09	
4.999895362e-09	0.9999999836	4.288139379e-09	2.398242563e-09	4.6995955e-09	
4.999914368e-09	0.9999999836	4.288155007e-09	2.412081919e-09	4.699613132e-09	
4.999891685e-09	0.9999999836	4.288136156e-09	2.395584191e-09	4.69959209e-09	
4.999891685e-09	0.9999999836	4.288136156e-09	2.395584015e-09	4.69959209e-09	
5.000098371e-09	0.9999999835	4.288308328e-09	2.550498163e-09	4.699784689e-09	
4.99991152e-09	0.9999999836	4.288152639e-09	2.410003592e-09	4.69961049e-09	
4.999895887e-09	0.9999999836	4.288139839e-09	2.398622797e-09	4.699595988e-09	
4.999913838e-09	0.9999999836	4.288154724e-09	2.411687633e-09	4.69961264e-09	
1.213930002e-08	0.9999503542	1.041119236e-08	4.961182302e-05	1.141018609e-08	
4.999875528e-09	0.9999999836	4.288122895e-09	2.383893534e-09	4.699577101e-09	
4.999896974e-09	0.9999999836	4.288140731e-09	2.399413467e-09	4.699596996e-09	
4.999875773e-09	0.9999999836	4.28812311e-09	2.38406998e-09	4.699577329e-09	
4.999875528e-09	0.9999999836	4.288122895e-09	2.383893534e-09	4.699577101e-09	
5.000592115e-09	0.999999983	4.288722491e-09	2.961912177e-09	4.700243159e-09	
4.999875528e-09	0.9999999836	4.288122895e-09	2.383893534e-09	4.699577101e-09	
4.999894534e-09	0.9999999836	4.288138523e-09	2.397650087e-09	4.699594733e-09	
4.999871851e-09	0.9999999836	4.288119673e-09	2.381251067e-09	4.699573691e-09	
4.999871851e-09	0.9999999836	4.288119672e-09	2.381250892e-09	4.699573691e-09	
5.000078536e-09	0.9999999835	4.288291844e-09	2.535238167e-09	4.699766289e-09	
4.999891685e-09	0.9999999836	4.288136156e-09	2.395584195e-09	4.69959209e-09	
4.999876053e-09	0.9999999836	4.288123356e-09	2.384271493e-09	4.699577588e-09	
4.999894004e-09	0.9999999836	4.288138241e-09	2.39725816e-09	4.699594241e-09	
4.999900651e-09	0.9999999836	4.288143953e-09	2.402076084e-09	4.699600406e-09	
6.361108024e-09	0.9999906838	5.66526175e-09	9.298153174e-06	5.979044482e-09	
4.99987945e-09	0.9999999836	4.288126333e-09	2.38671557e-09	4.699580739e-09	
4.999879205e-09	0.9999999836	4.288126118e-09	2.386538929e-09	4.699580511e-09	
4.99987973e-09	0.9999999836	4.288126578e-09	2.386917308e-09	4.699580998e-09	
5.000595792e-09	0.999999983	4.288725714e-09	2.965198996e-09	4.70024657e-09	
4.999879205e-09	0.9999999836	4.288126118e-09	2.386538929e-09	4.699580511e-09	
4.99989821e-09	0.9999999836	4.288141746e-09	2.400310748e-09	4.699598143e-09	
4.999875528e-09	0.9999999836	4.288122895e-09	2.383893529e-09	4.699577101e-09	
4.999875527e-09	0.9999999836	4.288122895e-09	2.383893354e-09	4.699577101e-09	
5.000082213e-09	0.9999999835	4.288295066e-09	2.538051508e-09	4.699769699e-09	
4.999895362e-09	0.9999999836	4.288139379e-09	2.398242563e-09	4.6995955e-09	
4.99987973e-09	0.9999999836	4.288126578e-09	2.386917307e-09	4.699580998e-09	
4.99989768e-09	0.9999999836	4.288141463e-09	2.399918385e-09	4.699597651e-09	
6.361134924e-09	0.9999906233	5.66528497e-09	9.358686651e-06	5.979069432e-09	
4.999900896e-09	0.9999999836	4.288144168e-09	2.402253876e-09	4.699600634e-09	
4.999900651e-09	0.9999999836	4.288143953e-09	2.402076084e-09	4.699600406e-09	
4.999901176e-09	0.9999999836	4.288144413e-09	2.402456927e-09	4.699600893e-09	
4.999900651e-09	0.9999999836	4.288143953e-09	2.402076084e-09	4.699600406e-09	
4.999919656e-09	0.9999999836	4.288159581e-09	2.415937562e-09	4.699618037e-09	
4.999896974e-09	0.9999999836	4.288140731e-09	2.399413462e-09	4.699596996e-09	
4.999896973e-09	0.9999999836	4.28814073e-09	2.399413286e-09	4.699596996e-09	
4.999916808e-09	0.9999999836	4.288157214e-09	2.413855913e-09	4.699615395e-09	
4.999901176e-09	0.9999999836	4.288144413e-09	2.402456926e-09	4.699600893e-09	
4.999919127e-09	0.9999999836	4.288159298e-09	2.415542645e-09	4.699617545e-09	
1.21393119e-08	0.9999502749	1.041120264e-08	4.969112213e-05	1.14101971e-08	
6.361108332e-09	0.9999906832	5.66526203e-09	9.298841379e-06	5.979044768e-09	
6.361108024e-09	0.9999906838	5.66526175e-09	9.298153174e-06	5.979044482e-09	
6.361108683e-09	0.9999906824	5.665262349e-09	9.299627359e-06	5.979045093e-09	
6.361108024e-09	0.9999906838	5.66526175e-09	9.298153174e-06	5.979044482e-09	
6.361362548e-09	0.9999900935	5.665481613e-09	9.888452887e-06	5.979281648e-09	
6.361108683e-09	0.9999906824	5.665262349e-09	9.299627356e-06	5.979045093e-09	
6.361131198e-09	0.9999906317	5.665281728e-09	9.350280157e-06	5.979065976e-09	
4.687448007e-08	0.0005480246457	4.174676892e-08	0.9994518424	4.430014122e-08	
2.970347328e-08	0.4270978764	2.661207016e-08	0.5729020394	2.791938121e-08	
4.99987945e-09	0.9999999836	4.288126333e-09	2.38671557e-09	4.699580739e-09	
4.999879975e-09	0.9999999836	4.288126793e-09	2.387093978e-09	4.699581226e-09	
5.000596037e-09	0.999999983	4.288725929e-09	2.965418468e-09	4.700246797e-09	
4.99987945e-09	0.9999999836	4.288126333e-09	2.38671557e-09	4.699580739e-09	
4.999898456e-09	0.9999999836	4.288141961e-09	2.400488409e-09	4.69959837e-09	
4.999875773e-09	0.9999999836	4.28812311e-09	2.384069975e-09	4.699577329e-09	
4.999875773e-09	0.9999999836	4.28812311e-09	2.3840698e-09	4.699577328e-09	
5.000082459e-09	0.9999999835	4.288295282e-09	2.538239364e-09	4.699769927e-09	
4.999895608e-09	0.9999999836	4.288139594e-09	2.398420071e-09	4.699595728e-09	
4.999897926e-09	0.9999999836	4.288141678e-09	2.400096017e-09	4.699597878e-09	
4.99987973e-09	0.9999999836	4.288126578e-09	2.386917308e-09	4.699580998e-09	
5.000595792e-09	0.999999983	4.288725714e-09	2.965198996e-09	4.70024657e-09	
4.999879205e-09	0.9999999836	4.288126118e-09	2.386538929e-09	4.699580511e-09	
4.99989821e-09	0.9999999836	4.288141746e-09	2.400310748e-09	4.699598143e-09	
4.999875528e-09	0.9999999836	4.288122895e-09	2.383893529e-09	4.699577101e-09	
4.999875527e-09	0.9999999836	4.288122895e-09	2.383893354e-09	4.699577101e-09	
5.000082213e-09	0.9999999835	4.288295066e-09	2.538051508e-09	4.699769699e-09	
4.999895362e-09	0.9999999836	4.288139379e-09	2.398242563e-09	4.6995955e-09	
4.99987973e-09	0.9999999836	4.288126578e-09	2.386917307e-09	4.699580998e-09	
4.99989768e-09	0.9999999836	4.288141463e-09	2.399918385e-09	4.699597651e-09	
4.99987973e-09	0.9999999836	4.288126578e-09	2.386917308e-09	4.699580998e-09	
4.999898735e-09	0.9999999836	4.288142206e-09	2.400691311e-09	4.69959863e-09	
4.999876053e-09	0.9999999836	4.288123356e-09	2.38427149e-09	4.699577588e-09	
4.999876052e-09	0.9999999836	4.288123355e-09	2.384271315e-09	4.699577588e-09	
5.000082738e-09	0.9999999835	4.288295527e-09	2.53845391e-09	4.699770186e-09	
4.999895887e-09	0.9999999836	4.288139839e-09	2.398622798e-09	4.699595988e-09	
4.999880255e-09	0.9999999836	4.288127039e-09	2.387295747e-09	4.699581486e-09	
4.999898206e-09	0.9999999836	4.288141923e-09	2.400298886e-09	4.699598138e-09	
5.000595792e-09	0.999999983	4.288725714e-09	2.965198996e-09	4.70024657e-09	
5.000592115e-09	0.999999983	4.288722491e-09	2.961912171e-09	4.700243159e-09	
5.000798829e-09	0.9999999829	4.288894686e-09	3.153448574e-09	4.700435784e-09	
5.000611952e-09	0.999999983	4.288738977e-09	2.979740391e-09	4.700261561e-09	
5.00061427e-09	0.999999983	4.288741062e-09	2.981822547e-09	4.700263712e-09	
6.082199906e-08	0.9995190538	5.25930885e-08	0.0004807756108	5.716880292e-08	
5.464859006e-08	0.999572264	4.714869726e-08	0.000427582835	5.136619446e-08	
8.03455644e-08	0.9993507657	6.929719045e-08	0.0006490090926	7.551971224e-08	
4.99989821e-09	0.9999999836	4.288141746e-09	2.400310748e-09	4.699598143e-09	
4.999875528e-09	0.9999999836	4.288122895e-09	2.383893529e-09	4.699577101e-09	
4.999875527e-09	0.9999999836	4.288122895e-09	2.383893354e-09	4.699577101e-09	
5.000082213e-09	0.9999999835	4.288295066e-09	2.538051508e-09	4.699769699e-09	
4.999895362e-09	0.9999999836	4.288139379e-09	2.398242563e-09	4.6995955e-09	
4.99987973e-09	0.9999999836	4.288126578e-09	2.386917307e-09	4.699580998e-09	
4.99989768e-09	0.9999999836	4.288141463e-09	2.399918385e-09	4.699597651e-09	
4.999894533e-09	0.9999999836	4.288138523e-09	2.397649907e-09	4.699594732e-09	
5.00010122e-09	0.9999999835	4.288310695e-09	2.552697649e-09	4.699787331e-09	
4.999914368e-09	0.9999999836	4.288155007e-09	2.412081919e-09	4.699613132e-09	
4.999898735e-09	0.9999999836	4.288142206e-09	2.40069131e-09	4.69959863e-09	
4.999916686e-09	0.9999999836	4.288157091e-09	2.413767412e-09	4.699615282e-09	
1.213930641e-08	0.9999503114	1.041119767e-08	4.96546049e-05	1.141019202e-08	
4.999871851e-09	0.9999999836	4.288119672e-09	2.381250888e-09	4.699573691e-09	
5.000078536e-09	0.9999999835	4.288291844e-09	2.535238162e-09	4.699766289e-09	
4.999891685e-09	0.9999999836	4.288136156e-09	2.395584191e-09	4.69959209e-09	
4.999876053e-09	0.9999999836	4.288123356e-09	2.384271489e-09	4.699577588e-09	
4.999894004e-09	0.9999999836	4.288138241e-09	2.397258155e-09	4.699594241e-09	
5.000078536e-09	0.9999999835	4.288291843e-09	2.535237976e-09	4.699766289e-09	
4.999891685e-09	0.9999999836	4.288136156e-09	2.395584015e-09	4.69959209e-09	
4.999876052e-09	0.9999999836	4.288123355e-09	2.384271314e-09	4.699577588e-09	
4.999894003e-09	0.9999999836	4.28813824e-09	2.397257979e-09	4.69959424e-09	
5.000098371e-09	0.9999999835	4.288308328e-09	2.550498163e-09	4.699784689e-09	
5.000082738e-09	0.9999999835	4.288295527e-09	2.538453909e-09	4.699770186e-09	
5.00010069e-09	0.9999999835	4.288310412e-09	2.552280377e-09	4.699786839e-09	
7.187443158e-08	0.9995067146	6.164255832e-08	0.000493082922	6.896312066e-08	
1.213971857e-08	0.9999474622	1.041154025e-08	5.250386263e-05	1.141057603e-08	
4.999895887e-09	0.9999999836	4.288139839e-09	2.398622797e-09	4.699595988e-09	
4.999913838e-09	0.9999999836	4.288154724e-09	2.411687633e-09	4.69961264e-09	
1.213930002e-08	0.9999503542	1.041119236e-08	4.961182302e-05	1.141018609e-08	
4.999898206e-09	0.9999999836	4.288141923e-09	2.400298885e-09	4.699598138e-09	
1.213930523e-08	0.9999503196	1.041119706e-08	4.96464886e-05	1.141019092e-08	
4.988590971e-09	4.678250379e-09	4.278440847e-09	2.484992402e-09	0.9999999836	
4.988647347e-09	4.678302501e-09	4.278487735e-09	2.52791334e-09	0.9999999835	
4.988562961e-09	4.678224428e-09	4.278417569e-09	2.463978176e-09	0.9999999836	
4.988585339e-09	4.67824516e-09	4.278436166e-09	2.480751711e-09	0.9999999836	
1.001644844e-08	9.430628922e-09	8.590536182e-09	3.59747075e-05	0.9999639973	
4.988656938e-09	4.678311378e-09	4.278495716e-09	2.535291069e-09	0.9999999835	
4.988585339e-09	4.67824516e-09	4.278436166e-09	2.480751711e-09	0.9999999836	
4.98858784e-09	4.678247478e-09	4.278438245e-09	2.482634095e-09	0.9999999836	
2.362607317e-08	2.215627156e-08	2.026273491e-08	0.0001337514129	0.9998661825	
4.988555343e-09	4.678217366e-09	4.278411198e-09	2.458243061e-09	0.9999999836	
4.988470959e-09	4.678139294e-09	4.278341033e-09	2.396069975e-09	0.9999999837	
4.988493336e-09	4.678160027e-09	4.278359629e-09	2.412381225e-09	0.9999999836	
1.001627364e-08	9.430466654e-09	8.590391023e-09	3.49832652e-05	0.9999649887	
4.988470959e-09	4.678139294e-09	4.278341033e-09	2.396069964e-09	0.9999999837	
4.988564934e-09	4.678226242e-09	4.278419178e-09	2.465417457e-09	0.9999999836	
4.988493336e-09	4.678160027e-09	4.278359629e-09	2.412381225e-09	0.9999999836	
4.988527333e-09	4.678191415e-09	4.27838792e-09	2.43745504e-09	0.9999999836	
4.988549711e-09	4.678212148e-09	4.278406516e-09	2.454048018e-09	0.9999999836	
4.988527333e-09	4.678191415e-09	4.27838792e-09	2.437455032e-09	0.9999999836	
4.988527333e-09	4.678191415e-09	4.27838792e-09	2.437455028e-09	0.9999999836	
4.98862131e-09	4.678278364e-09	4.278466066e-09	2.508000295e-09	0.9999999835	
4.988549711e-09	4.678212148e-09	4.278406516e-09	2.454048018e-09	0.9999999836	
4.988552212e-09	4.678214465e-09	4.278408595e-09	2.45591014e-09	0.9999999836	
2.362593845e-08	2.215614711e-08	2.026262366e-08	0.0001323118557	0.9998676221	
4.988465327e-09	4.678134076e-09	4.278336352e-09	2.391981032e-09	0.9999999837	
4.98844295e-09	4.678113343e-09	4.278317755e-09	2.37580771e-09	0.9999999837	
4.98844295e-09	4.678113343e-09	4.278317755e-09	2.375807707e-09	0.9999999837	
4.988465327e-09	4.678134076e-09	4.278336352e-09	2.391981032e-09	0.9999999837	
4.988467828e-09	4.678136393e-09	4.278338431e-09	2.393796057e-09	0.9999999837	
4.988465327e-09	4.678134076e-09	4.278336352e-09	2.391981024e-09	0.9999999837	
1.001626293e-08	9.430456698e-09	8.590382136e-09	3.492356761e-05	0.9999650484	
4.988465327e-09	4.678134076e-09	4.278336352e-09	2.391981021e-09	0.9999999837	
4.988559302e-09	4.678221024e-09	4.278414497e-09	2.461210171e-09	0.9999999836	
4.988487704e-09	4.678154808e-09	4.278354948e-09	2.408264446e-09	0.9999999836	
4.988490205e-09	4.678157126e-09	4.278357027e-09	2.410091827e-09	0.9999999836	
4.98844295e-09	4.678113343e-09	4.278317755e-09	2.375807699e-09	0.9999999837	
4.988536925e-09	4.678200291e-09	4.278395901e-09	2.444568757e-09	0.9999999836	
4.988465327e-09	4.678134076e-09	4.278336352e-09	2.391981024e-09	0.9999999837	
4.988467828e-09	4.678136393e-09	4.278338431e-09	2.393796049e-09	0.9999999837	
1.001626293e-08	9.430456698e-09	8.590382136e-09	3.492356761e-05	0.9999650484	
1.001626769e-08	9.43046112e-09	8.590386083e-09	3.495006654e-05	0.9999650219	
1.977029647e-08	1.874162911e-08	1.695584112e-08	0.9998619861	0.000137958449	
1.977024633e-08	1.871747226e-08	1.695579889e-08	0.9998625241	0.000137420409	
2.133803578e-08	2.040033466e-05	1.830037496e-08	0.9998306545	0.000148905535	
1.977047374e-08	1.892755833e-08	1.706475668e-08	0.99986219	0.0001377542087	
1.977029647e-08	1.874162911e-08	1.695584112e-08	0.9998619861	0.0001379584482	
4.988536925e-09	4.678200291e-09	4.278395901e-09	2.444568754e-09	0.9999999836	
4.988465327e-09	4.678134076e-09	4.278336352e-09	2.391981021e-09	0.9999999837	
4.988467828e-09	4.678136393e-09	4.278338431e-09	2.393796046e-09	0.9999999837	
4.988559302e-09	4.678221024e-09	4.278414497e-09	2.461210171e-09	0.9999999836	
4.988561803e-09	4.678223342e-09	4.278416576e-09	2.463077727e-09	0.9999999836	
2.362597475e-08	2.215618059e-08	2.026265363e-08	0.0001326979573	0.999867236	
4.988490205e-09	4.678157126e-09	4.278357027e-09	2.410091827e-09	0.9999999836	
1.254377573e-08	1.176341142e-08	1.075807348e-08	0.9999634146	3.655030601e-05	
1.254377574e-08	1.176341288e-08	1.075807349e-08	0.9999634146	3.655030599e-05	
1.254377892e-08	1.176341599e-08	1.075807616e-08	0.9999633979	3.656702068e-05	
1.254377892e-08	1.176341597e-08	1.075807616e-08	0.9999633979	3.656702068e-05	
1.254377891e-08	1.176341439e-08	1.075807616e-08	0.9999633979	3.656702037e-05	
1.254377301e-08	1.176341026e-08	1.075807119e-08	0.9999634289	3.653599541e-05	
1.254377574e-08	1.176341284e-08	1.075807349e-08	0.9999634146	3.655030629e-05	
1.254377301e-08	1.176341026e-08	1.075807119e-08	0.9999634289	3.653599541e-05	
1.254377892e-08	1.17634159e-08	1.075807616e-08	0.9999633979	3.656702068e-05	
1.254378981e-08	1.178061824e-08	1.075808542e-08	0.9999633979	3.656705175e-05	
1.254438996e-08	1.277681584e-08	1.075859553e-08	0.9999634118	3.655209405e-05	
9.845221066e-09	9.232742574e-09	8.443690046e-09	0.9999999631	9.355443093e-09	
9.845223726e-09	9.232745171e-09	8.443692287e-09	0.9999999631	9.359721554e-09	
9.845223726e-09	9.232745151e-09	8.443692287e-09	0.9999999631	9.359721554e-09	
9.845223725e-09	9.23274391e-09	8.443692286e-09	0.9999999631	9.359721475e-09	
9.845218787e-09	9.232740385e-09	8.443688126e-09	0.9999999631	9.351780014e-09	
9.845210592e-09	9.26642748e-09	8.443681574e-09	0.9999999631	9.304521586e-09	
9.845189308e-09	9.23271321e-09	8.443663294e-09	0.9999999632	9.304501398e-09	
9.845221066e-09	9.232742544e-09	8.443690046e-09	0.9999999631	9.35544317e-09	
9.845218787e-09	9.232740385e-09	8.443688126e-09	0.9999999631	9.351780014e-09	
9.845223726e-09	9.232745097e-09	8.443692287e-09	0.9999999631	9.359721554e-09	
9.845232274e-09	9.246246685e-09	8.443699555e-09	0.9999999631	9.359729508e-09	
9.845189308e-09	9.232713147e-09	8.443663294e-09	0.9999999632	9.304501328e-09	
9.845223728e-09	9.232746317e-09	8.443692288e-09	0.9999999631	9.35972155e-09	
9.845223728e-09	9.232746296e-09	8.443692288e-09	0.9999999631	9.35972155e-09	
9.845223726e-09	9.232745055e-09	8.443692287e-09	0.9999999631	9.359721471e-09	
9.845218789e-09	9.232741531e-09	8.443688127e-09	0.9999999631	9.351780009e-09	
9.845210594e-09	9.26642863e-09	8.443681575e-09	0.9999999631	9.304521581e-09	
9.84518931e-09	9.232714356e-09	8.443663295e-09	0.9999999632	9.304501394e-09	
9.845221067e-09	9.232743689e-09	8.443690047e-09	0.9999999631	9.355443165e-09	
9.845218789e-09	9.232741531e-09	8.443688127e-09	0.9999999631	9.351780009e-09	
9.845223728e-09	9.232746243e-09	8.443692288e-09	0.9999999631	9.35972155e-09	
9.845189309e-09	9.232714293e-09	8.443663295e-09	0.9999999632	9.304501323e-09	
9.845703174e-09	1.002813279e-08	8.444099803e-09	0.9999999623	9.355900782e-09	
9.845226388e-09	9.232748893e-09	8.44369453e-09	0.9999999631	9.364001968e-09	
9.845221449e-09	9.232744128e-09	8.443690369e-09	0.9999999631	9.356056796e-09	
9.845213254e-09	9.266431236e-09	8.443683817e-09	0.9999999631	9.308776755e-09	
9.845223728e-09	9.232746286e-09	8.443692288e-09	0.9999999631	9.359721627e-09	
9.845221449e-09	9.232744128e-09	8.443690369e-09	0.9999999631	9.356056796e-09	
9.845226388e-09	9.23274884e-09	8.443694529e-09	0.9999999631	9.364001968e-09	
9.845234936e-09	9.246250433e-09	8.443701797e-09	0.9999999631	9.364009925e-09	
9.84519197e-09	9.23271689e-09	8.443665536e-09	0.9999999632	9.308756488e-09	
9.845705834e-09	1.002813561e-08	8.444102045e-09	0.9999999623	9.360179452e-09	
9.845226387e-09	9.232747632e-09	8.443694528e-09	0.9999999631	9.364001889e-09	
9.845221449e-09	9.232744107e-09	8.443690369e-09	0.9999999631	9.356056796e-09	
9.845213254e-09	9.266431215e-09	8.443683817e-09	0.9999999631	9.308776755e-09	
9.84519197e-09	9.232716932e-09	8.443665536e-09	0.9999999632	9.308756559e-09	
9.845223728e-09	9.232746266e-09	8.443692288e-09	0.9999999631	9.359721627e-09	
9.845221449e-09	9.232744107e-09	8.443690369e-09	0.9999999631	9.356056796e-09	
9.845226388e-09	9.232748819e-09	8.443694529e-09	0.9999999631	9.364001968e-09	
9.845705834e-09	1.002813559e-08	8.444102045e-09	0.9999999623	9.360179452e-09	
9.845221447e-09	9.232742866e-09	8.443690367e-09	0.9999999631	9.356056717e-09	
9.845213252e-09	9.26642997e-09	8.443683815e-09	0.9999999631	9.308776677e-09	
9.845191968e-09	9.232715691e-09	8.443665535e-09	0.9999999632	9.30875648e-09	
9.845223726e-09	9.232745025e-09	8.443692287e-09	0.9999999631	9.359721548e-09	
9.845221447e-09	9.232742866e-09	8.443690367e-09	0.9999999631	9.356056717e-09	
9.845226386e-09	9.232747578e-09	8.443694528e-09	0.9999999631	9.364001889e-09	
9.845234934e-09	9.24624917e-09	8.443701796e-09	0.9999999631	9.364009846e-09	
9.845191968e-09	9.232715628e-09	8.443665535e-09	0.9999999632	9.308756409e-09	
9.845208315e-09	9.266426432e-09	8.443679656e-09	0.9999999631	9.300878441e-09	
9.845187031e-09	9.232712166e-09	8.443661376e-09	0.9999999632	9.300858261e-09	
9.845218789e-09	9.2327415e-09	8.443688127e-09	0.9999999631	9.351780087e-09	
9.84521651e-09	9.232739341e-09	8.443686208e-09	0.9999999631	9.348118365e-09	
9.845221449e-09	9.232744053e-09	8.443690369e-09	0.9999999631	9.356056796e-09	
9.845229997e-09	9.24624564e-09	8.443697636e-09	0.9999999631	9.356064746e-09	
9.845187031e-09	9.232712103e-09	8.443661376e-09	0.9999999632	9.30085819e-09	
9.845700895e-09	1.002813042e-08	8.444097884e-09	0.9999999623	9.352237524e-09	
9.845208315e-09	9.266426432e-09	8.443679656e-09	0.9999999631	9.300878441e-09	
9.845178836e-09	9.266399095e-09	8.443654824e-09	0.9999999632	9.253857091e-09	
9.845692699e-09	1.006471962e-08	8.444091331e-09	0.9999999623	9.304976783e-09	
9.845308018e-09	9.318048763e-09	8.443764299e-09	0.999999963	9.409238917e-09	
1.062627624e-08	1.015604246e-05	9.113543447e-09	0.999989814	1.019585232e-08	
1.088410225e-08	1.368373225e-05	9.390404033e-09	0.9999862858	1.023037461e-08	
9.845304961e-09	9.419032525e-09	8.488314983e-09	0.999999963	9.253974941e-09	
9.84518931e-09	9.232714325e-09	8.443663295e-09	0.9999999632	9.304501471e-09	
9.845187031e-09	9.232712166e-09	8.443661376e-09	0.9999999632	9.300858261e-09	
9.84519197e-09	9.232716878e-09	8.443665536e-09	0.9999999632	9.308756558e-09	
9.845200518e-09	9.246218425e-09	8.443672804e-09	0.9999999632	9.308764469e-09	
9.845157552e-09	9.232684929e-09	8.443636543e-09	0.9999999632	9.253837014e-09	
9.845671414e-09	1.00281009e-08	8.44407305e-09	0.9999999624	9.304956595e-09	
9.845218789e-09	9.2327415e-09	8.443688127e-09	0.9999999631	9.351780087e-09	
9.845223728e-09	9.232746212e-09	8.443692288e-09	0.9999999631	9.359721627e-09	
9.845232276e-09	9.246247802e-09	8.443699556e-09	0.9999999631	9.359729581e-09	
9.845189309e-09	9.232714262e-09	8.443663295e-09	0.9999999632	9.3045014e-09	
9.845703174e-09	1.002813276e-08	8.444099803e-09	0.9999999623	9.355900859e-09	
9.845221449e-09	9.232744053e-09	8.443690369e-09	0.9999999631	9.356056796e-09	
9.845229997e-09	9.24624564e-09	8.443697636e-09	0.9999999631	9.356064746e-09	
9.845187031e-09	9.232712103e-09	8.443661376e-09	0.9999999632	9.30085819e-09	
9.845700895e-09	1.002813042e-08	8.444097884e-09	0.9999999623	9.352237524e-09	
9.84519197e-09	9.232716815e-09	8.443665536e-09	0.9999999632	9.308756488e-09	
9.845705834e-09	1.002813553e-08	8.444102045e-09	0.9999999623	9.360179452e-09	
9.845200518e-09	9.246218362e-09	8.443672804e-09	0.9999999632	9.308764398e-09	
9.845714383e-09	1.004280027e-08	8.444109313e-09	0.9999999623	9.360187406e-09	
9.845237591e-09	9.305077255e-09	8.443704751e-09	0.9999999631	9.308799668e-09	
1.054260736e-08	8.993587904e-06	9.092904957e-09	0.9999909768	9.968165514e-09	
9.845671414e-09	1.002810083e-08	8.44407305e-09	0.9999999624	9.304956524e-09	
9.845446184e-09	9.347949183e-09	8.443881066e-09	0.9999999628	9.604672452e-09	
1.077355198e-08	1.220819022e-05	9.315962621e-09	0.9999877614	1.033664929e-08	
9.845421015e-09	9.463649108e-09	8.443859676e-09	0.9999999628	9.446162762e-09	
9.845354074e-09	9.355310419e-09	8.443803536e-09	0.9999999629	9.446099076e-09	
1.062642502e-08	1.018863156e-05	9.11366918e-09	0.9999897812	1.040762378e-08	
1.088425452e-08	1.372764099e-05	9.390533478e-09	0.9999862416	1.044286299e-08	
1.054273158e-08	9.042139064e-06	9.093010896e-09	0.9999909281	1.01151897e-08	
9.845443308e-09	9.500084629e-09	8.443878785e-09	0.9999999628	9.446184103e-09	
9.845443127e-09	9.449256989e-09	8.488432366e-09	0.9999999628	9.446183583e-09	
9.845562717e-09	9.452874301e-09	8.498144197e-09	0.9999999626	9.628005809e-09	
9.845432904e-09	9.482919906e-09	8.44386997e-09	0.9999999628	9.446174083e-09	
9.845458761e-09	9.459186871e-09	8.502259602e-09	0.9999999627	9.446198526e-09	
1.077351903e-08	1.219244822e-05	9.315934556e-09	0.9999877772	1.029633082e-08	
9.845390748e-09	9.451445937e-09	8.443834105e-09	0.9999999629	9.409317519e-09	
9.845323807e-09	9.343246949e-09	8.443777966e-09	0.999999963	9.409254082e-09	
1.062639249e-08	1.017549368e-05	9.113641701e-09	0.9999897944	1.036702844e-08	
1.088422125e-08	1.370993973e-05	9.390505207e-09	0.9999862594	1.040213026e-08	
1.054269929e-08	9.030479526e-06	9.092983466e-09	0.9999909398	1.0075735e-08	
9.845413041e-09	9.487834476e-09	8.443853214e-09	0.9999999628	9.409338778e-09	
9.84541286e-09	9.437072376e-09	8.488406661e-09	0.9999999628	9.409338259e-09	
9.845532449e-09	9.440685024e-09	8.498118463e-09	0.9999999626	9.590451279e-09	
9.845440328e-09	9.470732655e-09	8.498116026e-09	0.9999999628	9.409364026e-09	
9.845446184e-09	9.34794918e-09	8.443881066e-09	0.9999999628	9.604672394e-09	
9.845402637e-09	9.470691886e-09	8.4438444e-09	0.9999999628	9.409328797e-09	
9.845428494e-09	9.446989454e-09	8.502233855e-09	0.9999999628	9.409353144e-09	
1.077348987e-08	1.234335275e-05	9.315909552e-09	0.9999876264	1.012640489e-08	
1.077341814e-08	1.22020493e-05	9.31584893e-09	0.9999877677	1.012633805e-08	
1.170104755e-08	0.01759034529	1.017837533e-08	0.9824096218	1.099824486e-08	
1.140230149e-08	0.01165635992	9.915376803e-09	0.988343608	1.071744222e-08	
1.077351427e-08	1.232458147e-05	9.365085717e-09	0.9999876452	1.01264274e-08	
1.077354385e-08	1.236854042e-05	9.375797449e-09	0.9999876012	1.012645469e-08	
1.077355198e-08	1.220819022e-05	9.315962621e-09	0.9999877614	1.033664923e-08	
1.077350261e-08	1.236848717e-05	9.315920676e-09	0.9999876013	1.012641678e-08	
9.845298639e-09	9.458888674e-09	8.443756576e-09	0.999999963	9.253969458e-09	
1.062636399e-08	1.030143485e-05	9.113617467e-09	0.9999896686	1.019593601e-08	
1.054267117e-08	9.142249097e-06	9.092959416e-09	0.9999908282	9.909450069e-09	
9.845387873e-09	9.605265767e-09	8.443831824e-09	0.9999999629	9.254052756e-09	
1.685427296e-08	9.677882094e-05	1.445493899e-08	0.999903174	1.584195971e-08	
9.845387692e-09	9.553875383e-09	8.488385158e-09	0.9999999629	9.254052246e-09	
9.845507281e-09	9.557532744e-09	8.498096935e-09	0.9999999627	9.432176286e-09	
9.84541516e-09	9.587952276e-09	8.498094498e-09	0.9999999628	9.254077587e-09	
9.845421015e-09	9.463649106e-09	8.443859676e-09	0.9999999628	9.446162704e-09	
9.845377469e-09	9.587911002e-09	8.44382301e-09	0.9999999629	9.254042939e-09	
9.845403326e-09	9.563915204e-09	8.502212317e-09	0.9999999628	9.254066885e-09	
1.062629299e-08	1.01835065e-05	9.113557949e-09	0.9999897866	1.019586847e-08	
1.08841193e-08	1.372073576e-05	9.390418885e-09	0.9999862488	1.023039072e-08	
1.054260059e-08	9.0375907e-06	9.092899912e-09	0.9999909329	9.909384296e-09	
9.84532075e-09	9.444503795e-09	8.488328723e-09	0.999999963	9.253989855e-09	
9.845440338e-09	9.448119287e-09	8.498040435e-09	0.9999999628	9.432112694e-09	
9.845348218e-09	9.47819058e-09	8.498037999e-09	0.9999999629	9.254015196e-09	
9.845354073e-09	9.355310417e-09	8.443803536e-09	0.9999999629	9.446099018e-09	
9.845310527e-09	9.478149779e-09	8.443766871e-09	0.999999963	9.253980549e-09	
9.845336384e-09	9.454428682e-09	8.50215579e-09	0.9999999629	9.254004494e-09	
1.157491341e-08	0.01472324946	9.98639454e-09	0.9852767179	1.110605765e-08	
1.126829396e-08	0.009746863778	9.718788318e-09	0.9902531044	1.081185796e-08	
1.062638802e-08	1.028576881e-05	9.161725758e-09	0.9999896842	1.019595864e-08	
1.062641728e-08	1.032245585e-05	9.172204956e-09	0.9999896475	1.019598619e-08	
1.062642502e-08	1.018863156e-05	9.113669179e-09	0.9999897812	1.040762371e-08	
1.06263766e-08	1.032241142e-05	9.113628387e-09	0.9999896477	1.019594801e-08	
1.062640478e-08	1.029657764e-05	9.176649657e-09	0.9999896734	1.019597466e-08	
1.150279405e-08	0.01308816076	9.980281655e-09	0.9869118069	1.081189941e-08	
1.088421564e-08	1.393306234e-05	9.390500577e-09	0.9999860364	1.023048064e-08	
1.634050168e-08	0.1231143217	1.409796693e-08	0.8768856325	1.535903842e-08	
1.088421625e-08	1.385851828e-05	9.44004965e-09	0.9999861109	1.023048084e-08	
1.08843484e-08	1.386382345e-05	9.450850201e-09	0.9999861054	1.042739933e-08	
1.088424608e-08	1.390794834e-05	9.450847074e-09	0.9999860615	1.023050835e-08	
1.088425452e-08	1.372764098e-05	9.390533478e-09	0.9999862416	1.044286293e-08	
1.088420442e-08	1.390788847e-05	9.39049101e-09	0.9999860616	1.023047004e-08	
1.652198033e-08	0.0846498319	1.425004342e-08	0.9153501218	1.552961654e-08	
1.054269499e-08	9.128345883e-06	9.140958643e-09	0.9999908421	9.909472049e-09	
1.054282301e-08	9.131840313e-06	9.151417014e-09	0.9999908384	1.010021172e-08	
1.054272406e-08	9.160904693e-06	9.151414125e-09	0.9999908095	9.909498862e-09	
1.054273158e-08	9.042139061e-06	9.093010896e-09	0.9999909281	1.011518963e-08	
1.05426837e-08	9.160865258e-06	9.092970333e-09	0.9999908096	9.909461761e-09	
1.054271163e-08	9.137938443e-06	9.155848725e-09	0.9999908325	9.909487629e-09	
1.685430485e-08	9.715138804e-05	1.445496632e-08	0.9999028015	1.58419896e-08	
9.845409984e-09	9.59065828e-09	8.488404368e-09	0.9999999628	9.254073153e-09	
9.845529574e-09	9.594329722e-09	8.498116167e-09	0.9999999626	9.432197596e-09	
9.845437453e-09	9.624866371e-09	8.49811373e-09	0.9999999628	9.254098494e-09	
9.845443308e-09	9.500084627e-09	8.443878785e-09	0.9999999628	9.446184046e-09	
9.845425619e-09	9.600736755e-09	8.502231558e-09	0.9999999628	9.254087792e-09	
1.68543133e-08	9.663165596e-05	1.453124457e-08	0.9999033211	1.584199696e-08	
1.68545174e-08	9.666864436e-05	1.45478696e-08	0.9999032838	1.614692661e-08	
1.685435451e-08	9.697628965e-05	1.454786095e-08	0.9999029765	1.584203488e-08	
1.685429e-08	9.697587223e-05	1.445495377e-08	0.999902977	1.584197558e-08	
1.685433835e-08	9.673319284e-05	1.455491377e-08	0.9999032196	1.584202041e-08	
9.845529392e-09	9.542997849e-09	8.542955928e-09	0.9999999626	9.432197076e-09	
9.845437271e-09	9.573371119e-09	8.542953479e-09	0.9999999628	9.254097985e-09	
9.845443127e-09	9.449256986e-09	8.488432366e-09	0.9999999628	9.446183525e-09	
9.84539958e-09	9.573329908e-09	8.488395507e-09	0.9999999628	9.254063337e-09	
9.845425437e-09	9.549370602e-09	8.547093034e-09	0.9999999628	9.254087282e-09	
9.845556861e-09	9.577035944e-09	8.552727689e-09	0.9999999626	9.432222905e-09	
9.845562717e-09	9.452874299e-09	8.498144197e-09	0.9999999626	9.62800575e-09	
9.845519169e-09	9.576994717e-09	8.498107296e-09	0.9999999626	9.43218759e-09	
9.845427048e-09	9.607476192e-09	8.498104859e-09	0.9999999628	9.254088678e-09	
9.845452906e-09	9.583431428e-09	8.556869527e-09	0.9999999628	9.254112623e-09	
9.845432904e-09	9.482919904e-09	8.44386997e-09	0.9999999628	9.446174025e-09	
9.845458761e-09	9.459186868e-09	8.502259602e-09	0.9999999627	9.446198468e-09	
9.845415214e-09	9.583390174e-09	8.502222683e-09	0.9999999628	9.254077976e-09	
