5.467094795e-09	5.12850017e-09	0.9999999817	2.603468145e-09	5.138734085e-09	
5.467161107e-09	5.128564256e-09	0.9999999816	2.651709726e-09	5.138795607e-09	
5.467094795e-09	5.12850017e-09	0.9999999817	2.603468132e-09	5.138734085e-09	
5.467094795e-09	5.12850017e-09	0.9999999817	2.603468119e-09	5.138734085e-09	
5.467094795e-09	5.12850017e-09	0.9999999817	2.603468134e-09	5.138734085e-09	
5.467094795e-09	5.12850017e-09	0.9999999817	2.603468136e-09	5.138734085e-09	
5.467094795e-09	5.12850017e-09	0.9999999817	2.603468144e-09	5.138734085e-09	
5.467094795e-09	5.12850017e-09	0.9999999817	2.603468171e-09	5.138734085e-09	
5.467146735e-09	5.128550371e-09	0.9999999816	2.641173761e-09	5.138782271e-09	
5.467094795e-09	5.12850017e-09	0.9999999817	2.603468153e-09	5.138734085e-09	
5.467094795e-09	5.12850017e-09	0.9999999817	2.603468158e-09	5.138734085e-09	
5.467155507e-09	5.128558846e-09	0.9999999816	2.647599213e-09	5.138790411e-09	
5.467161107e-09	5.128564256e-09	0.9999999816	2.651709718e-09	5.138795607e-09	
5.467094795e-09	5.12850017e-09	0.9999999817	2.603468124e-09	5.138734085e-09	
5.467094794e-09	5.12850017e-09	0.9999999817	2.603468111e-09	5.138734085e-09	
5.467094795e-09	5.12850017e-09	0.9999999817	2.603468126e-09	5.138734085e-09	
5.467094795e-09	5.12850017e-09	0.9999999817	2.603468136e-09	5.138734085e-09	
5.467094795e-09	5.12850017e-09	0.9999999817	2.603468145e-09	5.138734085e-09	
5.467094795e-09	5.12850017e-09	0.9999999817	2.603468125e-09	5.138734085e-09	
5.467094795e-09	5.12850017e-09	0.9999999817	2.60346815e-09	5.138734085e-09	
5.467155507e-09	5.128558846e-09	0.9999999816	2.647599205e-09	5.138790411e-09	
5.467161107e-09	5.128564256e-09	0.9999999816	2.651709704e-09	5.138795607e-09	
5.467161107e-09	5.128564256e-09	0.9999999816	2.651709707e-09	5.138795607e-09	
2.026104215e-08	2.199781123e-08	0.9998957406	0.0001041980886	1.904410289e-08	
5.467161107e-09	5.128564256e-09	0.9999999816	2.651709737e-09	5.138795607e-09	
5.467161107e-09	5.128564256e-09	0.9999999816	2.651709745e-09	5.138795607e-09	
5.467213047e-09	5.128614457e-09	0.9999999816	2.690114009e-09	5.138843794e-09	
5.467161107e-09	5.128564256e-09	0.9999999816	2.651709726e-09	5.138795607e-09	
5.467161107e-09	5.128564256e-09	0.9999999816	2.651709731e-09	5.138795607e-09	
5.46722182e-09	5.128622932e-09	0.9999999816	2.696658523e-09	5.138851934e-09	
5.467094794e-09	5.12850017e-09	0.9999999817	2.603468098e-09	5.138734085e-09	
5.467094794e-09	5.12850017e-09	0.9999999817	2.603468113e-09	5.138734085e-09	
5.467094795e-09	5.12850017e-09	0.9999999817	2.603468114e-09	5.138734085e-09	
5.467094795e-09	5.12850017e-09	0.9999999817	2.603468143e-09	5.138734085e-09	
5.467094795e-09	5.12850017e-09	0.9999999817	2.603468123e-09	5.138734085e-09	
5.467094795e-09	5.12850017e-09	0.9999999817	2.60346815e-09	5.138734085e-09	
5.467146734e-09	5.12855037e-09	0.9999999816	2.64117374e-09	5.138782271e-09	
5.467094795e-09	5.12850017e-09	0.9999999817	2.603468132e-09	5.138734085e-09	
5.467094794e-09	5.12850017e-09	0.9999999817	2.603468111e-09	5.138734085e-09	
5.467094795e-09	5.12850017e-09	0.9999999817	2.603468137e-09	5.138734085e-09	
5.467094794e-09	5.12850017e-09	0.9999999817	2.603468101e-09	5.138734085e-09	
5.467094794e-09	5.12850017e-09	0.9999999817	2.603468102e-09	5.138734085e-09	
5.467094795e-09	5.12850017e-09	0.9999999817	2.60346813e-09	5.138734085e-09	
5.467146734e-09	5.12855037e-09	0.9999999816	2.641173727e-09	5.138782271e-09	
5.467094795e-09	5.12850017e-09	0.9999999817	2.603468119e-09	5.138734085e-09	
5.467094794e-09	5.12850017e-09	0.9999999817	2.603468099e-09	5.138734085e-09	
5.467094795e-09	5.12850017e-09	0.9999999817	2.603468117e-09	5.138734085e-09	
5.467094795e-09	5.12850017e-09	0.9999999817	2.603468145e-09	5.138734085e-09	
5.467094795e-09	5.12850017e-09	0.9999999817	2.603468153e-09	5.138734085e-09	
5.467146734e-09	5.12855037e-09	0.9999999816	2.641173743e-09	5.138782271e-09	
5.467094795e-09	5.12850017e-09	0.9999999817	2.603468134e-09	5.138734085e-09	
5.467094795e-09	5.12850017e-09	0.9999999817	2.603468114e-09	5.138734085e-09	
5.467094795e-09	5.12850017e-09	0.9999999817	2.603468139e-09	5.138734085e-09	
5.467094795e-09	5.12850017e-09	0.9999999817	2.603468147e-09	5.138734085e-09	
5.467094795e-09	5.12850017e-09	0.9999999817	2.603468127e-09	5.138734085e-09	
5.467094795e-09	5.12850017e-09	0.9999999817	2.603468154e-09	5.138734085e-09	
5.467146734e-09	5.128550371e-09	0.9999999816	2.641173744e-09	5.138782271e-09	
5.467094795e-09	5.12850017e-09	0.9999999817	2.603468136e-09	5.138734085e-09	
5.467094795e-09	5.12850017e-09	0.9999999817	2.603468116e-09	5.138734085e-09	
5.467155507e-09	5.128558846e-09	0.9999999816	2.647599196e-09	5.138790411e-09	
2.026099728e-08	2.199776078e-08	0.9998961546	0.0001037841242	1.904406135e-08	
2.026102467e-08	2.199779158e-08	0.9998959021	0.0001040365841	1.904408671e-08	
6.395486644e-08	0.0007951140622	0.0002240564772	0.9989807054	6.011347895e-08	
1.483741447e-08	1.93077757e-05	5.055191869e-05	0.9999301115	1.394622196e-08	
1.495921324e-08	2.123025857e-05	5.084634843e-05	0.9999278944	1.406070548e-08	
1.451938275e-08	1.429111809e-05	4.934289572e-05	0.9999363378	1.364729282e-08	
1.356095335e-08	1.49630044e-08	4.606860093e-05	0.9999538901	1.274643722e-08	
1.356111718e-08	1.496827715e-08	4.612139147e-05	0.9999538371	1.299186434e-08	
1.356099009e-08	1.501574574e-08	4.61209647e-05	0.9999538377	1.274647109e-08	
1.356097456e-08	1.497999511e-08	4.614373157e-05	0.999953815	1.274645707e-08	
5.467094795e-09	5.12850017e-09	0.9999999817	2.603468155e-09	5.138734085e-09	
5.467146735e-09	5.128550371e-09	0.9999999816	2.641173773e-09	5.138782271e-09	
5.467094795e-09	5.12850017e-09	0.9999999817	2.603468144e-09	5.138734085e-09	
5.467094795e-09	5.12850017e-09	0.9999999817	2.603468169e-09	5.138734085e-09	
5.467155507e-09	5.128558846e-09	0.9999999816	2.647599224e-09	5.138790411e-09	
5.467146734e-09	5.128550371e-09	0.9999999816	2.641173753e-09	5.138782271e-09	
5.467094795e-09	5.12850017e-09	0.9999999817	2.603468144e-09	5.138734085e-09	
5.467094795e-09	5.12850017e-09	0.9999999817	2.603468124e-09	5.138734085e-09	
5.467155507e-09	5.128558846e-09	0.9999999816	2.647599204e-09	5.138790411e-09	
5.467146735e-09	5.128550371e-09	0.9999999816	2.64117378e-09	5.138782271e-09	
5.467094795e-09	5.12850017e-09	0.9999999817	2.603468151e-09	5.138734085e-09	
5.467094795e-09	5.12850017e-09	0.9999999817	2.603468176e-09	5.138734085e-09	
5.467155507e-09	5.128558846e-09	0.9999999816	2.647599232e-09	5.138790411e-09	
5.467146735e-09	5.128550371e-09	0.9999999816	2.641173761e-09	5.138782271e-09	
5.467146734e-09	5.12855037e-09	0.9999999816	2.641173741e-09	5.138782271e-09	
5.467146735e-09	5.128550371e-09	0.9999999816	2.641173767e-09	5.138782271e-09	
5.467207447e-09	5.128609047e-09	0.9999999816	2.685943965e-09	5.138838598e-09	
5.467094795e-09	5.12850017e-09	0.9999999817	2.603468133e-09	5.138734085e-09	
5.467094795e-09	5.12850017e-09	0.9999999817	2.603468158e-09	5.138734085e-09	
5.467155507e-09	5.128558846e-09	0.9999999816	2.647599213e-09	5.138790411e-09	
5.467094795e-09	5.12850017e-09	0.9999999817	2.603468138e-09	5.138734085e-09	
5.467155507e-09	5.128558846e-09	0.9999999816	2.647599193e-09	5.138790411e-09	
5.467155507e-09	5.128558846e-09	0.9999999816	2.647599218e-09	5.138790411e-09	
4.998417353e-09	0.9999999836	4.286872559e-09	2.394682747e-09	4.698206279e-09	
4.998421138e-09	0.9999999836	4.286875808e-09	2.397419567e-09	4.69820979e-09	
4.998442709e-09	0.9999999836	4.286893743e-09	2.413122848e-09	4.6982298e-09	
4.998421391e-09	0.9999999836	4.286876025e-09	2.397602333e-09	4.698210024e-09	
4.998421138e-09	0.9999999836	4.286875808e-09	2.397419567e-09	4.69820979e-09	
4.998421679e-09	0.9999999836	4.286876272e-09	2.397811053e-09	4.698210291e-09	
4.999164911e-09	0.999999983	4.287497774e-09	3.005027794e-09	4.698901249e-09	
4.998421138e-09	0.9999999836	4.286875808e-09	2.397419567e-09	4.69820979e-09	
4.998440159e-09	0.9999999836	4.286891512e-09	2.411268385e-09	4.698227435e-09	
4.998417353e-09	0.9999999836	4.286872559e-09	2.394682743e-09	4.698206279e-09	
4.998417352e-09	0.9999999836	4.286872559e-09	2.394682547e-09	4.698206279e-09	
4.998624745e-09	0.9999999835	4.287045261e-09	2.550141825e-09	4.698399536e-09	
4.998437295e-09	0.9999999836	4.286889132e-09	2.409178746e-09	4.698224778e-09	
4.998421679e-09	0.9999999836	4.286876272e-09	2.397811052e-09	4.698210291e-09	
4.998439711e-09	0.9999999836	4.286891237e-09	2.41093415e-09	4.698227019e-09	
1.215233377e-08	0.9999502571	1.042237235e-08	4.970892245e-05	1.142243694e-08	
4.998401196e-09	0.9999999836	4.286859235e-09	2.382994323e-09	4.698191291e-09	
4.998422767e-09	0.9999999836	4.28687717e-09	2.398603118e-09	4.698211301e-09	
4.998401449e-09	0.9999999836	4.286859452e-09	2.383175989e-09	4.698191525e-09	
4.998401196e-09	0.9999999836	4.286859235e-09	2.382994323e-09	4.698191291e-09	
4.999144966e-09	0.999999983	4.287481199e-09	2.986946578e-09	4.698882747e-09	
4.998401196e-09	0.9999999836	4.286859235e-09	2.382994323e-09	4.698191291e-09	
4.998420217e-09	0.9999999836	4.286874939e-09	2.396759813e-09	4.698208936e-09	
4.998397411e-09	0.9999999836	4.286855987e-09	2.380273966e-09	4.69818778e-09	
4.998397411e-09	0.9999999836	4.286855986e-09	2.380273771e-09	4.69818778e-09	
4.998604803e-09	0.9999999835	4.287028687e-09	2.534797653e-09	4.698381036e-09	
4.998417353e-09	0.9999999836	4.286872559e-09	2.394682747e-09	4.698206279e-09	
4.998401737e-09	0.9999999836	4.286859699e-09	2.383383452e-09	4.698191793e-09	
4.998419769e-09	0.9999999836	4.286874665e-09	2.396427589e-09	4.69820852e-09	
4.998426552e-09	0.9999999836	4.286880419e-09	2.401344418e-09	4.698214812e-09	
6.37465142e-09	0.9999905804	5.667844051e-09	9.401606367e-06	5.991774503e-09	
4.998405234e-09	0.9999999836	4.286862701e-09	2.385899658e-09	4.698195036e-09	
4.998404982e-09	0.9999999836	4.286862484e-09	2.385717784e-09	4.698194802e-09	
4.998405522e-09	0.9999999836	4.286862948e-09	2.386107359e-09	4.698195303e-09	
4.999148752e-09	0.999999983	4.287484449e-09	2.990360281e-09	4.698886258e-09	
4.998404982e-09	0.9999999836	4.286862484e-09	2.385717784e-09	4.698194802e-09	
4.998424002e-09	0.9999999836	4.286878188e-09	2.399499006e-09	4.698212447e-09	
4.998401196e-09	0.9999999836	4.286859235e-09	2.382994319e-09	4.698191291e-09	
4.998401196e-09	0.9999999836	4.286859235e-09	2.382994123e-09	4.69819129e-09	
4.998608588e-09	0.9999999835	4.287031936e-09	2.537694606e-09	4.698384547e-09	
4.998421138e-09	0.9999999836	4.286875808e-09	2.397419567e-09	4.69820979e-09	
4.998405522e-09	0.9999999836	4.286862948e-09	2.386107358e-09	4.698195303e-09	
4.998423554e-09	0.9999999836	4.286877913e-09	2.399166403e-09	4.698212031e-09	
6.374678537e-09	0.9999905188	5.667867414e-09	9.463187024e-06	5.991799654e-09	
4.998426805e-09	0.9999999836	4.286880635e-09	2.401527483e-09	4.698215046e-09	
4.998426552e-09	0.9999999836	4.286880419e-09	2.401344418e-09	4.698214812e-09	
4.998427093e-09	0.9999999836	4.286880883e-09	2.401736545e-09	4.698215314e-09	
4.998426552e-09	0.9999999836	4.286880419e-09	2.401344418e-09	4.698214812e-09	
4.998445573e-09	0.9999999836	4.286896123e-09	2.415215908e-09	4.698232457e-09	
4.998422767e-09	0.9999999836	4.28687717e-09	2.398603113e-09	4.698211301e-09	
4.998422767e-09	0.9999999836	4.286877169e-09	2.398602917e-09	4.698211301e-09	
4.998442709e-09	0.9999999836	4.286893743e-09	2.413122848e-09	4.6982298e-09	
4.998427093e-09	0.9999999836	4.286880883e-09	2.401736544e-09	4.698215314e-09	
4.998445125e-09	0.9999999836	4.286895848e-09	2.414881126e-09	4.698232041e-09	
1.215234595e-08	0.9999501757	1.042238272e-08	4.979029761e-05	1.142244822e-08	
6.374651737e-09	0.9999905796	5.667844334e-09	9.402323087e-06	5.991774797e-09	
6.37465142e-09	0.9999905804	5.667844051e-09	9.401606367e-06	5.991774503e-09	
6.374652099e-09	0.9999905788	5.667844656e-09	9.403141585e-06	5.991775133e-09	
6.37465142e-09	0.9999905804	5.667844051e-09	9.401606367e-06	5.991774503e-09	
6.374907269e-09	0.9999899815	5.668064697e-09	1.000050871e-05	5.992012904e-09	
6.374652099e-09	0.9999905788	5.667844656e-09	9.403141581e-06	5.991775133e-09	
6.374674768e-09	0.9999905274	5.66786415e-09	9.454604011e-06	5.991796158e-09	
4.645919809e-08	0.0005404113415	4.130782312e-08	0.999459457	4.390774241e-08	
2.981235413e-08	0.4185981907	2.666110656e-08	0.5814017248	2.802172215e-08	
4.998405234e-09	0.9999999836	4.286862701e-09	2.385899658e-09	4.698195036e-09	
4.998405775e-09	0.9999999836	4.286863165e-09	2.386289263e-09	4.698195537e-09	
4.999149004e-09	0.999999983	4.287484666e-09	2.990588249e-09	4.698886493e-09	
4.998405234e-09	0.9999999836	4.286862701e-09	2.385899658e-09	4.698195036e-09	
4.998424255e-09	0.9999999836	4.286878405e-09	2.399681931e-09	4.698212681e-09	
4.998401449e-09	0.9999999836	4.286859452e-09	2.383175985e-09	4.698191525e-09	
4.998401448e-09	0.9999999836	4.286859452e-09	2.383175789e-09	4.698191525e-09	
4.998608841e-09	0.9999999835	4.287032153e-09	2.537888066e-09	4.698384781e-09	
4.998421391e-09	0.9999999836	4.286876025e-09	2.397602333e-09	4.698210024e-09	
4.998423807e-09	0.9999999836	4.28687813e-09	2.399349302e-09	4.698212265e-09	
4.998405522e-09	0.9999999836	4.286862948e-09	2.386107359e-09	4.698195303e-09	
4.999148752e-09	0.999999983	4.287484449e-09	2.990360281e-09	4.698886258e-09	
4.998404982e-09	0.9999999836	4.286862484e-09	2.385717784e-09	4.698194802e-09	
4.998424002e-09	0.9999999836	4.286878188e-09	2.399499006e-09	4.698212447e-09	
4.998401196e-09	0.9999999836	4.286859235e-09	2.382994319e-09	4.698191291e-09	
4.998401196e-09	0.9999999836	4.286859235e-09	2.382994123e-09	4.69819129e-09	
4.998608588e-09	0.9999999835	4.287031936e-09	2.537694606e-09	4.698384547e-09	
4.998421138e-09	0.9999999836	4.286875808e-09	2.397419567e-09	4.69820979e-09	
4.998405522e-09	0.9999999836	4.286862948e-09	2.386107358e-09	4.698195303e-09	
4.998423554e-09	0.9999999836	4.286877913e-09	2.399166403e-09	4.698212031e-09	
4.998405522e-09	0.9999999836	4.286862948e-09	2.386107359e-09	4.698195303e-09	
4.998424543e-09	0.9999999836	4.286878652e-09	2.399890832e-09	4.698212948e-09	
4.998401737e-09	0.9999999836	4.286859699e-09	2.383383449e-09	4.698191792e-09	
4.998401736e-09	0.9999999836	4.286859699e-09	2.383383254e-09	4.698191792e-09	
4.998609129e-09	0.9999999835	4.2870324e-09	2.538108998e-09	4.698385049e-09	
4.998421679e-09	0.9999999836	4.286876272e-09	2.397811053e-09	4.698210291e-09	
4.998406063e-09	0.9999999836	4.286863412e-09	2.386496997e-09	4.698195805e-09	
4.998424095e-09	0.9999999836	4.286878377e-09	2.399558174e-09	4.698212532e-09	
4.999148752e-09	0.999999983	4.287484449e-09	2.990360281e-09	4.698886258e-09	
4.999144966e-09	0.999999983	4.287481199e-09	2.986946573e-09	4.698882747e-09	
4.999352388e-09	0.9999999828	4.287653925e-09	3.180854502e-09	4.699076032e-09	
4.999164911e-09	0.999999983	4.287497774e-09	3.005027794e-09	4.698901249e-09	
4.999167327e-09	0.999999983	4.28749988e-09	3.007217352e-09	4.69890349e-09	
6.088299215e-08	0.9995143068	5.264429739e-08	0.0004855224918	5.722613022e-08	
5.582677948e-08	0.9995582686	4.81581197e-08	0.0004415749751	5.247361447e-08	
8.047813665e-08	0.9993439252	6.94113229e-08	0.0006558492958	7.564431857e-08	
4.998424002e-09	0.9999999836	4.286878188e-09	2.399499006e-09	4.698212447e-09	
4.998401196e-09	0.9999999836	4.286859235e-09	2.382994319e-09	4.698191291e-09	
4.998401196e-09	0.9999999836	4.286859235e-09	2.382994123e-09	4.69819129e-09	
4.998608588e-09	0.9999999835	4.287031936e-09	2.537694606e-09	4.698384547e-09	
4.998421138e-09	0.9999999836	4.286875808e-09	2.397419567e-09	4.69820979e-09	
4.998405522e-09	0.9999999836	4.286862948e-09	2.386107358e-09	4.698195303e-09	
4.998423554e-09	0.9999999836	4.286877913e-09	2.399166403e-09	4.698212031e-09	
4.998420216e-09	0.9999999836	4.286874939e-09	2.396759612e-09	4.698208935e-09	
4.998627609e-09	0.9999999835	4.287047641e-09	2.55235373e-09	4.698402193e-09	
4.998440159e-09	0.9999999836	4.286891512e-09	2.411268385e-09	4.698227435e-09	
4.998424543e-09	0.9999999836	4.286878652e-09	2.399890831e-09	4.698212948e-09	
4.998442575e-09	0.9999999836	4.286893618e-09	2.413025311e-09	4.698229676e-09	
1.215234021e-08	0.999950214	1.042237769e-08	4.975203612e-05	1.142244291e-08	
4.998397411e-09	0.9999999836	4.286855986e-09	2.380273767e-09	4.69818778e-09	
4.998604803e-09	0.9999999835	4.287028687e-09	2.534797648e-09	4.698381036e-09	
4.998417353e-09	0.9999999836	4.286872559e-09	2.394682743e-09	4.698206279e-09	
4.998401737e-09	0.9999999836	4.286859699e-09	2.383383448e-09	4.698191792e-09	
4.998419769e-09	0.9999999836	4.286874665e-09	2.396427585e-09	4.69820852e-09	
4.998604802e-09	0.9999999835	4.287028687e-09	2.53479744e-09	4.698381036e-09	
4.998417352e-09	0.9999999836	4.286872559e-09	2.394682547e-09	4.698206279e-09	
4.998401736e-09	0.9999999836	4.286859699e-09	2.383383253e-09	4.698191792e-09	
4.998419768e-09	0.9999999836	4.286874664e-09	2.396427388e-09	4.698208519e-09	
4.998624745e-09	0.9999999835	4.287045261e-09	2.550141825e-09	4.698399536e-09	
4.998609129e-09	0.9999999835	4.2870324e-09	2.538108997e-09	4.698385049e-09	
4.998627161e-09	0.9999999835	4.287047366e-09	2.551999939e-09	4.698401777e-09	
7.193039941e-08	0.999506231	6.169056791e-08	0.0004935663933	6.901694036e-08	
1.215275416e-08	0.9999473487	1.042272162e-08	5.261728036e-05	1.14228286e-08	
4.998421679e-09	0.9999999836	4.286876272e-09	2.397811052e-09	4.698210291e-09	
4.998439711e-09	0.9999999836	4.286891237e-09	2.41093415e-09	4.698227019e-09	
1.215233377e-08	0.9999502571	1.042237235e-08	4.970892245e-05	1.142243694e-08	
4.998424095e-09	0.9999999836	4.286878377e-09	2.399558173e-09	4.698212532e-09	
1.215233921e-08	0.9999502209	1.04223771e-08	4.974514015e-05	1.142244198e-08	
4.988590964e-09	4.679630392e-09	4.278441692e-09	2.484666964e-09	0.9999999836	
4.988647325e-09	4.679682524e-09	4.278488567e-09	2.527567293e-09	0.9999999835	
4.988562962e-09	4.679604436e-09	4.27841842e-09	2.463662192e-09	0.9999999836	
4.988585334e-09	4.679625173e-09	4.278437012e-09	2.480428212e-09	0.9999999836	
1.001644803e-08	9.43332729e-09	8.590537528e-09	3.597009093e-05	0.9999640019	
4.988656914e-09	4.679691402e-09	4.278496545e-09	2.534941285e-09	0.9999999835	
4.988585334e-09	4.679625173e-09	4.278437012e-09	2.480428212e-09	0.9999999836	
4.988587834e-09	4.679627491e-09	4.27843909e-09	2.482309737e-09	0.9999999836	
2.36260716e-08	2.216280587e-08	2.026273756e-08	0.0001337342476	0.9998661997	
4.988555347e-09	4.679597375e-09	4.278412052e-09	2.457931213e-09	0.9999999836	
4.988470986e-09	4.679519288e-09	4.278341906e-09	2.395786738e-09	0.9999999837	
4.988493357e-09	4.679540025e-09	4.278360498e-09	2.412090844e-09	0.9999999836	
1.001627328e-08	9.433164994e-09	8.59039241e-09	3.497912681e-05	0.9999649928	
4.988470986e-09	4.679519288e-09	4.278341906e-09	2.395786727e-09	0.9999999837	
4.988564936e-09	4.679606253e-09	4.27842003e-09	2.465102047e-09	0.9999999836	
4.988493357e-09	4.679540025e-09	4.278360498e-09	2.412090844e-09	0.9999999836	
4.988527345e-09	4.679571419e-09	4.27838878e-09	2.437152458e-09	0.9999999836	
4.988549717e-09	4.679592155e-09	4.278407372e-09	2.453738071e-09	0.9999999836	
4.988527345e-09	4.679571419e-09	4.27838878e-09	2.43715245e-09	0.9999999836	
4.988527345e-09	4.679571419e-09	4.27838878e-09	2.437152447e-09	0.9999999836	
4.988621296e-09	4.679658384e-09	4.278466905e-09	2.507664567e-09	0.9999999835	
4.988549717e-09	4.679592155e-09	4.278407372e-09	2.453738071e-09	0.9999999836	
4.988552217e-09	4.679594473e-09	4.27840945e-09	2.455599351e-09	0.9999999836	
2.362593691e-08	2.216268139e-08	2.026262635e-08	0.0001322954179	0.9998676385	
4.988465356e-09	4.679514069e-09	4.278337226e-09	2.391699612e-09	0.9999999837	
4.988442984e-09	4.679493332e-09	4.278318635e-09	2.375533329e-09	0.9999999837	
4.988442984e-09	4.679493332e-09	4.278318635e-09	2.375533326e-09	0.9999999837	
4.988465356e-09	4.679514069e-09	4.278337226e-09	2.391699612e-09	0.9999999837	
4.988467856e-09	4.679516387e-09	4.278339304e-09	2.393513833e-09	0.9999999837	
4.988465356e-09	4.679514069e-09	4.278337226e-09	2.391699604e-09	0.9999999837	
1.001626257e-08	9.433155035e-09	8.590383526e-09	3.491945577e-05	0.9999650525	
4.988465355e-09	4.679514069e-09	4.278337226e-09	2.391699601e-09	0.9999999837	
4.988559305e-09	4.679601033e-09	4.27841535e-09	2.460896672e-09	0.9999999836	
4.988487727e-09	4.679534805e-09	4.278355818e-09	2.407975904e-09	0.9999999836	
4.988490227e-09	4.679537123e-09	4.278357896e-09	2.409802471e-09	0.9999999836	
4.988442984e-09	4.679493332e-09	4.278318635e-09	2.375533318e-09	0.9999999837	
4.988536933e-09	4.679580296e-09	4.278396758e-09	2.444262664e-09	0.9999999836	
4.988465356e-09	4.679514069e-09	4.278337226e-09	2.391699604e-09	0.9999999837	
4.988467856e-09	4.679516387e-09	4.278339304e-09	2.393513824e-09	0.9999999837	
1.001626257e-08	9.433155035e-09	8.590383526e-09	3.491945577e-05	0.9999650525	
1.001626733e-08	9.433159458e-09	8.590387472e-09	3.494594295e-05	0.999965026	
1.977257914e-08	1.8746402e-08	1.695780163e-08	0.9998619692	0.0001379753217	
1.977252931e-08	1.872276532e-08	1.695775975e-08	0.9998625075	0.0001374370325	
2.133878087e-08	2.038498689e-05	1.830101701e-08	0.9998306644	0.000148910998	
1.977275567e-08	1.893116257e-08	1.706673626e-08	0.9998621732	0.0001377709808	
1.977257914e-08	1.8746402e-08	1.695780163e-08	0.9998619692	0.0001379753217	
4.988536933e-09	4.679580296e-09	4.278396758e-09	2.44426266e-09	0.9999999836	
4.988465355e-09	4.679514069e-09	4.278337226e-09	2.391699601e-09	0.9999999837	
4.988467856e-09	4.679516387e-09	4.278339304e-09	2.393513821e-09	0.9999999837	
4.988559305e-09	4.679601033e-09	4.27841535e-09	2.460896672e-09	0.9999999836	
4.988561806e-09	4.679603351e-09	4.278417428e-09	2.462763382e-09	0.9999999836	
2.36259732e-08	2.216271488e-08	2.026265631e-08	0.0001326813289	0.9998672526	
4.988490227e-09	4.679537123e-09	4.278357896e-09	2.409802471e-09	0.9999999836	
1.254522504e-08	1.176824103e-08	1.075931859e-08	0.9999634103	3.655459519e-05	
1.254522504e-08	1.176824236e-08	1.075931859e-08	0.9999634103	3.655459517e-05	
1.254522822e-08	1.176824546e-08	1.075932126e-08	0.9999633936	3.657131723e-05	
1.254522822e-08	1.176824543e-08	1.075932126e-08	0.9999633936	3.657131723e-05	
1.254522822e-08	1.1768244e-08	1.075932126e-08	0.9999633936	3.657131692e-05	
1.254522231e-08	1.176823974e-08	1.07593163e-08	0.9999634246	3.654027831e-05	
1.254522504e-08	1.176824232e-08	1.075931859e-08	0.9999634103	3.655459548e-05	
1.254522231e-08	1.176823974e-08	1.07593163e-08	0.9999634246	3.654027831e-05	
1.254522822e-08	1.176824537e-08	1.075932126e-08	0.9999633936	3.657131723e-05	
1.254523905e-08	1.178536014e-08	1.075933047e-08	0.9999633936	3.657134813e-05	
1.254581744e-08	1.274421144e-08	1.075982062e-08	0.9999634076	3.655631909e-05	
9.846358391e-09	9.236532963e-09	8.444667129e-09	0.9999999631	9.356556211e-09	
9.846361052e-09	9.236535552e-09	8.444669371e-09	0.9999999631	9.360836564e-09	
9.846361052e-09	9.236535532e-09	8.444669371e-09	0.9999999631	9.360836564e-09	
9.846361051e-09	9.236534406e-09	8.44466937e-09	0.9999999631	9.360836485e-09	
9.846356111e-09	9.236530779e-09	8.444665208e-09	0.9999999631	9.352891516e-09	
9.846347135e-09	9.269004055e-09	8.444657762e-09	0.9999999631	9.30561178e-09	
9.846326619e-09	9.236503559e-09	8.444640365e-09	0.9999999632	9.305592314e-09	
9.846358391e-09	9.236532937e-09	8.444667129e-09	0.9999999631	9.356556288e-09	
9.846356111e-09	9.236530779e-09	8.444665208e-09	0.9999999631	9.352891516e-09	
9.846361052e-09	9.236535484e-09	8.444669371e-09	0.9999999631	9.360836564e-09	
9.846369554e-09	9.249968339e-09	8.444676597e-09	0.9999999631	9.360844473e-09	
9.846326619e-09	9.236503502e-09	8.444640365e-09	0.9999999632	9.305592243e-09	
9.846361054e-09	9.236536592e-09	8.444669372e-09	0.9999999631	9.360836559e-09	
9.846361054e-09	9.236536572e-09	8.444669372e-09	0.9999999631	9.360836559e-09	
9.846361052e-09	9.236535445e-09	8.444669371e-09	0.9999999631	9.360836481e-09	
9.846356112e-09	9.236531819e-09	8.444665209e-09	0.9999999631	9.352891511e-09	
9.846347136e-09	9.269005098e-09	8.444657763e-09	0.9999999631	9.305611775e-09	
9.846326621e-09	9.236504599e-09	8.444640366e-09	0.9999999632	9.305592309e-09	
9.846358392e-09	9.236533976e-09	8.44466713e-09	0.9999999631	9.356556283e-09	
9.846356112e-09	9.236531819e-09	8.444665209e-09	0.9999999631	9.352891511e-09	
9.846361054e-09	9.236536523e-09	8.444669372e-09	0.9999999631	9.360836559e-09	
9.84632662e-09	9.236504542e-09	8.444640366e-09	0.9999999632	9.305592238e-09	
9.84682337e-09	1.000254235e-08	8.445061179e-09	0.9999999623	9.356997479e-09	
9.846363715e-09	9.236539162e-09	8.444671614e-09	0.9999999631	9.365118871e-09	
9.846358774e-09	9.236534409e-09	8.444667452e-09	0.9999999631	9.357170188e-09	
9.846349798e-09	9.269007697e-09	8.444660005e-09	0.9999999631	9.309868823e-09	
9.846361054e-09	9.236536566e-09	8.444669372e-09	0.9999999631	9.360836637e-09	
9.846358774e-09	9.236534409e-09	8.444667452e-09	0.9999999631	9.357170188e-09	
9.846363715e-09	9.236539113e-09	8.444671614e-09	0.9999999631	9.365118871e-09	
9.846372217e-09	9.249971973e-09	8.44467884e-09	0.9999999631	9.365126784e-09	
9.846329282e-09	9.236507131e-09	8.444642609e-09	0.9999999632	9.309849277e-09	
9.846826031e-09	1.000254515e-08	8.445063422e-09	0.9999999623	9.361278034e-09	
9.846363714e-09	9.236538015e-09	8.444671613e-09	0.9999999631	9.365118792e-09	
9.846358774e-09	9.236534389e-09	8.444667452e-09	0.9999999631	9.357170188e-09	
9.846349798e-09	9.269007677e-09	8.444660005e-09	0.9999999631	9.309868823e-09	
9.846329282e-09	9.236507169e-09	8.444642609e-09	0.9999999632	9.309849348e-09	
9.846361054e-09	9.236536546e-09	8.444669372e-09	0.9999999631	9.360836637e-09	
9.846358774e-09	9.236534389e-09	8.444667452e-09	0.9999999631	9.357170188e-09	
9.846363715e-09	9.236539093e-09	8.444671614e-09	0.9999999631	9.365118871e-09	
9.846826031e-09	1.000254513e-08	8.445063422e-09	0.9999999623	9.361278034e-09	
9.846358773e-09	9.236533262e-09	8.444667451e-09	0.9999999631	9.357170109e-09	
9.846349796e-09	9.269006546e-09	8.444660004e-09	0.9999999631	9.309868745e-09	
9.846329281e-09	9.236506042e-09	8.444642608e-09	0.9999999632	9.30984927e-09	
9.846361052e-09	9.236535419e-09	8.444669371e-09	0.9999999631	9.360836558e-09	
9.846358773e-09	9.236533262e-09	8.444667451e-09	0.9999999631	9.357170109e-09	
9.846363714e-09	9.236537966e-09	8.444671613e-09	0.9999999631	9.365118792e-09	
9.846372215e-09	9.249970825e-09	8.444678839e-09	0.9999999631	9.365126705e-09	
9.846329281e-09	9.236505984e-09	8.444642607e-09	0.9999999632	9.309849199e-09	
9.846344856e-09	9.269002907e-09	8.444655843e-09	0.9999999631	9.301967034e-09	
9.846324341e-09	9.236502416e-09	8.444638446e-09	0.9999999632	9.301947575e-09	
9.846356112e-09	9.236531793e-09	8.444665209e-09	0.9999999631	9.352891588e-09	
9.846353833e-09	9.236529636e-09	8.444663289e-09	0.9999999631	9.349228251e-09	
9.846358774e-09	9.23653434e-09	8.444667452e-09	0.9999999631	9.357170188e-09	
9.846367275e-09	9.249967194e-09	8.444674677e-09	0.9999999631	9.357178093e-09	
9.846324341e-09	9.236502358e-09	8.444638446e-09	0.9999999632	9.301947504e-09	
9.84682109e-09	1.000253998e-08	8.445059259e-09	0.9999999624	9.353332611e-09	
9.846344856e-09	9.269002907e-09	8.444655843e-09	0.9999999631	9.301967034e-09	
9.846315364e-09	9.268975534e-09	8.444631e-09	0.9999999632	9.254925295e-09	
9.846812113e-09	1.003770635e-08	8.445051812e-09	0.9999999624	9.306050646e-09	
9.846443899e-09	9.319531339e-09	8.44473969e-09	0.999999963	9.410375748e-09	
1.062664601e-08	1.01471468e-05	9.11386185e-09	0.9999898229	1.019622469e-08	
1.086183691e-08	1.336566104e-05	9.36981993e-09	0.9999866039	1.020944634e-08	
9.84644044e-09	9.419947323e-09	8.489282972e-09	0.999999963	9.255042165e-09	
9.846326621e-09	9.236504573e-09	8.444640366e-09	0.9999999632	9.305592386e-09	
9.846324341e-09	9.236502416e-09	8.444638446e-09	0.9999999632	9.301947575e-09	
9.846329282e-09	9.23650712e-09	8.444642609e-09	0.9999999632	9.309849348e-09	
9.846337784e-09	9.249939934e-09	8.444649834e-09	0.9999999631	9.309857214e-09	
9.846294849e-09	9.236475138e-09	8.444613603e-09	0.9999999632	9.254905935e-09	
9.846791597e-09	1.000251051e-08	8.445034415e-09	0.9999999624	9.306031178e-09	
9.846356112e-09	9.236531793e-09	8.444665209e-09	0.9999999631	9.352891588e-09	
9.846361054e-09	9.236536497e-09	8.444669372e-09	0.9999999631	9.360836637e-09	
9.846369555e-09	9.249969354e-09	8.444676598e-09	0.9999999631	9.360844546e-09	
9.846326621e-09	9.236504515e-09	8.444640366e-09	0.9999999632	9.305592315e-09	
9.84682337e-09	1.000254232e-08	8.445061179e-09	0.9999999623	9.356997556e-09	
9.846358774e-09	9.23653434e-09	8.444667452e-09	0.9999999631	9.357170188e-09	
9.846367275e-09	9.249967194e-09	8.444674677e-09	0.9999999631	9.357178093e-09	
9.846324341e-09	9.236502358e-09	8.444638446e-09	0.9999999632	9.301947504e-09	
9.84682109e-09	1.000253998e-08	8.445059259e-09	0.9999999624	9.353332611e-09	
9.846329282e-09	9.236507062e-09	8.444642609e-09	0.9999999632	9.309849277e-09	
9.846826031e-09	1.000254508e-08	8.445063421e-09	0.9999999623	9.361278034e-09	
9.846337783e-09	9.249939876e-09	8.444649834e-09	0.9999999631	9.309857143e-09	
9.846834533e-09	1.001709195e-08	8.445070647e-09	0.9999999623	9.361285943e-09	
9.846374066e-09	9.307553932e-09	8.444680841e-09	0.9999999631	9.309891672e-09	
1.054245864e-08	8.978561875e-06	9.092751355e-09	0.9999909918	9.968043561e-09	
9.846791597e-09	1.000251044e-08	8.445034414e-09	0.9999999624	9.306031107e-09	
9.846582035e-09	9.349300169e-09	8.444856387e-09	0.9999999628	9.605898197e-09	
1.077353909e-08	1.219416257e-05	9.315682248e-09	0.9999877754	1.033670716e-08	
9.846556966e-09	9.465243992e-09	8.444835261e-09	0.9999999628	9.447316855e-09	
9.846489781e-09	9.356499909e-09	8.444778702e-09	0.9999999629	9.447252938e-09	
1.062679475e-08	1.01795589e-05	9.113987498e-09	0.9999897903	1.040807464e-08	
1.086198883e-08	1.340835361e-05	9.36994901e-09	0.999986561	1.042157089e-08	
1.054258204e-08	9.025777344e-06	9.092856298e-09	0.9999909445	1.011511494e-08	
9.846578124e-09	9.499824489e-09	8.444853143e-09	0.9999999628	9.447337116e-09	
9.846578575e-09	9.450036906e-09	8.489400284e-09	0.9999999628	9.447337198e-09	
9.846698048e-09	9.453367466e-09	8.499128835e-09	0.9999999626	9.62924209e-09	
9.846568114e-09	9.483307169e-09	8.444844717e-09	0.9999999628	9.447327472e-09	
9.846594711e-09	9.460768272e-09	8.503245799e-09	0.9999999627	9.447352619e-09	
1.077350631e-08	1.217878101e-05	9.315654369e-09	0.9999877908	1.029637473e-08	
9.846526851e-09	9.453304507e-09	8.444809859e-09	0.9999999628	9.410454561e-09	
9.846459667e-09	9.344697595e-09	8.4447533e-09	0.999999963	9.410390893e-09	
1.062676239e-08	1.016671851e-05	9.1139602e-09	0.9999898032	1.036746372e-08	
1.086195579e-08	1.33914405e-05	9.369920984e-09	0.9999865779	1.038090735e-08	
1.054254992e-08	9.014392306e-06	9.09282905e-09	0.9999909559	1.00756471e-08	
9.846548009e-09	9.487841384e-09	8.444827741e-09	0.9999999628	9.410474743e-09	
9.84654846e-09	9.438116603e-09	8.489374748e-09	0.9999999628	9.410474824e-09	
9.846667933e-09	9.441442962e-09	8.499103269e-09	0.9999999626	9.591669945e-09	
9.846575652e-09	9.471384413e-09	8.499024621e-09	0.9999999628	9.410500327e-09	
9.846582035e-09	9.349300169e-09	8.444856387e-09	0.9999999628	9.605898197e-09	
9.846538e-09	9.4713449e-09	8.444819315e-09	0.9999999628	9.410465136e-09	
9.846564597e-09	9.448834433e-09	8.503220221e-09	0.9999999628	9.410490185e-09	
1.077347725e-08	1.232981231e-05	9.315629659e-09	0.99998764	1.012639296e-08	
1.077340527e-08	1.218815957e-05	9.315568587e-09	0.9999877816	1.012632588e-08	
1.168077922e-08	0.01716686805	1.015895935e-08	0.9828330991	1.097919363e-08	
1.140121899e-08	0.01162096156	9.914119683e-09	0.9883790064	1.071642463e-08	
1.077350111e-08	1.231000319e-05	9.364790217e-09	0.9999876597	1.012641496e-08	
1.077353039e-08	1.235339339e-05	9.375434769e-09	0.9999876163	1.012644197e-08	
1.077353909e-08	1.219416257e-05	9.315682248e-09	0.9999877754	1.033670716e-08	
1.07734892e-08	1.235334185e-05	9.315639871e-09	0.9999876164	1.01264041e-08	
9.846434598e-09	9.460584339e-09	8.444732175e-09	0.999999963	9.255037132e-09	
1.062673399e-08	1.029279812e-05	9.113936253e-09	0.9999896773	1.01963086e-08	
1.05425219e-08	9.126181804e-06	9.092805288e-09	0.9999908443	9.909309682e-09	
9.84652294e-09	9.605503303e-09	8.444806615e-09	0.9999999628	9.255119597e-09	
1.68399869e-08	9.658390957e-05	1.444268888e-08	0.999903369	1.582853161e-08	
9.846523391e-09	9.555161868e-09	8.48935351e-09	0.9999999629	9.255119677e-09	
9.846642864e-09	9.558529479e-09	8.499082008e-09	0.9999999627	9.433323494e-09	
9.846550583e-09	9.588842244e-09	8.499003359e-09	0.9999999628	9.255144759e-09	
9.846556966e-09	9.465243992e-09	8.444835261e-09	0.9999999628	9.447316855e-09	
9.846512931e-09	9.58880224e-09	8.444798189e-09	0.9999999629	9.255110149e-09	
9.846539527e-09	9.566012613e-09	8.503198949e-09	0.9999999628	9.255134784e-09	
1.062666274e-08	1.017454765e-05	9.113876289e-09	0.9999897955	1.019624082e-08	
1.086185391e-08	1.340175289e-05	9.369834693e-09	0.9999865678	1.02094624e-08	
1.054245107e-08	9.021334077e-06	9.092745341e-09	0.9999909491	9.909243677e-09	
9.846456207e-09	9.445384739e-09	8.489296653e-09	0.999999963	9.25505706e-09	
9.846575679e-09	9.44871366e-09	8.499025086e-09	0.9999999628	9.433259671e-09	
9.846483398e-09	9.478678168e-09	8.498946438e-09	0.9999999629	9.255082142e-09	
9.846489781e-09	9.356499909e-09	8.444778702e-09	0.9999999629	9.447252938e-09	
9.846445747e-09	9.478638624e-09	8.44474163e-09	0.999999963	9.255047532e-09	
9.846472343e-09	9.456110822e-09	8.503141999e-09	0.9999999629	9.255072167e-09	
1.155442469e-08	0.01437145234	9.967255594e-09	0.9856285151	1.108641776e-08	
1.12675353e-08	0.009719698264	9.718106595e-09	0.9902802699	1.081114863e-08	
1.062675749e-08	1.027626163e-05	9.162032402e-09	0.9999896938	1.019633072e-08	
1.062678645e-08	1.031248339e-05	9.172446553e-09	0.9999896575	1.019635798e-08	
1.062679475e-08	1.01795589e-05	9.113987498e-09	0.9999897903	1.040807464e-08	
1.062674582e-08	1.031244037e-05	9.113946279e-09	0.9999896576	1.019631986e-08	
1.062677478e-08	1.028793113e-05	9.176974817e-09	0.9999896821	1.019634725e-08	
1.14815502e-08	0.01276332478	9.960359187e-09	0.987236643	1.079193125e-08	
1.086194914e-08	1.36070406e-05	9.369915366e-09	0.9999863625	1.020955128e-08	
1.634244962e-08	0.1203646269	1.409757952e-08	0.8796353273	1.536086899e-08	
1.086195041e-08	1.353572849e-05	9.41934294e-09	0.9999864338	1.020955209e-08	
1.086208215e-08	1.354049895e-05	9.430137127e-09	0.9999864288	1.040613309e-08	
1.086197989e-08	1.358343906e-05	9.430049459e-09	0.9999863861	1.020957927e-08	
1.086198883e-08	1.340835361e-05	9.36994901e-09	0.999986561	1.042157089e-08	
1.086193835e-08	1.35833824e-05	9.369906238e-09	0.9999863862	1.02095411e-08	
1.651140772e-08	0.0843407277	1.424088443e-08	0.915659226	1.551967882e-08	
1.054254519e-08	9.111519597e-06	9.140789907e-09	0.9999908589	9.909331164e-09	
1.054267308e-08	9.114730821e-06	9.151264898e-09	0.9999908555	1.010013154e-08	
1.054257397e-08	9.143635913e-06	9.15117995e-09	0.9999908268	9.909357701e-09	
1.054258204e-08	9.025777344e-06	9.092856298e-09	0.9999909445	1.011511494e-08	
1.054253365e-08	9.143597767e-06	9.092815311e-09	0.9999908269	9.909320645e-09	
1.054256236e-08	9.121866452e-06	9.15569769e-09	0.9999908485	9.909347237e-09	
1.684001714e-08	9.693673681e-05	1.444271436e-08	0.9999030162	1.582855997e-08	
9.846544549e-09	9.590070873e-09	8.489371487e-09	0.9999999628	9.255139526e-09	
9.846664022e-09	9.593450787e-09	8.499100005e-09	0.9999999626	9.433343725e-09	
9.846571741e-09	9.623874297e-09	8.499021356e-09	0.9999999628	9.255164608e-09	
9.846578124e-09	9.499824489e-09	8.444853143e-09	0.9999999628	9.447337116e-09	
9.846560686e-09	9.60096126e-09	8.503216955e-09	0.9999999628	9.255154633e-09	
1.684002647e-08	9.642875053e-05	1.451890798e-08	0.9999035241	1.582856815e-08	
1.684023022e-08	9.646273247e-05	1.453554564e-08	0.9999034898	1.613334067e-08	
1.684006725e-08	9.676861314e-05	1.453540669e-08	0.9999031842	1.582860567e-08	
1.684000286e-08	9.676820947e-05	1.444270239e-08	0.9999031847	1.582854648e-08	
1.684005222e-08	9.653824347e-05	1.454258554e-08	0.9999034145	1.582859225e-08	
9.846664473e-09	9.543172518e-09	8.543933301e-09	0.9999999626	9.433343806e-09	
9.846572192e-09	9.573436582e-09	8.543854238e-09	0.9999999628	9.255164688e-09	
9.846578575e-09	9.450036906e-09	8.489400284e-09	0.9999999628	9.447337198e-09	
9.84653454e-09	9.573396642e-09	8.489363016e-09	0.9999999628	9.255130078e-09	
9.846561137e-09	9.55064363e-09	8.548071968e-09	0.9999999628	9.255154713e-09	
9.846691665e-09	9.576810633e-09	8.553645191e-09	0.9999999626	9.433369371e-09	
9.846698048e-09	9.453367466e-09	8.499128835e-09	0.9999999626	9.62924209e-09	
9.846654013e-09	9.576770679e-09	8.499091524e-09	0.9999999626	9.433334095e-09	
9.846561732e-09	9.607141292e-09	8.499012876e-09	0.9999999628	9.25515516e-09	
9.846588328e-09	9.584308079e-09	8.557788563e-09	0.9999999628	9.255179795e-09	
9.846568114e-09	9.483307169e-09	8.444844717e-09	0.9999999628	9.447327472e-09	
9.846594711e-09	9.460768272e-09	8.503245799e-09	0.9999999627	9.447352619e-09	
9.846550676e-09	9.584268095e-09	8.50320847e-09	0.9999999628	9.255145185e-09	
