7.149488773e-09	6.420265242e-09	0.9999841092	1.587074388e-05	6.534739293e-09	
7.775488694e-09	6.982409015e-09	0.9997612753	0.0002386999924	9.994171563e-09	
7.115406335e-09	6.389659686e-09	0.9999943272	5.652817902e-06	6.504653012e-09	
7.083506013e-09	6.361014501e-09	0.9999998043	1.758193503e-07	6.469764944e-09	
7.123441284e-09	6.396874923e-09	0.9999921291	7.850831188e-06	6.512675286e-09	
7.083511978e-09	6.361019895e-09	0.999999804	1.761158025e-07	6.470109524e-09	
7.08353892e-09	6.361044035e-09	0.9999998027	1.773954537e-07	6.469796738e-09	
7.124128173e-09	6.397491369e-09	0.999992059	7.920111964e-06	7.319533155e-09	
7.12803342e-09	6.401001859e-09	0.9999907984	9.181603886e-06	6.515620026e-09	
7.139101269e-09	6.410937476e-09	0.9999874245	1.255544901e-05	6.52401793e-09	
7.137788372e-09	6.409758372e-09	0.9999878356	1.214429627e-05	6.526906604e-09	
7.153454284e-09	6.423830074e-09	0.9999828167	1.716314418e-05	6.540002523e-09	
7.798770004e-09	7.003315301e-09	0.9995711328	0.0004288423852	1.002473671e-08	
7.13803665e-09	6.40998143e-09	0.9999898223	1.015759615e-05	6.525757902e-09	
7.106065886e-09	6.381272993e-09	0.9999996641	3.15932652e-07	6.490784967e-09	
7.146084636e-09	6.417208373e-09	0.9999858727	1.410720005e-05	6.53379476e-09	
7.106098889e-09	6.381302613e-09	0.9999996613	3.187647775e-07	6.490816856e-09	
7.16176755e-09	6.431291515e-09	0.999977419	2.256086809e-05	6.545149647e-09	
7.106073931e-09	6.381280215e-09	0.9999996634	3.166183503e-07	6.49090089e-09	
7.16045283e-09	6.430110773e-09	0.9999781578	2.182207548e-05	6.548049824e-09	
7.176139785e-09	6.444201382e-09	0.9999691395	3.084031561e-05	6.561161923e-09	
7.763656602e-09	6.971784019e-09	0.9998471902	0.0001527850648	9.981236152e-09	
7.771978937e-09	6.979257307e-09	0.9997877942	0.0002121811021	9.992974438e-09	
1.48747484e-08	1.740796763e-08	0.9355557668	0.06444418229	1.863530984e-08	
7.731177523e-09	6.942617686e-09	0.999995141	4.831256341e-06	1.303931829e-08	
7.772714344e-09	6.979917286e-09	0.9997859209	0.0002140531383	1.123098766e-08	
7.776719802e-09	6.983518086e-09	0.9997518365	0.0002481387398	9.997146555e-09	
7.788111027e-09	6.993743782e-09	0.9996606859	0.0003392892783	1.000915288e-08	
7.786762091e-09	6.992532306e-09	0.9996717931	0.0003281820986	1.001369183e-08	
7.802833234e-09	7.006968225e-09	0.9995362265	0.0004637486576	1.003247347e-08	
7.072119625e-09	6.350789713e-09	0.9999998676	1.125272942e-07	6.460836351e-09	
7.112010351e-09	6.386610138e-09	0.9999949553	5.024675784e-06	6.503705443e-09	
7.07212558e-09	6.350795099e-09	0.9999998674	1.127170286e-07	6.461180455e-09	
7.073241446e-09	6.351795668e-09	0.9999998637	1.143861643e-07	8.484632693e-09	
7.072152483e-09	6.350819203e-09	0.9999998666	1.135360265e-07	6.460868105e-09	
7.112696316e-09	6.387225753e-09	0.9999949102	5.069016876e-06	7.309452217e-09	
7.116598528e-09	6.390733513e-09	0.9999941036	5.876397505e-06	6.506649244e-09	
7.127657278e-09	6.400660966e-09	0.9999919442	8.035730986e-06	6.515043498e-09	
7.072127634e-09	6.350796903e-09	0.9999998673	1.127715228e-07	6.460951742e-09	
7.12634543e-09	6.399482804e-09	0.9999922074	7.772584103e-06	6.517927235e-09	
7.080120945e-09	6.357974754e-09	0.9999998238	1.562821781e-07	6.46881852e-09	
7.040381506e-09	6.322290208e-09	0.9999999767	3.505814037e-09	6.426491059e-09	
7.041492375e-09	6.323286297e-09	0.9999999746	3.55772882e-09	8.439079608e-09	
7.084694396e-09	6.362084891e-09	0.9999997973	1.827733766e-07	6.471751871e-09	
7.095718415e-09	6.371981173e-09	0.9999997301	2.499355698e-07	6.480114662e-09	
7.040383551e-09	6.322292005e-09	0.9999999767	3.507508961e-09	6.426263574e-09	
7.080126907e-09	6.357980145e-09	0.9999998235	1.565456884e-07	6.46916305e-09	
7.08124403e-09	6.358981842e-09	0.9999998192	1.588638473e-07	8.495115196e-09	
7.12072982e-09	6.394439693e-09	0.9999929391	7.040029506e-06	7.318468721e-09	
7.124634203e-09	6.397949405e-09	0.9999918186	8.161345651e-06	6.514673413e-09	
7.135699449e-09	6.407882688e-09	0.9999888196	1.116029387e-05	6.523072543e-09	
7.080128963e-09	6.357981952e-09	0.9999998235	1.56621372e-07	6.468934053e-09	
7.134386851e-09	6.406703852e-09	0.9999891851	1.079482772e-05	6.525960501e-09	
7.041498306e-09	6.32329166e-09	0.9999999746	3.563727573e-09	8.439529076e-09	
7.040414224e-09	6.322319572e-09	0.9999999767	3.537241331e-09	6.42652265e-09	
7.080810101e-09	6.358593275e-09	0.9999998214	1.579271588e-07	7.270630665e-09	
7.084700361e-09	6.362090286e-09	0.999999797	1.830815541e-07	6.472096557e-09	
7.095724389e-09	6.371986575e-09	0.9999997297	2.503569907e-07	6.480459792e-09	
7.040389481e-09	6.322297368e-09	0.9999999767	3.513423037e-09	6.426605838e-09	
7.110022303e-09	6.384829674e-09	0.9999996378	3.422364687e-07	6.496366999e-09	
1.453360485e-08	1.700875106e-08	0.9973579632	0.002641992322	1.294873233e-08	
1.455213068e-08	1.703043242e-08	0.9950725646	0.004927390805	1.296750963e-08	
1.137645962e-07	0.001562000439	0.2013730334	0.7970647538	9.862106132e-08	
3.811762769e-07	3.049074081e-05	0.3106550609	0.6893140494	1.782935488e-08	
9.215194734e-05	6.813206906e-05	0.9993500902	0.0004896035065	2.225216149e-08	
2.124276035e-08	2.768207387e-05	0.1924611939	0.8075110846	1.817066172e-08	
3.436829168e-08	2.271166458e-08	0.2269847135	0.7730152129	1.649880397e-08	
2.212995041e-05	3.039226358e-06	0.0001291580089	0.9998456532	1.957664495e-08	
1.858285178e-08	2.211692785e-08	0.3282637685	0.6717361747	1.602778691e-08	
1.914792199e-08	2.315517005e-08	0.1433053012	0.8566946396	1.687707981e-08	
7.041525098e-09	6.323315665e-09	0.9999999746	3.589621496e-09	8.439121093e-09	
7.085818204e-09	6.363092628e-09	0.9999997923	1.857926613e-07	8.498967388e-09	
7.041500351e-09	6.323293457e-09	0.9999999746	3.565450495e-09	8.439230333e-09	
7.095535979e-09	6.371815777e-09	0.9999997323	2.457443929e-07	8.513714301e-09	
7.111144124e-09	6.385835583e-09	0.9999996307	3.473043718e-07	8.530838601e-09	
7.084727308e-09	6.362114429e-09	0.9999997957	1.844118182e-07	6.471783675e-09	
7.095751374e-09	6.372010753e-09	0.9999997279	2.521760755e-07	6.480146503e-09	
7.040416269e-09	6.322321369e-09	0.9999999767	3.538951448e-09	6.426295164e-09	
7.110049338e-09	6.384853897e-09	0.9999996353	3.447231463e-07	6.496052937e-09	
7.125321189e-09	6.398565937e-09	0.9999917458	8.233366584e-06	7.321778812e-09	
7.080812157e-09	6.358595081e-09	0.9999998213	1.580035103e-07	7.270373299e-09	
7.135074611e-09	6.407321079e-09	0.999989089	1.089008793e-05	7.33446409e-09	
7.150738274e-09	6.421390758e-09	0.9999845885	1.539061976e-05	7.349184142e-09	
7.140295483e-09	6.412013128e-09	0.9999869279	1.305203712e-05	6.526018323e-09	
7.084702418e-09	6.362092094e-09	0.9999997969	1.831700669e-07	6.471867457e-09	
7.138982482e-09	6.41083393e-09	0.9999873553	1.262462284e-05	6.52890799e-09	
7.154649595e-09	6.424906718e-09	0.9999821379	1.784197076e-05	6.542006625e-09	
7.095726449e-09	6.371988385e-09	0.9999997296	2.504780284e-07	6.480230396e-09	
7.150058286e-09	6.420776686e-09	0.9999827163	1.726360772e-05	6.537314749e-09	
7.165735968e-09	6.434858963e-09	0.9999755818	2.439805115e-05	6.550417692e-09	
7.094418669e-09	6.370813877e-09	0.9999997378	2.422755377e-07	6.48309707e-09	
7.110024367e-09	6.384831488e-09	0.9999996376	3.424019265e-07	6.49613704e-09	
7.16442095e-09	6.433677954e-09	0.9999763808	2.359909838e-05	6.553320598e-09	
5.221449771e-09	0.9999999839	3.494681112e-09	2.57972704e-09	4.762299941e-09	
5.221453226e-09	0.9999999839	3.495528696e-09	2.581630438e-09	4.762302935e-09	
5.221519284e-09	0.9999999839	3.514097954e-09	2.586590713e-09	4.762324357e-09	
5.221453467e-09	0.9999999839	3.495585262e-09	2.581757466e-09	4.762303135e-09	
5.221453226e-09	0.9999999839	3.495528696e-09	2.581630438e-09	4.762302935e-09	
5.22145362e-09	0.9999999839	3.495649389e-09	2.581902587e-09	4.762303362e-09	
5.347413274e-09	0.9999999832	3.846812253e-09	2.822763459e-09	4.762916683e-09	
5.221453226e-09	0.9999999839	3.495528696e-09	2.581630438e-09	4.762302935e-09	
5.221520307e-09	0.9999999839	3.514512455e-09	2.584897308e-09	4.762322671e-09	
5.221449771e-09	0.9999999839	3.494681103e-09	2.57972704e-09	4.762299941e-09	
5.22144965e-09	0.9999999839	3.494680589e-09	2.579726966e-09	4.762299939e-09	
5.240988984e-09	0.9999999838	3.52716775e-09	2.698937971e-09	4.762477075e-09	
5.221511565e-09	0.9999999839	3.51201592e-09	2.584250043e-09	4.76231982e-09	
5.22145362e-09	0.9999999839	3.495649388e-09	2.581902586e-09	4.762303362e-09	
5.221511198e-09	0.9999999839	3.51179808e-09	2.585781376e-09	4.762321475e-09	
1.380301078e-08	0.9999445333	3.086826271e-05	2.457381928e-05	1.083756178e-08	
5.221391433e-09	0.999999984	3.478275264e-09	2.57711202e-09	4.762283056e-09	
5.22145749e-09	0.9999999839	3.496752867e-09	2.582063614e-09	4.762304477e-09	
5.221391673e-09	0.999999984	3.478331551e-09	2.577238826e-09	4.762283256e-09	
5.221391433e-09	0.999999984	3.478275264e-09	2.57711202e-09	4.762283056e-09	
5.34734999e-09	0.9999999832	3.827824935e-09	2.817823006e-09	4.762896801e-09	
5.221391433e-09	0.999999984	3.478275264e-09	2.57711202e-09	4.762283056e-09	
5.221458513e-09	0.9999999839	3.497165322e-09	2.580373172e-09	4.762302792e-09	
5.221387978e-09	0.999999984	3.477431854e-09	2.575211953e-09	4.762280061e-09	
5.221387857e-09	0.999999984	3.477431343e-09	2.57521188e-09	4.76228006e-09	
5.240926959e-09	0.9999999838	3.509758152e-09	2.694214239e-09	4.762457195e-09	
5.221449771e-09	0.9999999839	3.494681109e-09	2.57972704e-09	4.762299941e-09	
5.221391826e-09	0.999999984	3.47839536e-09	2.577383692e-09	4.762283483e-09	
5.221449404e-09	0.9999999839	3.494464345e-09	2.581255693e-09	4.762301596e-09	
5.221460945e-09	0.9999999839	3.497600953e-09	2.583968736e-09	4.762307472e-09	
6.499434905e-09	0.9999919253	1.620728029e-06	6.441670781e-06	5.774600794e-09	
5.221395128e-09	0.999999984	3.47917517e-09	2.579140388e-09	4.76228625e-09	
5.221394888e-09	0.999999984	3.479118869e-09	2.579013489e-09	4.76228605e-09	
5.221395281e-09	0.999999984	3.479238995e-09	2.579285362e-09	4.762286477e-09	
5.347353528e-09	0.9999999832	3.828753318e-09	2.819902078e-09	4.762899796e-09	
5.221394888e-09	0.999999984	3.479118869e-09	2.579013489e-09	4.76228605e-09	
5.221461967e-09	0.9999999839	3.498013508e-09	2.582277047e-09	4.762305786e-09	
5.221391433e-09	0.999999984	3.478275254e-09	2.57711202e-09	4.762283056e-09	
5.221391312e-09	0.999999984	3.478274743e-09	2.577111946e-09	4.762283055e-09	
5.240930427e-09	0.9999999838	3.510609393e-09	2.696202109e-09	4.76246019e-09	
5.221453226e-09	0.9999999839	3.495528693e-09	2.581630438e-09	4.762302935e-09	
5.221395281e-09	0.999999984	3.479238994e-09	2.579285361e-09	4.762286477e-09	
5.221452859e-09	0.9999999839	3.495311876e-09	2.583160219e-09	4.76230459e-09	
6.499516994e-09	0.9999919043	1.62933777e-06	6.454047499e-06	5.774626648e-09	
5.221461185e-09	0.9999999839	3.497657553e-09	2.584095879e-09	4.762307672e-09	
5.221460945e-09	0.9999999839	3.497600953e-09	2.583968736e-09	4.762307472e-09	
5.221461338e-09	0.9999999839	3.497721717e-09	2.584241131e-09	4.762307899e-09	
5.221460945e-09	0.9999999839	3.497600953e-09	2.583968736e-09	4.762307472e-09	
5.221528025e-09	0.9999999839	3.516595966e-09	2.587238565e-09	4.762327208e-09	
5.22145749e-09	0.9999999839	3.496752857e-09	2.582063614e-09	4.762304477e-09	
5.221457369e-09	0.9999999839	3.496752343e-09	2.58206354e-09	4.762304476e-09	
5.221519284e-09	0.9999999839	3.514097951e-09	2.586590713e-09	4.762324357e-09	
5.221461338e-09	0.9999999839	3.497721717e-09	2.584241131e-09	4.762307899e-09	
5.221518916e-09	0.9999999839	3.513879983e-09	2.588123433e-09	4.762326012e-09	
1.380303062e-08	0.9999444927	3.088656112e-05	2.459607589e-05	1.083757166e-08	
6.499435201e-09	0.999991925	1.620754256e-06	6.441987738e-06	5.774601035e-09	
6.499434905e-09	0.9999919253	1.620728029e-06	6.441670781e-06	5.774600794e-09	
6.49943539e-09	0.9999919246	1.620783988e-06	6.442349841e-06	5.774601308e-09	
6.499434905e-09	0.9999919253	1.620728029e-06	6.441670781e-06	5.774600794e-09	
6.523750151e-09	0.9999916179	1.635397211e-06	6.734373856e-06	5.774810176e-09	
6.49943539e-09	0.9999919246	1.620783987e-06	6.44234984e-06	5.774601308e-09	
6.499506949e-09	0.9999919074	1.628271421e-06	6.452028064e-06	5.774623172e-09	
6.920756236e-08	0.0008321877821	1.728182475e-05	0.9991503995	6.169952275e-08	
0.0001383111659	0.9205738141	0.07907925329	0.00020858811	3.334465152e-08	
5.221395128e-09	0.999999984	3.47917517e-09	2.579140388e-09	4.76228625e-09	
5.221395522e-09	0.999999984	3.479295298e-09	2.579412274e-09	4.762286677e-09	
5.347353775e-09	0.9999999832	3.828815277e-09	2.82004083e-09	4.762899996e-09	
5.221395128e-09	0.999999984	3.47917517e-09	2.579140388e-09	4.76228625e-09	
5.221462208e-09	0.9999999839	3.498070115e-09	2.582404107e-09	4.762305986e-09	
5.221391673e-09	0.999999984	3.478331542e-09	2.577238825e-09	4.762283256e-09	
5.221391552e-09	0.999999984	3.47833103e-09	2.577238752e-09	4.762283255e-09	
5.240930668e-09	0.9999999838	3.510666203e-09	2.696334775e-09	4.76246039e-09	
5.221453467e-09	0.9999999839	3.495585259e-09	2.581757466e-09	4.762303135e-09	
5.221453099e-09	0.9999999839	3.495368439e-09	2.583287322e-09	4.76230479e-09	
5.221395281e-09	0.999999984	3.479238995e-09	2.579285362e-09	4.762286477e-09	
5.347353528e-09	0.9999999832	3.828753318e-09	2.819902078e-09	4.762899796e-09	
5.221394888e-09	0.999999984	3.479118869e-09	2.579013489e-09	4.76228605e-09	
5.221461967e-09	0.9999999839	3.498013508e-09	2.582277047e-09	4.762305786e-09	
5.221391433e-09	0.999999984	3.478275254e-09	2.57711202e-09	4.762283056e-09	
5.221391312e-09	0.999999984	3.478274743e-09	2.577111946e-09	4.762283055e-09	
5.240930427e-09	0.9999999838	3.510609393e-09	2.696202109e-09	4.76246019e-09	
5.221453226e-09	0.9999999839	3.495528693e-09	2.581630438e-09	4.762302935e-09	
5.221395281e-09	0.999999984	3.479238994e-09	2.579285361e-09	4.762286477e-09	
5.221452859e-09	0.9999999839	3.495311876e-09	2.583160219e-09	4.76230459e-09	
5.221395281e-09	0.999999984	3.479238995e-09	2.579285362e-09	4.762286477e-09	
5.221462361e-09	0.9999999839	3.498134286e-09	2.582549264e-09	4.762306213e-09	
5.221391826e-09	0.999999984	3.478395351e-09	2.577383693e-09	4.762283483e-09	
5.221391705e-09	0.999999984	3.47839484e-09	2.577383619e-09	4.762283482e-09	
5.240930822e-09	0.9999999838	3.510730606e-09	2.696486336e-09	4.762460617e-09	
5.22145362e-09	0.9999999839	3.495649386e-09	2.581902587e-09	4.762303362e-09	
5.221395675e-09	0.999999984	3.479359125e-09	2.579557263e-09	4.762286904e-09	
5.221453252e-09	0.9999999839	3.495432561e-09	2.583432529e-09	4.762305017e-09	
5.347353528e-09	0.9999999832	3.828753318e-09	2.819902078e-09	4.762899796e-09	
5.34734999e-09	0.9999999832	3.827824925e-09	2.817823005e-09	4.762896801e-09	
5.367360334e-09	0.9999999831	3.863408486e-09	2.948036512e-09	4.763073958e-09	
5.347413274e-09	0.9999999832	3.84681225e-09	2.822763459e-09	4.762916683e-09	
5.347412898e-09	0.9999999832	3.846573644e-09	2.824436127e-09	4.762918339e-09	
1.142000149e-06	0.9995460051	0.0001408947637	0.0003119047113	5.346423544e-08	
0.0001235710043	0.9996734356	0.0002028643988	9.915647662e-08	2.986563111e-08	
7.009728053e-08	0.9995012868	9.614119553e-05	0.0004024419271	6.001342288e-08	
5.221461967e-09	0.9999999839	3.498013508e-09	2.582277047e-09	4.762305786e-09	
5.221391433e-09	0.999999984	3.478275254e-09	2.57711202e-09	4.762283056e-09	
5.221391312e-09	0.999999984	3.478274743e-09	2.577111946e-09	4.762283055e-09	
5.240930427e-09	0.9999999838	3.510609393e-09	2.696202109e-09	4.76246019e-09	
5.221453226e-09	0.9999999839	3.495528693e-09	2.581630438e-09	4.762302935e-09	
5.221395281e-09	0.999999984	3.479238994e-09	2.579285361e-09	4.762286477e-09	
5.221452859e-09	0.9999999839	3.495311876e-09	2.583160219e-09	4.76230459e-09	
5.221458391e-09	0.9999999839	3.497164798e-09	2.580373098e-09	4.76230279e-09	
5.240997758e-09	0.9999999838	3.529675053e-09	2.699613961e-09	4.762479926e-09	
5.221520307e-09	0.9999999839	3.514512452e-09	2.584897308e-09	4.762322671e-09	
5.221462361e-09	0.9999999839	3.498134286e-09	2.582549263e-09	4.762306213e-09	
5.221519939e-09	0.9999999839	3.514294458e-09	2.586429024e-09	4.762324326e-09	
1.38030335e-08	0.9999445052	3.089020469e-05	2.457997348e-05	1.083756796e-08	
5.221387856e-09	0.999999984	3.477431333e-09	2.57521188e-09	4.76228006e-09	
5.240926959e-09	0.9999999838	3.509758143e-09	2.694214239e-09	4.762457195e-09	
5.221449771e-09	0.9999999839	3.4946811e-09	2.57972704e-09	4.762299941e-09	
5.221391826e-09	0.999999984	3.478395351e-09	2.577383692e-09	4.762283483e-09	
5.221449403e-09	0.9999999839	3.494464335e-09	2.581255693e-09	4.762301596e-09	
5.240926837e-09	0.9999999838	3.509757626e-09	2.694214162e-09	4.762457194e-09	
5.22144965e-09	0.9999999839	3.494680586e-09	2.579726966e-09	4.762299939e-09	
5.221391705e-09	0.999999984	3.478394839e-09	2.577383618e-09	4.762283482e-09	
5.221449282e-09	0.9999999839	3.494463822e-09	2.581255619e-09	4.762301595e-09	
5.240988984e-09	0.9999999838	3.527167747e-09	2.698937971e-09	4.762477075e-09	
5.240930822e-09	0.9999999838	3.510730606e-09	2.696486336e-09	4.762460617e-09	
5.240988615e-09	0.9999999838	3.526948968e-09	2.700537264e-09	4.762478731e-09	
1.442375246e-05	0.9995811575	2.936767798e-05	0.0003749951233	5.590820621e-08	
1.385448217e-08	0.9999433095	3.100139917e-05	2.566436363e-05	1.083790638e-08	
5.22145362e-09	0.9999999839	3.495649385e-09	2.581902586e-09	4.762303362e-09	
5.221511198e-09	0.9999999839	3.511798077e-09	2.585781376e-09	4.762321475e-09	
1.380301078e-08	0.9999445333	3.086826269e-05	2.457381928e-05	1.083756178e-08	
5.221453252e-09	0.9999999839	3.495432561e-09	2.583432528e-09	4.762305017e-09	
1.380300963e-08	0.9999445206	3.086634763e-05	2.458838053e-05	1.083756541e-08	
5.206640477e-09	4.616679641e-09	3.423914652e-09	2.650649887e-09	0.9999999841	
5.187210881e-09	4.616728666e-09	3.423948713e-09	2.703955565e-09	0.9999999841	
5.187125197e-09	4.616647874e-09	3.423892091e-09	2.631386078e-09	0.9999999841	
5.222208506e-09	4.616682223e-09	3.423916762e-09	2.646786001e-09	0.9999999841	
2.01696902e-06	9.337206306e-09	7.010779167e-09	3.712018169e-05	0.9999608465	
5.187226799e-09	4.61673793e-09	3.423955217e-09	2.71241325e-09	0.9999999841	
5.201594104e-09	4.616672749e-09	3.42390974e-09	2.646772041e-09	0.9999999841	
5.261262437e-09	4.616702116e-09	3.423931422e-09	2.648527293e-09	0.999999984	
2.456658414e-08	2.186477584e-08	1.621571566e-08	0.0001428403541	0.999857097	
5.160381585e-09	4.616627848e-09	3.423877504e-09	2.624493236e-09	0.9999999842	
5.160296344e-09	4.616547057e-09	3.423820882e-09	2.554056381e-09	0.9999999842	
5.195198195e-09	4.616581406e-09	3.423845553e-09	2.56900374e-09	0.9999999842	
2.006539061e-06	9.337012686e-09	7.01064108e-09	3.60293543e-05	0.9999619478	
5.160283549e-09	4.616547048e-09	3.423820876e-09	2.554056369e-09	0.9999999842	
5.160397421e-09	4.616637111e-09	3.423884007e-09	2.632702372e-09	0.9999999842	
5.174690414e-09	4.616571932e-09	3.423838531e-09	2.56899019e-09	0.9999999842	
5.141039691e-09	4.616596082e-09	3.423854943e-09	2.605419523e-09	0.9999999842	
5.175811299e-09	4.616630431e-09	3.423879614e-09	2.62066748e-09	0.9999999842	
5.141036996e-09	4.616596079e-09	3.423854941e-09	2.605419523e-09	0.9999999842	
5.141026944e-09	4.616596072e-09	3.423854937e-09	2.605419511e-09	0.9999999842	
5.14114039e-09	4.616686137e-09	3.423918068e-09	2.685647118e-09	0.9999999841	
5.155380047e-09	4.616620957e-09	3.423872592e-09	2.620653657e-09	0.9999999842	
5.214518251e-09	4.616650324e-09	3.423894273e-09	2.622391589e-09	0.9999999841	
2.434835431e-08	2.186456137e-08	1.621556259e-08	0.0001414310029	0.9998585066	
5.175725803e-09	4.61654964e-09	3.423822993e-09	2.550333302e-09	0.9999999842	
5.140952075e-09	4.616515289e-09	3.42379832e-09	2.535494573e-09	0.9999999843	
5.140942022e-09	4.616515282e-09	3.423798316e-09	2.535494562e-09	0.9999999843	
5.155294888e-09	4.616540166e-09	3.423815971e-09	2.55031985e-09	0.9999999843	
5.214432116e-09	4.616569532e-09	3.423837652e-09	2.552011138e-09	0.9999999842	
5.17572309e-09	4.616549638e-09	3.423822991e-09	2.550333301e-09	0.9999999842	
2.012538774e-06	9.337018344e-09	7.010645727e-09	3.597683554e-05	0.9999619943	
5.17571297e-09	4.616549631e-09	3.423822986e-09	2.550333289e-09	0.9999999842	
5.175827182e-09	4.616639694e-09	3.423886117e-09	2.628864649e-09	0.9999999842	
5.190162912e-09	4.616574515e-09	3.423840642e-09	2.565245341e-09	0.9999999842	
5.249700116e-09	4.616603881e-09	3.423862322e-09	2.566946528e-09	0.9999999841	
5.140939328e-09	4.61651528e-09	3.423798314e-09	2.535494561e-09	0.9999999843	
5.141052772e-09	4.616605342e-09	3.423861445e-09	2.613568998e-09	0.9999999842	
5.155292186e-09	4.616540164e-09	3.423815969e-09	2.550319849e-09	0.9999999843	
5.214429382e-09	4.61656953e-09	3.42383765e-09	2.552011138e-09	0.9999999842	
2.004594395e-06	9.336999259e-09	7.010631407e-09	3.597664607e-05	0.9999620024	
2.027589329e-06	9.337058215e-09	7.010675472e-09	3.600050292e-05	0.9999619556	
0.001027715802	2.127903914e-08	2.569895138e-05	0.9987902244	0.0001563395173	
0.0008603325057	2.04870006e-08	1.754317499e-05	0.9989729589	0.000149144965	
0.001103656638	2.734272929e-05	1.176788712e-05	0.9986959784	0.000161254333	
0.004296819682	2.355173116e-06	1.859914348e-08	0.9955545003	0.0001463062635	
0.003925723012	2.061736108e-08	4.999874564e-06	0.9959211956	0.0001480608532	
5.14104272e-09	4.616605335e-09	3.42386144e-09	2.613568986e-09	0.9999999842	
5.155282106e-09	4.616540157e-09	3.423815965e-09	2.550319837e-09	0.9999999843	
5.214419187e-09	4.616569523e-09	3.423837645e-09	2.552011126e-09	0.9999999842	
5.155395867e-09	4.61663022e-09	3.423879096e-09	2.628850783e-09	0.9999999842	
5.214534253e-09	4.616659587e-09	3.423900777e-09	2.630594151e-09	0.9999999841	
2.434841826e-08	2.186459557e-08	1.621558621e-08	0.0001418733213	0.9998580643	
5.228977192e-09	4.616594407e-09	3.423855301e-09	2.566932988e-09	0.9999999842	
1.213398974e-08	1.087738057e-08	8.067054961e-09	0.9999657317	3.423720931e-05	
1.213398973e-08	1.08773832e-08	8.067054952e-09	0.9999657317	3.42372093e-05	
1.213575158e-08	1.087738705e-08	8.067057639e-09	0.9999657169	3.425197982e-05	
1.213575154e-08	1.087738701e-08	8.067057594e-09	0.9999657169	3.425197982e-05	
1.213575155e-08	1.087738416e-08	8.067057603e-09	0.9999657169	3.425197957e-05	
1.213248018e-08	1.087737997e-08	8.067052728e-09	0.9999657444	3.42245621e-05	
1.211293729e-08	1.08773713e-08	8.067045566e-09	0.9999657318	3.423717478e-05	
1.213248018e-08	1.087737997e-08	8.067052728e-09	0.9999657444	3.42245621e-05	
1.211294021e-08	1.087737408e-08	8.067047379e-09	0.999965717	3.425194211e-05	
1.213750394e-08	1.090223394e-08	8.099974981e-09	0.9999657167	3.425211484e-05	
1.213499044e-08	1.243736946e-08	8.094918969e-09	0.9999657273	3.424000298e-05	
9.540090698e-09	8.537349183e-09	6.33162056e-09	0.9999999668	8.760844449e-09	
9.541476058e-09	8.537352327e-09	6.331622762e-09	0.9999999668	8.764624156e-09	
9.541476019e-09	8.537352297e-09	6.331622726e-09	0.9999999668	8.764624156e-09	
9.541476027e-09	8.537350058e-09	6.331622734e-09	0.9999999668	8.764624091e-09	
9.538903724e-09	8.537346541e-09	6.331618734e-09	0.9999999668	8.757608087e-09	
1.11577437e-05	9.926484604e-09	8.416711228e-09	0.9999888145	9.454114547e-09	
9.523509347e-09	8.53731446e-09	6.331594732e-09	0.9999999669	8.715812712e-09	
9.523538663e-09	8.537339844e-09	6.331613192e-09	0.9999999668	8.760835614e-09	
9.538903724e-09	8.537346541e-09	6.331618734e-09	0.9999999668	8.757608087e-09	
9.523541103e-09	8.537342149e-09	6.331614709e-09	0.9999999668	8.764614506e-09	
9.542853809e-09	8.55685395e-09	6.357458725e-09	0.9999999668	8.764658707e-09	
9.541443712e-09	8.537324399e-09	6.331602744e-09	0.9999999669	8.715822192e-09	
9.54147605e-09	8.537354393e-09	6.331622755e-09	0.9999999668	8.764624153e-09	
9.541476011e-09	8.537354364e-09	6.33162272e-09	0.9999999668	8.764624153e-09	
9.541476019e-09	8.537352125e-09	6.331622727e-09	0.9999999668	8.764624088e-09	
9.538903716e-09	8.537348607e-09	6.331618727e-09	0.9999999668	8.757608084e-09	
1.115774369e-05	9.926487007e-09	8.416711218e-09	0.9999888145	9.454114544e-09	
9.523509339e-09	8.537316526e-09	6.331594725e-09	0.9999999669	8.71581271e-09	
9.523538655e-09	8.537341911e-09	6.331613186e-09	0.9999999668	8.760835611e-09	
9.538903716e-09	8.537348607e-09	6.331618727e-09	0.9999999668	8.757608084e-09	
9.523541095e-09	8.537344215e-09	6.331614702e-09	0.9999999668	8.764614504e-09	
9.541443704e-09	8.537326465e-09	6.331602737e-09	0.9999999669	8.715822189e-09	
9.540877507e-09	9.761740488e-09	6.353490311e-09	0.9999999656	8.761559338e-09	
9.542861572e-09	8.537357507e-09	6.331624922e-09	0.9999999668	8.76840549e-09	
9.540288903e-09	8.537351751e-09	6.331620929e-09	0.9999999668	8.761386395e-09	
1.115936394e-05	9.926490646e-09	8.416714132e-09	0.9999888128	9.458193335e-09	
9.524921611e-09	8.537345054e-09	6.331615387e-09	0.9999999668	8.764615314e-09	
9.540288903e-09	8.537351751e-09	6.331620929e-09	0.9999999668	8.761386395e-09	
9.524924051e-09	8.537347359e-09	6.331616904e-09	0.9999999668	8.768395837e-09	
9.544239562e-09	8.556859172e-09	6.357460929e-09	0.9999999668	8.768440057e-09	
9.542829259e-09	8.537329609e-09	6.331604939e-09	0.9999999669	8.719582472e-09	
9.542262981e-09	9.761744083e-09	6.353492521e-09	0.9999999656	8.765339353e-09	
9.542861542e-09	8.537355239e-09	6.331624894e-09	0.9999999668	8.768405425e-09	
9.540288865e-09	8.537351721e-09	6.331620894e-09	0.9999999668	8.761386394e-09	
1.11593639e-05	9.926490612e-09	8.416714085e-09	0.9999888128	9.458193334e-09	
9.524892252e-09	8.53731964e-09	6.331596892e-09	0.9999999669	8.719572988e-09	
9.524921573e-09	8.537345025e-09	6.331615352e-09	0.9999999668	8.764615314e-09	
9.540288865e-09	8.537351721e-09	6.331620894e-09	0.9999999668	8.761386394e-09	
9.524924013e-09	8.53734733e-09	6.331616869e-09	0.9999999668	8.768395837e-09	
9.542262943e-09	9.761744049e-09	6.353492485e-09	0.9999999656	8.765339353e-09	
9.540288873e-09	8.537349483e-09	6.331620901e-09	0.9999999668	8.76138633e-09	
1.115936391e-05	9.926488008e-09	8.416714095e-09	0.9999888128	9.458193265e-09	
9.52489226e-09	8.537317402e-09	6.331596899e-09	0.9999999669	8.719572924e-09	
9.524921581e-09	8.537342786e-09	6.33161536e-09	0.9999999668	8.764615249e-09	
9.540288873e-09	8.537349483e-09	6.331620901e-09	0.9999999668	8.76138633e-09	
9.524924021e-09	8.537345091e-09	6.331616876e-09	0.9999999668	8.768395772e-09	
9.544239532e-09	8.556856899e-09	6.357460901e-09	0.9999999668	8.768439992e-09	
9.542829229e-09	8.537327341e-09	6.331604911e-09	0.9999999669	8.719582407e-09	
1.115635547e-05	9.926483948e-09	8.416708803e-09	0.9999888159	9.450622093e-09	
9.522324428e-09	8.537313884e-09	6.331592899e-09	0.9999999669	8.712592983e-09	
9.522353741e-09	8.537339268e-09	6.33161136e-09	0.9999999669	8.757599252e-09	
9.53771689e-09	8.537345965e-09	6.331616901e-09	0.9999999668	8.754372917e-09	
9.52235618e-09	8.537341573e-09	6.331612876e-09	0.9999999668	8.761376749e-09	
9.541666483e-09	8.556853373e-09	6.357456885e-09	0.9999999668	8.761420933e-09	
9.540256561e-09	8.537323823e-09	6.331600911e-09	0.9999999669	8.712602459e-09	
9.539690435e-09	9.761737467e-09	6.353488479e-09	0.9999999656	8.758322712e-09	
1.115635547e-05	9.926483948e-09	8.416708803e-09	0.9999888159	9.450622093e-09	
1.115932611e-05	9.926458174e-09	8.416687522e-09	0.9999888129	9.405529536e-09	
1.115866391e-05	1.135009995e-08	8.445782982e-09	0.9999888121	9.454885997e-09	
0.002500276538	1.136007016e-08	1.098522227e-05	0.9974887162	1.068536707e-08	
0.003206001568	1.515488111e-05	7.365583964e-06	0.9967714664	1.154782729e-08	
0.9884767556	0.00055652867	0.00171302403	0.009253465245	2.264911565e-07	
2.523186984e-05	1.26973905e-08	2.663004839e-05	0.9999481139	1.149373169e-08	
9.506986072e-09	8.537307187e-09	6.331587358e-09	0.9999999669	8.71580392e-09	
9.522324428e-09	8.537313884e-09	6.331592899e-09	0.9999999669	8.712592983e-09	
9.506988508e-09	8.537309492e-09	6.331588874e-09	0.9999999669	8.719563388e-09	
9.526267647e-09	8.556821219e-09	6.357432785e-09	0.9999999668	8.719607362e-09	
9.52486e-09	8.537291742e-09	6.331576909e-09	0.9999999669	8.671021872e-09	
9.524294788e-09	9.761700785e-09	6.353464394e-09	0.9999999656	8.716523927e-09	
9.522353741e-09	8.537339268e-09	6.33161136e-09	0.9999999669	8.757599252e-09	
9.507017774e-09	8.537334876e-09	6.331607334e-09	0.9999999669	8.764605664e-09	
9.526296972e-09	8.556846661e-09	6.35745132e-09	0.9999999668	8.764649866e-09	
9.524889321e-09	8.537317126e-09	6.331595369e-09	0.9999999669	8.715813399e-09	
9.524324107e-09	9.76172981e-09	6.353482918e-09	0.9999999656	8.761550502e-09	
9.52235618e-09	8.537341573e-09	6.331612876e-09	0.9999999668	8.761376749e-09	
9.541666483e-09	8.556853373e-09	6.357456885e-09	0.9999999668	8.761420933e-09	
9.540256561e-09	8.537323823e-09	6.331600911e-09	0.9999999669	8.712602459e-09	
9.539690435e-09	9.761737467e-09	6.353488479e-09	0.9999999656	8.758322712e-09	
9.524891761e-09	8.537319431e-09	6.331596886e-09	0.9999999669	8.719572872e-09	
9.524326547e-09	9.761732446e-09	6.35348444e-09	0.9999999656	8.765329703e-09	
9.544207207e-09	8.55683118e-09	6.357440829e-09	0.9999999668	8.719616846e-09	
9.543640846e-09	9.784042549e-09	6.379417722e-09	0.9999999655	8.765373908e-09	
1.090874572e-05	9.896061093e-09	8.586699772e-09	0.9999890633	9.442417448e-09	
1.276876579e-08	1.277107253e-05	1.632691887e-05	0.999970878	1.123409461e-08	
9.542230632e-09	9.76171215e-09	6.353472433e-09	0.9999999656	8.716533407e-09	
0.0005659096878	1.1485033e-08	0.015624982	0.9838090852	1.160133333e-08	
6.800731224e-05	1.850392648e-05	0.05566005481	0.9442534195	1.447910959e-08	
2.916040566e-06	1.15073842e-08	0.01689485778	0.9831022035	1.121109611e-08	
0.002918517413	1.173343662e-08	1.63465501e-05	0.9970651131	1.117938166e-08	
0.0007297884623	1.540912388e-05	0.01053639494	0.9887183949	1.260935636e-08	
0.08379541011	0.0002107334428	0.9125755293	0.003418235042	9.210101054e-08	
3.322623199e-06	1.472770027e-05	0.03023073929	0.9697511974	1.293651705e-08	
5.238246194e-05	1.379842031e-08	0.05875109604	0.9411964944	1.326800469e-08	
5.576458495e-06	1.253474967e-08	0.03698559316	0.9630088057	1.218511044e-08	
0.002874403456	1.34275415e-06	1.684705821e-05	0.9971073952	1.157396137e-08	
9.700679145e-06	1.269044313e-08	0.03743969149	0.9625505829	1.221204891e-08	
2.848742116e-06	1.171778789e-08	0.02141061747	0.9785865106	1.142892202e-08	
5.794523926e-05	1.813255956e-05	0.03867276943	0.9612511387	1.405887394e-08	
2.45382378e-06	1.113677619e-08	0.01159321379	0.9884043105	1.075088998e-08	
0.002443909231	1.130006871e-08	1.116216371e-05	0.9975449066	1.06681005e-08	
0.0006129402542	1.488442859e-05	0.007216268555	0.9921558947	1.206870306e-08	
0.1006811112	0.0002912019646	0.8941205632	0.004906997569	1.261068555e-07	
2.807914006e-06	1.431431983e-05	0.02083295966	0.9791499056	1.245852441e-08	
4.467666097e-05	1.353496822e-08	0.04086112028	0.9590941766	1.289576023e-08	
4.722832222e-06	1.220935658e-08	0.02554324838	0.9744520048	1.176034454e-08	
0.002406952253	1.293151243e-06	1.150385291e-05	0.9975802397	1.104455723e-08	
2.889616559e-06	1.345401463e-08	0.04180091128	0.9581961727	1.292779406e-08	
0.002191974381	1.128379108e-08	0.003082513291	0.9947254899	1.114092145e-08	
8.216934773e-06	1.236282027e-08	0.02586065113	0.9741311078	1.178807164e-08	
2.400652994e-06	1.135677323e-08	0.01471312552	0.9852844515	1.097559453e-08	
2.978690751e-07	1.812444441e-05	0.04171588986	0.9582656743	1.355351469e-08	
0.0003066365152	1.900828993e-05	4.151478643e-05	0.9996328265	1.390117033e-08	
0.003295837543	0.1278012971	0.8676198926	0.001282929804	4.287281112e-08	
3.253793012e-07	0.02223821885	0.07156039239	0.9062010484	1.499333325e-08	
5.530232164e-07	1.916711676e-05	0.08866099358	0.911319272	1.430165703e-08	
3.24963456e-07	2.028473637e-05	0.139346376	0.8606329992	1.509886145e-08	
0.0002726904244	1.881969649e-05	0.01136723905	0.9883412364	1.439398326e-08	
9.613962223e-07	1.939247731e-05	0.08969074856	0.9102888832	1.432388434e-08	
1.263282425e-05	1.135780478e-08	1.210744074e-05	0.999975238	1.0341802e-08	
3.160708183e-06	1.492438201e-05	0.007808498401	0.9921734048	1.167133666e-08	
1.445445989e-08	1.432803768e-05	0.02250389123	0.9774817543	1.202758433e-08	
2.296174772e-07	1.35263122e-08	0.04406797403	0.9559317704	1.242982234e-08	
3.986224094e-08	0.0001960283778	0.1082292085	0.8915746935	2.970678851e-08	
2.430266487e-08	1.221636757e-08	0.02758138617	0.972418566	1.134919776e-08	
1.244133081e-05	1.29971047e-06	1.247760591e-05	0.9999737706	1.070634935e-08	
1.484954277e-08	1.344382012e-08	0.04507618946	0.9549237698	1.245922495e-08	
1.13248403e-05	1.133573233e-08	0.003341874621	0.9966467784	1.0794722e-08	
4.22816026e-08	1.236964083e-08	0.02792348618	0.9720764478	1.137569933e-08	
1.236417235e-08	1.137335378e-08	0.01590117375	0.9840987919	1.060125921e-08	
0.003133774513	1.507507881e-05	7.484343491e-06	0.9968436545	1.152935256e-08	
0.9881886681	0.0005661923466	0.001780243367	0.00946466494	2.312731863e-07	
1.459199943e-05	1.473599759e-05	2.19620764e-05	0.9999486978	1.209740795e-08	
2.466164603e-05	1.262961595e-08	2.705746421e-05	0.9999482568	1.147451414e-08	
0.01212891085	1.290866929e-06	1.175950586e-08	0.9878697761	1.039913835e-08	
1.534482787e-05	1.415309832e-08	4.502969208e-05	0.9999395985	1.282746819e-08	
0.01108895255	1.1308055e-08	3.163380498e-06	0.9889078622	1.053103075e-08	
4.292045755e-05	1.279233676e-08	2.740219692e-05	0.999929653	1.150514212e-08	
1.239818576e-05	1.161880676e-08	1.541434639e-05	0.9999721653	1.059135494e-08	
0.1150629906	0.346240442	0.534326104	0.004370341976	1.214678944e-07	
3.559488698e-06	0.01887862529	0.01380948362	0.9673083183	1.331084333e-08	
6.111505344e-06	1.643744418e-05	0.01728400788	0.9826934303	1.282628461e-08	
3.759537771e-06	1.821134265e-05	0.02843823479	0.9715397801	1.417600341e-08	
0.002813765699	1.506965566e-05	0.00206909326	0.9951020593	1.205337638e-08	
1.063409987e-05	1.664578519e-05	0.01750060254	0.9824721047	1.285786349e-08	
3.095408956e-06	1.523489393e-05	0.009920104263	0.9900615535	1.192756657e-08	
0.000280319819	0.1770797215	0.820346189	0.002293702977	6.668374718e-08	
0.002760213621	0.0001036208953	0.9957457181	0.001390404716	4.271617183e-08	
0.0001213422951	0.3802766163	0.6192736294	0.0003283861342	2.585210134e-08	
0.0004674095307	0.000149732452	0.9971198533	0.002262942352	6.240199568e-08	
0.9274842437	0.06174709065	0.001748471575	0.009019965867	2.281764205e-07	
0.0001749712033	0.0001009500108	0.9983625959	0.00136144087	4.196953659e-08	
0.638581574	0.0004073465654	0.3542110114	0.006799894066	1.740144884e-07	
0.0008029862407	0.0001497076292	0.996813499	0.002233745381	6.176243623e-08	
3.430497372e-08	0.1894894867	0.1462670692	0.6642433839	2.589004726e-08	
2.745558274e-08	1.55020685e-05	0.04893274201	0.9510517155	1.298445391e-08	
1.434684112e-05	0.001683475734	2.259578385e-05	0.9982795691	1.250295359e-08	
1.65455905e-08	1.682529453e-05	0.07887204138	0.9211111027	1.405859677e-08	
1.304581043e-05	1.466760993e-05	0.006045550108	0.9939267239	1.259308681e-08	
4.775401164e-08	1.569228918e-05	0.04952617122	0.9504580757	1.301122789e-08	
1.4099363e-08	1.45677937e-05	0.02847543194	0.9715099739	1.224259979e-08	
5.820891417e-07	0.0001910764421	0.3059435901	0.6938647228	2.857910923e-08	
4.251339763e-07	1.426508684e-08	0.09340219736	0.9065973502	1.307983532e-08	
0.0002333819039	1.627448932e-06	4.531069181e-05	0.9997196667	1.323143496e-08	
2.4907387e-07	1.505213802e-08	0.146363023	0.8536366991	1.376801435e-08	
0.0002105971656	1.407117712e-08	0.01203038915	0.9877589864	1.322504302e-08	
2.226731247e-07	1.367261905e-08	0.05543716647	0.9445625846	1.257840003e-08	
6.864505153e-08	0.0001922828766	0.2133561387	0.7864514807	2.907499917e-08	
4.237375871e-05	0.02466720543	0.0001163844967	0.9751740032	3.307278531e-08	
3.740974526e-08	0.0001887285244	0.3109944093	0.6888167963	2.846832444e-08	
1.191455458e-07	0.000194234621	0.2154912924	0.7843143248	2.907392635e-08	
3.799852302e-08	0.0001947750823	0.1338334168	0.8659717405	2.955005745e-08	
2.428780468e-05	1.445247345e-06	2.788469017e-05	0.9999463704	1.187898448e-08	
2.746132931e-08	1.41613712e-08	0.09542645821	0.9045734871	1.3095316e-08	
2.201771461e-05	1.255347244e-08	0.007437781893	0.9925401759	1.192801276e-08	
7.979252537e-08	1.329664271e-08	0.06032447391	0.9396754208	1.220127895e-08	
2.367300883e-08	1.240369554e-08	0.03485224255	0.9651477098	1.153618852e-08	
1.51122054e-05	1.619582906e-06	4.640634162e-05	0.9999368486	1.327961796e-08	
0.01092269852	1.294235083e-06	3.260643991e-06	0.9890727357	1.090408204e-08	
4.226984472e-05	1.46386837e-06	2.823996936e-05	0.9999280144	1.191069504e-08	
4.773571516e-08	1.432664963e-08	0.09652652897	0.9034733959	1.311454595e-08	
1.439652864e-08	1.358553799e-08	0.05669006784	0.9433098916	1.260472427e-08	
3.831548331e-05	1.27140349e-08	0.007531847463	0.9924298124	1.195874387e-08	
1.110439655e-05	1.158568997e-08	0.00425077488	0.9957380981	1.104515862e-08	
4.118231226e-08	1.255815448e-08	0.03528125314	0.9647186816	1.156205447e-08	
