5.467094795e-09	5.128500171e-09	0.9999999817	2.603468145e-09	5.138734085e-09	
5.467161107e-09	5.128564257e-09	0.9999999816	2.651709726e-09	5.138795607e-09	
5.467094795e-09	5.128500171e-09	0.9999999817	2.603468132e-09	5.138734085e-09	
5.467094795e-09	5.128500171e-09	0.9999999817	2.603468119e-09	5.138734085e-09	
5.467094795e-09	5.128500171e-09	0.9999999817	2.603468134e-09	5.138734085e-09	
5.467094795e-09	5.128500171e-09	0.9999999817	2.603468136e-09	5.138734085e-09	
5.467094795e-09	5.128500171e-09	0.9999999817	2.603468144e-09	5.138734085e-09	
5.467094795e-09	5.128500171e-09	0.9999999817	2.603468171e-09	5.138734085e-09	
5.467146735e-09	5.128550372e-09	0.9999999816	2.641173761e-09	5.138782271e-09	
5.467094795e-09	5.128500171e-09	0.9999999817	2.603468153e-09	5.138734085e-09	
5.467094795e-09	5.128500171e-09	0.9999999817	2.603468158e-09	5.138734085e-09	
5.467155507e-09	5.128558847e-09	0.9999999816	2.647599213e-09	5.138790411e-09	
5.467161107e-09	5.128564257e-09	0.9999999816	2.651709718e-09	5.138795607e-09	
5.467094795e-09	5.128500171e-09	0.9999999817	2.603468123e-09	5.138734085e-09	
5.467094794e-09	5.128500171e-09	0.9999999817	2.603468111e-09	5.138734085e-09	
5.467094795e-09	5.128500171e-09	0.9999999817	2.603468126e-09	5.138734085e-09	
5.467094795e-09	5.128500171e-09	0.9999999817	2.603468136e-09	5.138734085e-09	
5.467094795e-09	5.128500171e-09	0.9999999817	2.603468145e-09	5.138734085e-09	
5.467094795e-09	5.128500171e-09	0.9999999817	2.603468124e-09	5.138734085e-09	
5.467094795e-09	5.128500171e-09	0.9999999817	2.60346815e-09	5.138734085e-09	
5.467155507e-09	5.128558847e-09	0.9999999816	2.647599205e-09	5.138790411e-09	
5.467161107e-09	5.128564257e-09	0.9999999816	2.651709704e-09	5.138795607e-09	
5.467161107e-09	5.128564257e-09	0.9999999816	2.651709707e-09	5.138795607e-09	
2.026104215e-08	2.199781114e-08	0.9998957406	0.0001041980886	1.904410289e-08	
5.467161107e-09	5.128564257e-09	0.9999999816	2.651709737e-09	5.138795607e-09	
5.467161107e-09	5.128564257e-09	0.9999999816	2.651709744e-09	5.138795607e-09	
5.467213047e-09	5.128614458e-09	0.9999999816	2.690114009e-09	5.138843794e-09	
5.467161107e-09	5.128564257e-09	0.9999999816	2.651709726e-09	5.138795607e-09	
5.467161107e-09	5.128564257e-09	0.9999999816	2.651709731e-09	5.138795607e-09	
5.46722182e-09	5.128622933e-09	0.9999999816	2.696658523e-09	5.138851934e-09	
5.467094794e-09	5.128500171e-09	0.9999999817	2.603468098e-09	5.138734085e-09	
5.467094794e-09	5.128500171e-09	0.9999999817	2.603468113e-09	5.138734085e-09	
5.467094795e-09	5.128500171e-09	0.9999999817	2.603468114e-09	5.138734085e-09	
5.467094795e-09	5.128500171e-09	0.9999999817	2.603468142e-09	5.138734085e-09	
5.467094795e-09	5.128500171e-09	0.9999999817	2.603468123e-09	5.138734085e-09	
5.467094795e-09	5.128500171e-09	0.9999999817	2.60346815e-09	5.138734085e-09	
5.467146734e-09	5.128550371e-09	0.9999999816	2.64117374e-09	5.138782271e-09	
5.467094795e-09	5.128500171e-09	0.9999999817	2.603468132e-09	5.138734085e-09	
5.467094794e-09	5.128500171e-09	0.9999999817	2.603468111e-09	5.138734085e-09	
5.467094795e-09	5.128500171e-09	0.9999999817	2.603468137e-09	5.138734085e-09	
5.467094794e-09	5.128500171e-09	0.9999999817	2.603468101e-09	5.138734085e-09	
5.467094794e-09	5.128500171e-09	0.9999999817	2.603468102e-09	5.138734085e-09	
5.467094795e-09	5.128500171e-09	0.9999999817	2.60346813e-09	5.138734085e-09	
5.467146734e-09	5.128550371e-09	0.9999999816	2.641173727e-09	5.138782271e-09	
5.467094795e-09	5.128500171e-09	0.9999999817	2.603468119e-09	5.138734085e-09	
5.467094794e-09	5.128500171e-09	0.9999999817	2.603468099e-09	5.138734085e-09	
5.467094795e-09	5.128500171e-09	0.9999999817	2.603468117e-09	5.138734085e-09	
5.467094795e-09	5.128500171e-09	0.9999999817	2.603468145e-09	5.138734085e-09	
5.467094795e-09	5.128500171e-09	0.9999999817	2.603468153e-09	5.138734085e-09	
5.467146734e-09	5.128550371e-09	0.9999999816	2.641173742e-09	5.138782271e-09	
5.467094795e-09	5.128500171e-09	0.9999999817	2.603468134e-09	5.138734085e-09	
5.467094795e-09	5.128500171e-09	0.9999999817	2.603468114e-09	5.138734085e-09	
5.467094795e-09	5.128500171e-09	0.9999999817	2.603468139e-09	5.138734085e-09	
5.467094795e-09	5.128500171e-09	0.9999999817	2.603468147e-09	5.138734085e-09	
5.467094795e-09	5.128500171e-09	0.9999999817	2.603468127e-09	5.138734085e-09	
5.467094795e-09	5.128500171e-09	0.9999999817	2.603468154e-09	5.138734085e-09	
5.467146734e-09	5.128550371e-09	0.9999999816	2.641173744e-09	5.138782271e-09	
5.467094795e-09	5.128500171e-09	0.9999999817	2.603468136e-09	5.138734085e-09	
5.467094795e-09	5.128500171e-09	0.9999999817	2.603468115e-09	5.138734085e-09	
5.467155507e-09	5.128558847e-09	0.9999999816	2.647599195e-09	5.138790411e-09	
2.026099728e-08	2.199776069e-08	0.9998961546	0.0001037841242	1.904406135e-08	
2.026102467e-08	2.199779149e-08	0.9998959021	0.0001040365841	1.904408671e-08	
6.395486607e-08	0.000795114053	0.0002240564757	0.9989807054	6.01134786e-08	
1.483741447e-08	1.930777561e-05	5.055191869e-05	0.9999301115	1.394622196e-08	
1.495921322e-08	2.123025815e-05	5.084634836e-05	0.9999278944	1.406070547e-08	
1.451938275e-08	1.429111802e-05	4.934289572e-05	0.9999363378	1.364729282e-08	
1.356095336e-08	1.496300433e-08	4.606860094e-05	0.9999538901	1.274643722e-08	
1.356111718e-08	1.496827709e-08	4.612139148e-05	0.9999538371	1.299186434e-08	
1.356099009e-08	1.501574568e-08	4.61209647e-05	0.9999538377	1.274647109e-08	
1.356097456e-08	1.497999504e-08	4.614373158e-05	0.999953815	1.274645707e-08	
5.467094795e-09	5.128500171e-09	0.9999999817	2.603468155e-09	5.138734085e-09	
5.467146735e-09	5.128550372e-09	0.9999999816	2.641173772e-09	5.138782271e-09	
5.467094795e-09	5.128500171e-09	0.9999999817	2.603468144e-09	5.138734085e-09	
5.467094795e-09	5.128500171e-09	0.9999999817	2.603468169e-09	5.138734085e-09	
5.467155507e-09	5.128558847e-09	0.9999999816	2.647599224e-09	5.138790411e-09	
5.467146734e-09	5.128550372e-09	0.9999999816	2.641173752e-09	5.138782271e-09	
5.467094795e-09	5.128500171e-09	0.9999999817	2.603468144e-09	5.138734085e-09	
5.467094795e-09	5.128500171e-09	0.9999999817	2.603468124e-09	5.138734085e-09	
5.467155507e-09	5.128558847e-09	0.9999999816	2.647599204e-09	5.138790411e-09	
5.467146735e-09	5.128550372e-09	0.9999999816	2.64117378e-09	5.138782271e-09	
5.467094795e-09	5.128500171e-09	0.9999999817	2.603468151e-09	5.138734085e-09	
5.467094795e-09	5.128500171e-09	0.9999999817	2.603468176e-09	5.138734085e-09	
5.467155507e-09	5.128558847e-09	0.9999999816	2.647599232e-09	5.138790411e-09	
5.467146735e-09	5.128550372e-09	0.9999999816	2.641173761e-09	5.138782271e-09	
5.467146734e-09	5.128550371e-09	0.9999999816	2.641173741e-09	5.138782271e-09	
5.467146735e-09	5.128550372e-09	0.9999999816	2.641173766e-09	5.138782271e-09	
5.467207447e-09	5.128609048e-09	0.9999999816	2.685943964e-09	5.138838598e-09	
5.467094795e-09	5.128500171e-09	0.9999999817	2.603468133e-09	5.138734085e-09	
5.467094795e-09	5.128500171e-09	0.9999999817	2.603468158e-09	5.138734085e-09	
5.467155507e-09	5.128558847e-09	0.9999999816	2.647599213e-09	5.138790411e-09	
5.467094795e-09	5.128500171e-09	0.9999999817	2.603468138e-09	5.138734085e-09	
5.467155507e-09	5.128558847e-09	0.9999999816	2.647599192e-09	5.138790411e-09	
5.467155507e-09	5.128558847e-09	0.9999999816	2.647599218e-09	5.138790411e-09	
4.998417352e-09	0.9999999836	4.286872558e-09	2.394682747e-09	4.698206278e-09	
4.998421137e-09	0.9999999836	4.286875807e-09	2.397419566e-09	4.698209789e-09	
4.998442708e-09	0.9999999836	4.286893742e-09	2.413122848e-09	4.6982298e-09	
4.99842139e-09	0.9999999836	4.286876024e-09	2.397602332e-09	4.698210023e-09	
4.998421137e-09	0.9999999836	4.286875807e-09	2.397419566e-09	4.698209789e-09	
4.998421678e-09	0.9999999836	4.286876271e-09	2.397811052e-09	4.69821029e-09	
4.99916491e-09	0.999999983	4.287497774e-09	3.005027813e-09	4.698901248e-09	
4.998421137e-09	0.9999999836	4.286875807e-09	2.397419566e-09	4.698209789e-09	
4.998440158e-09	0.9999999836	4.286891511e-09	2.411268384e-09	4.698227434e-09	
4.998417352e-09	0.9999999836	4.286872558e-09	2.394682742e-09	4.698206278e-09	
4.998417351e-09	0.9999999836	4.286872558e-09	2.394682546e-09	4.698206278e-09	
4.998624744e-09	0.9999999835	4.28704526e-09	2.550141824e-09	4.698399535e-09	
4.998437294e-09	0.9999999836	4.286889131e-09	2.409178746e-09	4.698224777e-09	
4.998421678e-09	0.9999999836	4.286876271e-09	2.397811051e-09	4.69821029e-09	
4.99843971e-09	0.9999999836	4.286891236e-09	2.41093415e-09	4.698227018e-09	
1.215233378e-08	0.9999502571	1.042237236e-08	4.970892251e-05	1.142243695e-08	
4.998401196e-09	0.9999999836	4.286859234e-09	2.382994322e-09	4.69819129e-09	
4.998422766e-09	0.9999999836	4.286877169e-09	2.398603117e-09	4.698211301e-09	
4.998401448e-09	0.9999999836	4.286859451e-09	2.383175989e-09	4.698191524e-09	
4.998401196e-09	0.9999999836	4.286859234e-09	2.382994322e-09	4.69819129e-09	
4.999144965e-09	0.999999983	4.287481199e-09	2.986946598e-09	4.698882747e-09	
4.998401196e-09	0.9999999836	4.286859234e-09	2.382994322e-09	4.69819129e-09	
4.998420216e-09	0.9999999836	4.286874939e-09	2.396759812e-09	4.698208935e-09	
4.99839741e-09	0.9999999836	4.286855986e-09	2.380273966e-09	4.69818778e-09	
4.99839741e-09	0.9999999836	4.286855985e-09	2.380273771e-09	4.698187779e-09	
4.998604802e-09	0.9999999835	4.287028686e-09	2.534797652e-09	4.698381036e-09	
4.998417352e-09	0.9999999836	4.286872558e-09	2.394682747e-09	4.698206278e-09	
4.998401736e-09	0.9999999836	4.286859699e-09	2.383383452e-09	4.698191792e-09	
4.998419768e-09	0.9999999836	4.286874664e-09	2.396427589e-09	4.698208519e-09	
4.998426551e-09	0.9999999836	4.286880418e-09	2.401344418e-09	4.698214811e-09	
6.374651428e-09	0.9999905804	5.667844055e-09	9.401606435e-06	5.991774511e-09	
4.998405233e-09	0.9999999836	4.2868627e-09	2.385899658e-09	4.698195035e-09	
4.998404981e-09	0.9999999836	4.286862483e-09	2.385717784e-09	4.698194801e-09	
4.998405521e-09	0.9999999836	4.286862947e-09	2.386107359e-09	4.698195302e-09	
4.999148751e-09	0.999999983	4.287484448e-09	2.9903603e-09	4.698886258e-09	
4.998404981e-09	0.9999999836	4.286862483e-09	2.385717784e-09	4.698194801e-09	
4.998424001e-09	0.9999999836	4.286878187e-09	2.399499006e-09	4.698212446e-09	
4.998401196e-09	0.9999999836	4.286859234e-09	2.382994318e-09	4.69819129e-09	
4.998401195e-09	0.9999999836	4.286859234e-09	2.382994123e-09	4.698191289e-09	
4.998608587e-09	0.9999999835	4.287031935e-09	2.537694606e-09	4.698384546e-09	
4.998421137e-09	0.9999999836	4.286875807e-09	2.397419566e-09	4.698209789e-09	
4.998405521e-09	0.9999999836	4.286862947e-09	2.386107358e-09	4.698195302e-09	
4.998423553e-09	0.9999999836	4.286877913e-09	2.399166402e-09	4.69821203e-09	
6.374678546e-09	0.9999905188	5.667867418e-09	9.463187093e-06	5.991799662e-09	
4.998426804e-09	0.9999999836	4.286880635e-09	2.401527483e-09	4.698215046e-09	
4.998426551e-09	0.9999999836	4.286880418e-09	2.401344418e-09	4.698214811e-09	
4.998427092e-09	0.9999999836	4.286880882e-09	2.401736544e-09	4.698215313e-09	
4.998426551e-09	0.9999999836	4.286880418e-09	2.401344418e-09	4.698214811e-09	
4.998445572e-09	0.9999999836	4.286896122e-09	2.415215908e-09	4.698232456e-09	
4.998422766e-09	0.9999999836	4.286877169e-09	2.398603113e-09	4.698211301e-09	
4.998422766e-09	0.9999999836	4.286877168e-09	2.398602916e-09	4.6982113e-09	
4.998442708e-09	0.9999999836	4.286893742e-09	2.413122848e-09	4.6982298e-09	
4.998427092e-09	0.9999999836	4.286880882e-09	2.401736543e-09	4.698215313e-09	
4.998445124e-09	0.9999999836	4.286895847e-09	2.414881126e-09	4.69823204e-09	
1.215234596e-08	0.9999501757	1.042238272e-08	4.979029768e-05	1.142244823e-08	
6.374651746e-09	0.9999905796	5.667844338e-09	9.402323154e-06	5.991774806e-09	
6.374651428e-09	0.9999905804	5.667844055e-09	9.401606435e-06	5.991774511e-09	
6.374652108e-09	0.9999905788	5.66784466e-09	9.403141653e-06	5.991775141e-09	
6.374651428e-09	0.9999905804	5.667844055e-09	9.401606435e-06	5.991774511e-09	
6.374907278e-09	0.9999899815	5.668064701e-09	1.000050878e-05	5.992012912e-09	
6.374652108e-09	0.9999905788	5.66784466e-09	9.403141649e-06	5.991775141e-09	
6.374674777e-09	0.9999905274	5.667864155e-09	9.45460408e-06	5.991796166e-09	
4.645919782e-08	0.0005404113365	4.130782286e-08	0.999459457	4.390774216e-08	
2.98123542e-08	0.4185981852	2.66611066e-08	0.5814017303	2.802172221e-08	
4.998405233e-09	0.9999999836	4.2868627e-09	2.385899658e-09	4.698195035e-09	
4.998405774e-09	0.9999999836	4.286863164e-09	2.386289262e-09	4.698195537e-09	
4.999149004e-09	0.999999983	4.287484665e-09	2.990588269e-09	4.698886492e-09	
4.998405233e-09	0.9999999836	4.2868627e-09	2.385899658e-09	4.698195035e-09	
4.998424254e-09	0.9999999836	4.286878404e-09	2.39968193e-09	4.69821268e-09	
4.998401448e-09	0.9999999836	4.286859451e-09	2.383175984e-09	4.698191524e-09	
4.998401447e-09	0.9999999836	4.286859451e-09	2.383175789e-09	4.698191524e-09	
4.99860884e-09	0.9999999835	4.287032152e-09	2.537888066e-09	4.698384781e-09	
4.99842139e-09	0.9999999836	4.286876024e-09	2.397602332e-09	4.698210023e-09	
4.998423806e-09	0.9999999836	4.286878129e-09	2.399349301e-09	4.698212264e-09	
4.998405521e-09	0.9999999836	4.286862947e-09	2.386107359e-09	4.698195302e-09	
4.999148751e-09	0.999999983	4.287484448e-09	2.9903603e-09	4.698886258e-09	
4.998404981e-09	0.9999999836	4.286862483e-09	2.385717784e-09	4.698194801e-09	
4.998424001e-09	0.9999999836	4.286878187e-09	2.399499006e-09	4.698212446e-09	
4.998401196e-09	0.9999999836	4.286859234e-09	2.382994318e-09	4.69819129e-09	
4.998401195e-09	0.9999999836	4.286859234e-09	2.382994123e-09	4.698191289e-09	
4.998608587e-09	0.9999999835	4.287031935e-09	2.537694606e-09	4.698384546e-09	
4.998421137e-09	0.9999999836	4.286875807e-09	2.397419566e-09	4.698209789e-09	
4.998405521e-09	0.9999999836	4.286862947e-09	2.386107358e-09	4.698195302e-09	
4.998423553e-09	0.9999999836	4.286877913e-09	2.399166402e-09	4.69821203e-09	
4.998405521e-09	0.9999999836	4.286862947e-09	2.386107359e-09	4.698195302e-09	
4.998424542e-09	0.9999999836	4.286878652e-09	2.399890831e-09	4.698212947e-09	
4.998401736e-09	0.9999999836	4.286859699e-09	2.383383448e-09	4.698191792e-09	
4.998401736e-09	0.9999999836	4.286859698e-09	2.383383253e-09	4.698191791e-09	
4.998609128e-09	0.9999999835	4.287032399e-09	2.538108998e-09	4.698385048e-09	
4.998421678e-09	0.9999999836	4.286876271e-09	2.397811052e-09	4.69821029e-09	
4.998406062e-09	0.9999999836	4.286863412e-09	2.386496997e-09	4.698195804e-09	
4.998424094e-09	0.9999999836	4.286878377e-09	2.399558173e-09	4.698212531e-09	
4.999148751e-09	0.999999983	4.287484448e-09	2.9903603e-09	4.698886258e-09	
4.999144965e-09	0.999999983	4.287481199e-09	2.986946592e-09	4.698882746e-09	
4.999352387e-09	0.9999999828	4.287653924e-09	3.180854523e-09	4.699076031e-09	
4.99916491e-09	0.999999983	4.287497774e-09	3.005027813e-09	4.698901248e-09	
4.999167326e-09	0.999999983	4.287499879e-09	3.007217372e-09	4.698903489e-09	
6.088299219e-08	0.9995143068	5.264429742e-08	0.0004855224954	5.722613026e-08	
5.582678026e-08	0.9995582686	4.815812037e-08	0.0004415749848	5.24736152e-08	
8.047813673e-08	0.9993439252	6.941132296e-08	0.0006558493008	7.564431863e-08	
4.998424001e-09	0.9999999836	4.286878187e-09	2.399499006e-09	4.698212446e-09	
4.998401196e-09	0.9999999836	4.286859234e-09	2.382994318e-09	4.69819129e-09	
4.998401195e-09	0.9999999836	4.286859234e-09	2.382994123e-09	4.698191289e-09	
4.998608587e-09	0.9999999835	4.287031935e-09	2.537694606e-09	4.698384546e-09	
4.998421137e-09	0.9999999836	4.286875807e-09	2.397419566e-09	4.698209789e-09	
4.998405521e-09	0.9999999836	4.286862947e-09	2.386107358e-09	4.698195302e-09	
4.998423553e-09	0.9999999836	4.286877913e-09	2.399166402e-09	4.69821203e-09	
4.998420215e-09	0.9999999836	4.286874938e-09	2.396759611e-09	4.698208934e-09	
4.998627608e-09	0.9999999835	4.28704764e-09	2.55235373e-09	4.698402192e-09	
4.998440158e-09	0.9999999836	4.286891511e-09	2.411268384e-09	4.698227434e-09	
4.998424542e-09	0.9999999836	4.286878652e-09	2.39989083e-09	4.698212947e-09	
4.998442574e-09	0.9999999836	4.286893617e-09	2.413025311e-09	4.698229675e-09	
1.215234022e-08	0.999950214	1.04223777e-08	4.975203618e-05	1.142244292e-08	
4.99839741e-09	0.9999999836	4.286855985e-09	2.380273766e-09	4.698187779e-09	
4.998604802e-09	0.9999999835	4.287028686e-09	2.534797648e-09	4.698381035e-09	
4.998417352e-09	0.9999999836	4.286872558e-09	2.394682742e-09	4.698206278e-09	
4.998401736e-09	0.9999999836	4.286859699e-09	2.383383447e-09	4.698191792e-09	
4.998419768e-09	0.9999999836	4.286874664e-09	2.396427584e-09	4.698208519e-09	
4.998604801e-09	0.9999999835	4.287028686e-09	2.53479744e-09	4.698381035e-09	
4.998417351e-09	0.9999999836	4.286872558e-09	2.394682546e-09	4.698206278e-09	
4.998401736e-09	0.9999999836	4.286859698e-09	2.383383252e-09	4.698191791e-09	
4.998419767e-09	0.9999999836	4.286874663e-09	2.396427388e-09	4.698208518e-09	
4.998624744e-09	0.9999999835	4.28704526e-09	2.550141824e-09	4.698399535e-09	
4.998609128e-09	0.9999999835	4.287032399e-09	2.538108997e-09	4.698385048e-09	
4.99862716e-09	0.9999999835	4.287047365e-09	2.551999939e-09	4.698401776e-09	
7.193039944e-08	0.999506231	6.169056794e-08	0.0004935663936	6.901694039e-08	
1.215275417e-08	0.9999473487	1.042272163e-08	5.261728043e-05	1.14228286e-08	
4.998421678e-09	0.9999999836	4.286876271e-09	2.397811051e-09	4.69821029e-09	
4.99843971e-09	0.9999999836	4.286891236e-09	2.41093415e-09	4.698227018e-09	
1.215233378e-08	0.9999502571	1.042237236e-08	4.970892251e-05	1.142243695e-08	
4.998424094e-09	0.9999999836	4.286878377e-09	2.399558173e-09	4.698212531e-09	
1.215233921e-08	0.9999502209	1.04223771e-08	4.974514021e-05	1.142244198e-08	
4.988590964e-09	4.679630393e-09	4.278441692e-09	2.484666964e-09	0.9999999836	
4.988647325e-09	4.679682525e-09	4.278488567e-09	2.527567292e-09	0.9999999835	
4.988562962e-09	4.679604437e-09	4.27841842e-09	2.463662191e-09	0.9999999836	
4.988585334e-09	4.679625174e-09	4.278437012e-09	2.480428212e-09	0.9999999836	
1.001644803e-08	9.433327292e-09	8.590537528e-09	3.597009093e-05	0.9999640019	
4.988656914e-09	4.679691403e-09	4.278496545e-09	2.534941285e-09	0.9999999835	
4.988585334e-09	4.679625174e-09	4.278437012e-09	2.480428212e-09	0.9999999836	
4.988587834e-09	4.679627492e-09	4.27843909e-09	2.482309737e-09	0.9999999836	
2.36260716e-08	2.216280587e-08	2.026273756e-08	0.0001337342476	0.9998661997	
4.988555347e-09	4.679597376e-09	4.278412052e-09	2.457931213e-09	0.9999999836	
4.988470986e-09	4.679519289e-09	4.278341906e-09	2.395786738e-09	0.9999999837	
4.988493357e-09	4.679540026e-09	4.278360498e-09	2.412090844e-09	0.9999999836	
1.001627328e-08	9.433164996e-09	8.59039241e-09	3.497912681e-05	0.9999649928	
4.988470986e-09	4.679519289e-09	4.278341906e-09	2.395786727e-09	0.9999999837	
4.988564936e-09	4.679606253e-09	4.27842003e-09	2.465102047e-09	0.9999999836	
4.988493357e-09	4.679540026e-09	4.278360498e-09	2.412090844e-09	0.9999999836	
4.988527345e-09	4.679571419e-09	4.27838878e-09	2.437152458e-09	0.9999999836	
4.988549717e-09	4.679592156e-09	4.278407372e-09	2.453738071e-09	0.9999999836	
4.988527345e-09	4.679571419e-09	4.27838878e-09	2.43715245e-09	0.9999999836	
4.988527345e-09	4.679571419e-09	4.27838878e-09	2.437152447e-09	0.9999999836	
4.988621296e-09	4.679658385e-09	4.278466905e-09	2.507664567e-09	0.9999999835	
4.988549717e-09	4.679592156e-09	4.278407372e-09	2.453738071e-09	0.9999999836	
4.988552217e-09	4.679594474e-09	4.27840945e-09	2.45559935e-09	0.9999999836	
2.362593691e-08	2.216268139e-08	2.026262635e-08	0.0001322954179	0.9998676385	
4.988465356e-09	4.67951407e-09	4.278337226e-09	2.391699612e-09	0.9999999837	
4.988442984e-09	4.679493333e-09	4.278318635e-09	2.375533329e-09	0.9999999837	
4.988442984e-09	4.679493333e-09	4.278318635e-09	2.375533326e-09	0.9999999837	
4.988465356e-09	4.67951407e-09	4.278337226e-09	2.391699612e-09	0.9999999837	
4.988467856e-09	4.679516388e-09	4.278339304e-09	2.393513832e-09	0.9999999837	
4.988465356e-09	4.67951407e-09	4.278337226e-09	2.391699604e-09	0.9999999837	
1.001626257e-08	9.433155037e-09	8.590383526e-09	3.491945577e-05	0.9999650525	
4.988465355e-09	4.67951407e-09	4.278337226e-09	2.391699601e-09	0.9999999837	
4.988559305e-09	4.679601034e-09	4.27841535e-09	2.460896672e-09	0.9999999836	
4.988487727e-09	4.679534806e-09	4.278355818e-09	2.407975904e-09	0.9999999836	
4.988490227e-09	4.679537124e-09	4.278357896e-09	2.40980247e-09	0.9999999836	
4.988442984e-09	4.679493333e-09	4.278318635e-09	2.375533318e-09	0.9999999837	
4.988536933e-09	4.679580297e-09	4.278396758e-09	2.444262663e-09	0.9999999836	
4.988465356e-09	4.67951407e-09	4.278337226e-09	2.391699604e-09	0.9999999837	
4.988467856e-09	4.679516388e-09	4.278339304e-09	2.393513824e-09	0.9999999837	
1.001626257e-08	9.433155037e-09	8.590383526e-09	3.491945577e-05	0.9999650525	
1.001626733e-08	9.43315946e-09	8.590387472e-09	3.494594294e-05	0.999965026	
1.977257914e-08	1.874640201e-08	1.695780163e-08	0.9998619692	0.0001379753217	
1.977252931e-08	1.872276532e-08	1.695775975e-08	0.9998625075	0.0001374370325	
2.133878087e-08	2.038498688e-05	1.830101701e-08	0.9998306644	0.000148910998	
1.977275567e-08	1.893116257e-08	1.706673626e-08	0.9998621732	0.0001377709808	
1.977257914e-08	1.874640201e-08	1.695780163e-08	0.9998619692	0.0001379753217	
4.988536933e-09	4.679580297e-09	4.278396758e-09	2.44426266e-09	0.9999999836	
4.988465355e-09	4.67951407e-09	4.278337226e-09	2.391699601e-09	0.9999999837	
4.988467856e-09	4.679516388e-09	4.278339304e-09	2.393513821e-09	0.9999999837	
4.988559305e-09	4.679601034e-09	4.27841535e-09	2.460896672e-09	0.9999999836	
4.988561806e-09	4.679603352e-09	4.278417428e-09	2.462763381e-09	0.9999999836	
2.36259732e-08	2.216271489e-08	2.026265631e-08	0.0001326813289	0.9998672526	
4.988490227e-09	4.679537124e-09	4.278357896e-09	2.40980247e-09	0.9999999836	
1.254522504e-08	1.176824104e-08	1.075931859e-08	0.9999634103	3.65545952e-05	
1.254522504e-08	1.176824236e-08	1.075931859e-08	0.9999634103	3.655459518e-05	
1.254522822e-08	1.176824546e-08	1.075932127e-08	0.9999633936	3.657131723e-05	
1.254522822e-08	1.176824544e-08	1.075932127e-08	0.9999633936	3.657131723e-05	
1.254522822e-08	1.1768244e-08	1.075932126e-08	0.9999633936	3.657131693e-05	
1.254522231e-08	1.176823975e-08	1.07593163e-08	0.9999634246	3.654027831e-05	
1.254522504e-08	1.176824233e-08	1.075931859e-08	0.9999634103	3.655459548e-05	
1.254522231e-08	1.176823975e-08	1.07593163e-08	0.9999634246	3.654027831e-05	
1.254522822e-08	1.176824538e-08	1.075932127e-08	0.9999633936	3.657131723e-05	
1.254523905e-08	1.178536014e-08	1.075933047e-08	0.9999633936	3.657134813e-05	
1.254581744e-08	1.274421142e-08	1.075982062e-08	0.9999634076	3.655631909e-05	
9.846358391e-09	9.236532965e-09	8.444667129e-09	0.9999999631	9.356556211e-09	
9.846361053e-09	9.236535555e-09	8.444669372e-09	0.9999999631	9.360836565e-09	
9.846361053e-09	9.236535535e-09	8.444669372e-09	0.9999999631	9.360836565e-09	
9.846361052e-09	9.236534408e-09	8.444669371e-09	0.9999999631	9.360836486e-09	
9.846356112e-09	9.236530782e-09	8.444665209e-09	0.9999999631	9.352891516e-09	
9.846347135e-09	9.269004057e-09	8.444657763e-09	0.9999999631	9.305611781e-09	
9.84632662e-09	9.236503562e-09	8.444640366e-09	0.9999999632	9.305592314e-09	
9.846358392e-09	9.236532939e-09	8.444667129e-09	0.9999999631	9.356556289e-09	
9.846356112e-09	9.236530782e-09	8.444665209e-09	0.9999999631	9.352891516e-09	
9.846361053e-09	9.236535486e-09	8.444669372e-09	0.9999999631	9.360836565e-09	
9.846369555e-09	9.249968341e-09	8.444676597e-09	0.9999999631	9.360844474e-09	
9.84632662e-09	9.236503504e-09	8.444640366e-09	0.9999999632	9.305592244e-09	
9.846361054e-09	9.236536595e-09	8.444669373e-09	0.9999999631	9.36083656e-09	
9.846361054e-09	9.236536574e-09	8.444669373e-09	0.9999999631	9.36083656e-09	
9.846361053e-09	9.236535448e-09	8.444669372e-09	0.9999999631	9.360836481e-09	
9.846356113e-09	9.236531822e-09	8.44466521e-09	0.9999999631	9.352891512e-09	
9.846347137e-09	9.2690051e-09	8.444657764e-09	0.9999999631	9.305611776e-09	
9.846326621e-09	9.236504602e-09	8.444640367e-09	0.9999999632	9.30559231e-09	
9.846358393e-09	9.236533979e-09	8.44466713e-09	0.9999999631	9.356556284e-09	
9.846356113e-09	9.236531822e-09	8.44466521e-09	0.9999999631	9.352891512e-09	
9.846361054e-09	9.236536526e-09	8.444669373e-09	0.9999999631	9.36083656e-09	
9.846326621e-09	9.236504544e-09	8.444640367e-09	0.9999999632	9.305592239e-09	
9.84682337e-09	1.000254233e-08	8.44506118e-09	0.9999999623	9.356997479e-09	
9.846363716e-09	9.236539164e-09	8.444671615e-09	0.9999999631	9.365118872e-09	
9.846358775e-09	9.236534411e-09	8.444667452e-09	0.9999999631	9.357170189e-09	
9.846349798e-09	9.269007699e-09	8.444660006e-09	0.9999999631	9.309868824e-09	
9.846361054e-09	9.236536568e-09	8.444669373e-09	0.9999999631	9.360836638e-09	
9.846358775e-09	9.236534411e-09	8.444667452e-09	0.9999999631	9.357170189e-09	
9.846363716e-09	9.236539115e-09	8.444671615e-09	0.9999999631	9.365118872e-09	
9.846372217e-09	9.249971976e-09	8.44467884e-09	0.9999999631	9.365126784e-09	
9.846329283e-09	9.236507134e-09	8.444642609e-09	0.9999999632	9.309849278e-09	
9.846826032e-09	1.000254514e-08	8.445063422e-09	0.9999999623	9.361278035e-09	
9.846363714e-09	9.236538017e-09	8.444671614e-09	0.9999999631	9.365118793e-09	
9.846358775e-09	9.236534391e-09	8.444667452e-09	0.9999999631	9.357170189e-09	
9.846349798e-09	9.269007679e-09	8.444660006e-09	0.9999999631	9.309868824e-09	
9.846329283e-09	9.236507171e-09	8.444642609e-09	0.9999999632	9.309849349e-09	
9.846361054e-09	9.236536548e-09	8.444669373e-09	0.9999999631	9.360836638e-09	
9.846358775e-09	9.236534391e-09	8.444667452e-09	0.9999999631	9.357170189e-09	
9.846363716e-09	9.236539095e-09	8.444671615e-09	0.9999999631	9.365118872e-09	
9.846826032e-09	1.000254511e-08	8.445063422e-09	0.9999999623	9.361278035e-09	
9.846358773e-09	9.236533264e-09	8.444667451e-09	0.9999999631	9.35717011e-09	
9.846349797e-09	9.269006548e-09	8.444660005e-09	0.9999999631	9.309868746e-09	
9.846329281e-09	9.236506044e-09	8.444642608e-09	0.9999999632	9.30984927e-09	
9.846361053e-09	9.236535422e-09	8.444669372e-09	0.9999999631	9.360836559e-09	
9.846358773e-09	9.236533264e-09	8.444667451e-09	0.9999999631	9.35717011e-09	
9.846363714e-09	9.236537969e-09	8.444671614e-09	0.9999999631	9.365118793e-09	
9.846372216e-09	9.249970827e-09	8.444678839e-09	0.9999999631	9.365126705e-09	
9.846329281e-09	9.236505987e-09	8.444642608e-09	0.9999999632	9.309849199e-09	
9.846344857e-09	9.269002909e-09	8.444655843e-09	0.9999999631	9.301967034e-09	
9.846324342e-09	9.236502418e-09	8.444638447e-09	0.9999999632	9.301947576e-09	
9.846356113e-09	9.236531795e-09	8.44466521e-09	0.9999999631	9.352891589e-09	
9.846353834e-09	9.236529638e-09	8.44466329e-09	0.9999999631	9.349228252e-09	
9.846358775e-09	9.236534342e-09	8.444667452e-09	0.9999999631	9.357170189e-09	
9.846367276e-09	9.249967196e-09	8.444674678e-09	0.9999999631	9.357178094e-09	
9.846324342e-09	9.236502361e-09	8.444638447e-09	0.9999999632	9.301947505e-09	
9.846821091e-09	1.000253997e-08	8.445059259e-09	0.9999999624	9.353332612e-09	
9.846344857e-09	9.269002909e-09	8.444655843e-09	0.9999999631	9.301967034e-09	
9.846315365e-09	9.268975536e-09	8.444631e-09	0.9999999632	9.254925296e-09	
9.846812114e-09	1.003770633e-08	8.445051813e-09	0.9999999624	9.306050646e-09	
9.8464439e-09	9.31953134e-09	8.444739691e-09	0.999999963	9.410375749e-09	
1.062664601e-08	1.01471468e-05	9.113861851e-09	0.9999898229	1.019622469e-08	
1.08618369e-08	1.336566083e-05	9.369819917e-09	0.9999866039	1.020944633e-08	
9.84644044e-09	9.419947323e-09	8.489282972e-09	0.999999963	9.255042166e-09	
9.846326621e-09	9.236504575e-09	8.444640367e-09	0.9999999632	9.305592387e-09	
9.846324342e-09	9.236502418e-09	8.444638447e-09	0.9999999632	9.301947576e-09	
9.846329283e-09	9.236507122e-09	8.444642609e-09	0.9999999632	9.309849349e-09	
9.846337784e-09	9.249939936e-09	8.444649835e-09	0.9999999631	9.309857214e-09	
9.84629485e-09	9.236475141e-09	8.444613604e-09	0.9999999632	9.254905936e-09	
9.846791597e-09	1.000251049e-08	8.445034415e-09	0.9999999624	9.306031179e-09	
9.846356113e-09	9.236531795e-09	8.44466521e-09	0.9999999631	9.352891589e-09	
9.846361054e-09	9.2365365e-09	8.444669373e-09	0.9999999631	9.360836638e-09	
9.846369556e-09	9.249969356e-09	8.444676598e-09	0.9999999631	9.360844546e-09	
9.846326621e-09	9.236504518e-09	8.444640367e-09	0.9999999632	9.305592316e-09	
9.84682337e-09	1.00025423e-08	8.44506118e-09	0.9999999623	9.356997557e-09	
9.846358775e-09	9.236534342e-09	8.444667452e-09	0.9999999631	9.357170189e-09	
9.846367276e-09	9.249967196e-09	8.444674678e-09	0.9999999631	9.357178094e-09	
9.846324342e-09	9.236502361e-09	8.444638447e-09	0.9999999632	9.301947505e-09	
9.846821091e-09	1.000253997e-08	8.445059259e-09	0.9999999624	9.353332612e-09	
9.846329283e-09	9.236507065e-09	8.444642609e-09	0.9999999632	9.309849278e-09	
9.846826032e-09	1.000254506e-08	8.445063422e-09	0.9999999623	9.361278035e-09	
9.846337784e-09	9.249939879e-09	8.444649835e-09	0.9999999631	9.309857143e-09	
9.846834534e-09	1.001709194e-08	8.445070648e-09	0.9999999623	9.361285944e-09	
9.846374067e-09	9.307553933e-09	8.444680842e-09	0.9999999631	9.309891672e-09	
1.054245864e-08	8.978561866e-06	9.092751355e-09	0.9999909918	9.968043561e-09	
9.846791597e-09	1.000251043e-08	8.445034415e-09	0.9999999624	9.306031108e-09	
9.846582035e-09	9.34930017e-09	8.444856387e-09	0.9999999628	9.605898198e-09	
1.077353909e-08	1.219416256e-05	9.315682248e-09	0.9999877754	1.033670716e-08	
9.846556966e-09	9.465243993e-09	8.444835262e-09	0.9999999628	9.447316856e-09	
9.846489782e-09	9.35649991e-09	8.444778703e-09	0.9999999629	9.447252939e-09	
1.062679475e-08	1.01795589e-05	9.113987498e-09	0.9999897903	1.040807464e-08	
1.086198881e-08	1.34083534e-05	9.369948998e-09	0.999986561	1.042157088e-08	
1.054258204e-08	9.025777335e-06	9.092856298e-09	0.9999909445	1.011511494e-08	
9.846578124e-09	9.499824489e-09	8.444853144e-09	0.9999999628	9.447337117e-09	
9.846578575e-09	9.450036906e-09	8.489400284e-09	0.9999999628	9.447337199e-09	
9.846698049e-09	9.453367466e-09	8.499128835e-09	0.9999999626	9.629242091e-09	
9.846568115e-09	9.48330717e-09	8.444844718e-09	0.9999999628	9.447327473e-09	
9.846594712e-09	9.460768273e-09	8.503245799e-09	0.9999999627	9.44735262e-09	
1.077350631e-08	1.2178781e-05	9.315654369e-09	0.9999877908	1.029637473e-08	
9.846526852e-09	9.453304508e-09	8.444809859e-09	0.9999999628	9.410454562e-09	
9.846459667e-09	9.344697596e-09	8.444753301e-09	0.999999963	9.410390894e-09	
1.062676239e-08	1.016671851e-05	9.1139602e-09	0.9999898032	1.036746372e-08	
1.086195578e-08	1.339144029e-05	9.369920971e-09	0.9999865779	1.038090734e-08	
1.054254992e-08	9.014392297e-06	9.09282905e-09	0.9999909559	1.00756471e-08	
9.84654801e-09	9.487841384e-09	8.444827742e-09	0.9999999628	9.410474744e-09	
9.846548461e-09	9.438116604e-09	8.489374748e-09	0.9999999628	9.410474825e-09	
9.846667934e-09	9.441442963e-09	8.49910327e-09	0.9999999626	9.591669946e-09	
9.846575652e-09	9.471384414e-09	8.499024621e-09	0.9999999628	9.410500328e-09	
9.846582035e-09	9.34930017e-09	8.444856387e-09	0.9999999628	9.605898198e-09	
9.846538001e-09	9.4713449e-09	8.444819315e-09	0.9999999628	9.410465137e-09	
9.846564597e-09	9.448834434e-09	8.503220222e-09	0.9999999628	9.410490185e-09	
1.077347725e-08	1.232981231e-05	9.315629659e-09	0.99998764	1.012639296e-08	
1.077340527e-08	1.218815956e-05	9.315568587e-09	0.9999877816	1.012632588e-08	
1.16807792e-08	0.01716686778	1.015895934e-08	0.9828330994	1.097919361e-08	
1.140121899e-08	0.01162096154	9.914119683e-09	0.9883790064	1.071642463e-08	
1.077350111e-08	1.231000318e-05	9.364790217e-09	0.9999876597	1.012641496e-08	
1.077353039e-08	1.235339338e-05	9.375434769e-09	0.9999876163	1.012644197e-08	
1.077353909e-08	1.219416256e-05	9.315682248e-09	0.9999877754	1.033670716e-08	
1.07734892e-08	1.235334184e-05	9.315639871e-09	0.9999876164	1.01264041e-08	
9.846434599e-09	9.46058434e-09	8.444732175e-09	0.999999963	9.255037132e-09	
1.062673399e-08	1.029279811e-05	9.113936253e-09	0.9999896773	1.01963086e-08	
1.05425219e-08	9.126181795e-06	9.092805288e-09	0.9999908443	9.909309682e-09	
9.846522941e-09	9.605503304e-09	8.444806616e-09	0.9999999628	9.255119598e-09	
1.683998689e-08	9.658390945e-05	1.444268887e-08	0.999903369	1.58285316e-08	
9.846523392e-09	9.555161869e-09	8.489353511e-09	0.9999999629	9.255119678e-09	
9.846642865e-09	9.558529479e-09	8.499082008e-09	0.9999999627	9.433323494e-09	
9.846550583e-09	9.588842244e-09	8.49900336e-09	0.9999999628	9.25514476e-09	
9.846556966e-09	9.465243993e-09	8.444835262e-09	0.9999999628	9.447316856e-09	
9.846512932e-09	9.588802241e-09	8.44479819e-09	0.9999999629	9.25511015e-09	
9.846539528e-09	9.566012615e-09	8.50319895e-09	0.9999999628	9.255134785e-09	
1.062666274e-08	1.017454765e-05	9.11387629e-09	0.9999897955	1.019624082e-08	
1.08618539e-08	1.340175268e-05	9.36983468e-09	0.9999865678	1.020946239e-08	
1.054245107e-08	9.021334068e-06	9.092745341e-09	0.9999909491	9.909243677e-09	
9.846456208e-09	9.44538474e-09	8.489296654e-09	0.999999963	9.255057061e-09	
9.846575679e-09	9.44871366e-09	8.499025086e-09	0.9999999628	9.433259672e-09	
9.846483399e-09	9.478678169e-09	8.498946438e-09	0.9999999629	9.255082142e-09	
9.846489782e-09	9.35649991e-09	8.444778703e-09	0.9999999629	9.447252939e-09	
9.846445747e-09	9.478638625e-09	8.444741631e-09	0.999999963	9.255047533e-09	
9.846472344e-09	9.456110824e-09	8.503142e-09	0.9999999629	9.255072168e-09	
1.155442468e-08	0.01437145211	9.967255583e-09	0.9856285153	1.108641775e-08	
1.12675353e-08	0.009719698248	9.718106595e-09	0.99028027	1.081114863e-08	
1.062675749e-08	1.027626163e-05	9.162032402e-09	0.9999896938	1.019633072e-08	
1.062678645e-08	1.031248339e-05	9.172446553e-09	0.9999896575	1.019635798e-08	
1.062679475e-08	1.01795589e-05	9.113987498e-09	0.9999897903	1.040807464e-08	
1.062674582e-08	1.031244037e-05	9.113946279e-09	0.9999896576	1.019631986e-08	
1.062677478e-08	1.028793113e-05	9.176974818e-09	0.9999896821	1.019634725e-08	
1.148155019e-08	0.01276332457	9.960359175e-09	0.9872366432	1.079193124e-08	
1.086194912e-08	1.360704039e-05	9.369915354e-09	0.9999863625	1.020955126e-08	
1.634244963e-08	0.1203646251	1.409757952e-08	0.8796353291	1.536086899e-08	
1.086195039e-08	1.353572828e-05	9.419342928e-09	0.9999864338	1.020955208e-08	
1.086208214e-08	1.354049874e-05	9.430137115e-09	0.9999864288	1.040613308e-08	
1.086197987e-08	1.358343885e-05	9.430049446e-09	0.9999863861	1.020957926e-08	
1.086198881e-08	1.34083534e-05	9.369948998e-09	0.999986561	1.042157088e-08	
1.086193834e-08	1.358338219e-05	9.369906226e-09	0.9999863862	1.020954108e-08	
1.651140771e-08	0.08434072752	1.424088443e-08	0.9156592262	1.551967881e-08	
1.054254519e-08	9.111519588e-06	9.140789907e-09	0.9999908589	9.909331164e-09	
1.054267308e-08	9.114730812e-06	9.151264898e-09	0.9999908555	1.010013154e-08	
1.054257397e-08	9.143635903e-06	9.15117995e-09	0.9999908268	9.909357701e-09	
1.054258204e-08	9.025777335e-06	9.092856298e-09	0.9999909445	1.011511494e-08	
1.054253365e-08	9.143597758e-06	9.092815311e-09	0.9999908269	9.909320645e-09	
1.054256236e-08	9.121866443e-06	9.15569769e-09	0.9999908485	9.909347237e-09	
1.684001714e-08	9.693673668e-05	1.444271436e-08	0.9999030162	1.582855997e-08	
9.84654455e-09	9.590070873e-09	8.489371488e-09	0.9999999628	9.255139527e-09	
9.846664023e-09	9.593450787e-09	8.499100006e-09	0.9999999626	9.433343726e-09	
9.846571742e-09	9.623874297e-09	8.499021357e-09	0.9999999628	9.255164609e-09	
9.846578124e-09	9.499824489e-09	8.444853144e-09	0.9999999628	9.447337117e-09	
9.846560686e-09	9.600961261e-09	8.503216956e-09	0.9999999628	9.255154634e-09	
1.684002646e-08	9.64287504e-05	1.451890797e-08	0.9999035241	1.582856814e-08	
1.684023021e-08	9.646273235e-05	1.453554563e-08	0.9999034898	1.613334066e-08	
1.684006724e-08	9.676861301e-05	1.453540668e-08	0.9999031842	1.582860566e-08	
1.684000286e-08	9.676820935e-05	1.444270238e-08	0.9999031847	1.582854647e-08	
1.684005221e-08	9.653824335e-05	1.454258553e-08	0.9999034145	1.582859225e-08	
9.846664474e-09	9.543172518e-09	8.543933302e-09	0.9999999626	9.433343807e-09	
9.846572193e-09	9.573436582e-09	8.543854238e-09	0.9999999628	9.255164688e-09	
9.846578575e-09	9.450036906e-09	8.489400284e-09	0.9999999628	9.447337199e-09	
9.846534541e-09	9.573396643e-09	8.489363017e-09	0.9999999628	9.255130079e-09	
9.846561137e-09	9.550643631e-09	8.548071969e-09	0.9999999628	9.255154714e-09	
9.846691666e-09	9.576810633e-09	8.553645192e-09	0.9999999626	9.433369372e-09	
9.846698049e-09	9.453367466e-09	8.499128835e-09	0.9999999626	9.629242091e-09	
9.846654014e-09	9.57677068e-09	8.499091525e-09	0.9999999626	9.433334096e-09	
9.846561732e-09	9.607141292e-09	8.499012877e-09	0.9999999628	9.255155161e-09	
9.846588329e-09	9.58430808e-09	8.557788563e-09	0.9999999628	9.255179796e-09	
9.846568115e-09	9.48330717e-09	8.444844718e-09	0.9999999628	9.447327473e-09	
9.846594712e-09	9.460768273e-09	8.503245799e-09	0.9999999627	9.44735262e-09	
9.846550677e-09	9.584268095e-09	8.503208471e-09	0.9999999628	9.255145186e-09	
