5.467094796e-09	5.1284961e-09	0.9999999817	2.603468961e-09	5.138734086e-09	
5.467161108e-09	5.128560187e-09	0.9999999816	2.651710597e-09	5.138795609e-09	
5.467094796e-09	5.1284961e-09	0.9999999817	2.603468948e-09	5.138734086e-09	
5.467094796e-09	5.1284961e-09	0.9999999817	2.603468936e-09	5.138734086e-09	
5.467094796e-09	5.1284961e-09	0.9999999817	2.603468951e-09	5.138734086e-09	
5.467094796e-09	5.1284961e-09	0.9999999817	2.603468952e-09	5.138734086e-09	
5.467094796e-09	5.1284961e-09	0.9999999817	2.60346896e-09	5.138734086e-09	
5.467094796e-09	5.1284961e-09	0.9999999817	2.603468987e-09	5.138734087e-09	
5.467146736e-09	5.128546301e-09	0.9999999816	2.64117462e-09	5.138782273e-09	
5.467094796e-09	5.1284961e-09	0.9999999817	2.603468969e-09	5.138734086e-09	
5.467094796e-09	5.1284961e-09	0.9999999817	2.603468974e-09	5.138734087e-09	
5.467155508e-09	5.128554777e-09	0.9999999816	2.647600079e-09	5.138790412e-09	
5.467161108e-09	5.128560187e-09	0.9999999816	2.651710589e-09	5.138795609e-09	
5.467094796e-09	5.1284961e-09	0.9999999817	2.60346894e-09	5.138734086e-09	
5.467094796e-09	5.1284961e-09	0.9999999817	2.603468927e-09	5.138734086e-09	
5.467094796e-09	5.1284961e-09	0.9999999817	2.603468942e-09	5.138734086e-09	
5.467094796e-09	5.1284961e-09	0.9999999817	2.603468952e-09	5.138734086e-09	
5.467094796e-09	5.1284961e-09	0.9999999817	2.603468961e-09	5.138734086e-09	
5.467094796e-09	5.1284961e-09	0.9999999817	2.603468941e-09	5.138734086e-09	
5.467094796e-09	5.1284961e-09	0.9999999817	2.603468966e-09	5.138734086e-09	
5.467155508e-09	5.128554777e-09	0.9999999816	2.647600071e-09	5.138790412e-09	
5.467161108e-09	5.128560187e-09	0.9999999816	2.651710575e-09	5.138795609e-09	
5.467161108e-09	5.128560187e-09	0.9999999816	2.651710578e-09	5.138795609e-09	
2.026104206e-08	2.199819809e-08	0.9998957406	0.0001041981206	1.90441028e-08	
5.467161108e-09	5.128560187e-09	0.9999999816	2.651710608e-09	5.138795609e-09	
5.467161108e-09	5.128560187e-09	0.9999999816	2.651710616e-09	5.138795609e-09	
5.467213049e-09	5.128610389e-09	0.9999999816	2.690114924e-09	5.138843796e-09	
5.467161108e-09	5.128560187e-09	0.9999999816	2.651710597e-09	5.138795609e-09	
5.467161108e-09	5.128560187e-09	0.9999999816	2.651710602e-09	5.138795609e-09	
5.467221821e-09	5.128618864e-09	0.9999999816	2.696659446e-09	5.138851936e-09	
5.467094796e-09	5.1284961e-09	0.9999999817	2.603468914e-09	5.138734086e-09	
5.467094796e-09	5.1284961e-09	0.9999999817	2.603468929e-09	5.138734086e-09	
5.467094796e-09	5.1284961e-09	0.9999999817	2.603468931e-09	5.138734086e-09	
5.467094796e-09	5.1284961e-09	0.9999999817	2.603468959e-09	5.138734086e-09	
5.467094796e-09	5.1284961e-09	0.9999999817	2.603468939e-09	5.138734086e-09	
5.467094796e-09	5.1284961e-09	0.9999999817	2.603468966e-09	5.138734086e-09	
5.467146736e-09	5.128546301e-09	0.9999999816	2.641174598e-09	5.138782273e-09	
5.467094796e-09	5.1284961e-09	0.9999999817	2.603468948e-09	5.138734086e-09	
5.467094796e-09	5.1284961e-09	0.9999999817	2.603468927e-09	5.138734086e-09	
5.467094796e-09	5.1284961e-09	0.9999999817	2.603468953e-09	5.138734086e-09	
5.467094796e-09	5.1284961e-09	0.9999999817	2.603468917e-09	5.138734086e-09	
5.467094796e-09	5.1284961e-09	0.9999999817	2.603468918e-09	5.138734086e-09	
5.467094796e-09	5.1284961e-09	0.9999999817	2.603468946e-09	5.138734086e-09	
5.467146736e-09	5.128546301e-09	0.9999999816	2.641174586e-09	5.138782273e-09	
5.467094796e-09	5.1284961e-09	0.9999999817	2.603468936e-09	5.138734086e-09	
5.467094796e-09	5.1284961e-09	0.9999999817	2.603468915e-09	5.138734086e-09	
5.467094796e-09	5.1284961e-09	0.9999999817	2.603468933e-09	5.138734086e-09	
5.467094796e-09	5.1284961e-09	0.9999999817	2.603468962e-09	5.138734086e-09	
5.467094796e-09	5.1284961e-09	0.9999999817	2.603468969e-09	5.138734086e-09	
5.467146736e-09	5.128546301e-09	0.9999999816	2.641174601e-09	5.138782273e-09	
5.467094796e-09	5.1284961e-09	0.9999999817	2.603468951e-09	5.138734086e-09	
5.467094796e-09	5.1284961e-09	0.9999999817	2.60346893e-09	5.138734086e-09	
5.467094796e-09	5.1284961e-09	0.9999999817	2.603468956e-09	5.138734086e-09	
5.467094796e-09	5.1284961e-09	0.9999999817	2.603468963e-09	5.138734086e-09	
5.467094796e-09	5.1284961e-09	0.9999999817	2.603468943e-09	5.138734086e-09	
5.467094796e-09	5.1284961e-09	0.9999999817	2.60346897e-09	5.138734086e-09	
5.467146736e-09	5.128546301e-09	0.9999999816	2.641174603e-09	5.138782273e-09	
5.467094796e-09	5.1284961e-09	0.9999999817	2.603468952e-09	5.138734086e-09	
5.467094796e-09	5.1284961e-09	0.9999999817	2.603468932e-09	5.138734086e-09	
5.467155508e-09	5.128554777e-09	0.9999999816	2.647600062e-09	5.138790412e-09	
2.026099719e-08	2.199814764e-08	0.9998961545	0.0001037841557	1.904406126e-08	
2.026102458e-08	2.199817844e-08	0.9998959021	0.0001040366159	1.904408662e-08	
6.395641746e-08	0.0007951526133	0.0002240624879	0.9989806608	6.011493681e-08	
1.483741459e-08	1.930818103e-05	5.055191934e-05	0.9999301111	1.394622207e-08	
1.495929652e-08	2.123201047e-05	5.084663621e-05	0.9999278923	1.406078377e-08	
1.451938287e-08	1.429143514e-05	4.934289637e-05	0.9999363375	1.364729294e-08	
1.356094934e-08	1.496326999e-08	4.60685873e-05	0.9999538901	1.274643344e-08	
1.356111316e-08	1.496854401e-08	4.612137779e-05	0.9999538371	1.299186027e-08	
1.356098608e-08	1.501601384e-08	4.612095101e-05	0.9999538377	1.274646732e-08	
1.356097054e-08	1.498025751e-08	4.614371785e-05	0.999953815	1.274645329e-08	
5.467094796e-09	5.1284961e-09	0.9999999817	2.603468971e-09	5.138734086e-09	
5.467146736e-09	5.128546301e-09	0.9999999816	2.641174631e-09	5.138782273e-09	
5.467094796e-09	5.1284961e-09	0.9999999817	2.60346896e-09	5.138734086e-09	
5.467094796e-09	5.1284961e-09	0.9999999817	2.603468985e-09	5.138734087e-09	
5.467155508e-09	5.128554777e-09	0.9999999816	2.647600091e-09	5.138790413e-09	
5.467146736e-09	5.128546301e-09	0.9999999816	2.641174611e-09	5.138782273e-09	
5.467094796e-09	5.1284961e-09	0.9999999817	2.60346896e-09	5.138734086e-09	
5.467094796e-09	5.1284961e-09	0.9999999817	2.60346894e-09	5.138734086e-09	
5.467155508e-09	5.128554777e-09	0.9999999816	2.64760007e-09	5.138790412e-09	
5.467146736e-09	5.128546301e-09	0.9999999816	2.641174639e-09	5.138782273e-09	
5.467094796e-09	5.1284961e-09	0.9999999817	2.603468967e-09	5.138734086e-09	
5.467094796e-09	5.1284961e-09	0.9999999817	2.603468992e-09	5.138734087e-09	
5.467155508e-09	5.128554777e-09	0.9999999816	2.647600098e-09	5.138790413e-09	
5.467146736e-09	5.128546301e-09	0.9999999816	2.64117462e-09	5.138782273e-09	
5.467146736e-09	5.128546301e-09	0.9999999816	2.641174599e-09	5.138782273e-09	
5.467146736e-09	5.128546301e-09	0.9999999816	2.641174625e-09	5.138782273e-09	
5.467207449e-09	5.128604979e-09	0.9999999816	2.685944875e-09	5.138838599e-09	
5.467094796e-09	5.1284961e-09	0.9999999817	2.603468949e-09	5.138734086e-09	
5.467094796e-09	5.1284961e-09	0.9999999817	2.603468974e-09	5.138734087e-09	
5.467155508e-09	5.128554777e-09	0.9999999816	2.647600079e-09	5.138790412e-09	
5.467094796e-09	5.1284961e-09	0.9999999817	2.603468954e-09	5.138734086e-09	
5.467155508e-09	5.128554777e-09	0.9999999816	2.647600059e-09	5.138790412e-09	
5.467155508e-09	5.128554777e-09	0.9999999816	2.647600084e-09	5.138790413e-09	
4.998421321e-09	0.9999999836	4.286875961e-09	2.394685203e-09	4.698210009e-09	
4.998425106e-09	0.9999999836	4.286879209e-09	2.397421804e-09	4.698213519e-09	
4.998446676e-09	0.9999999836	4.286897144e-09	2.413124869e-09	4.698233529e-09	
4.998425358e-09	0.9999999836	4.286879426e-09	2.397604555e-09	4.698213753e-09	
4.998425106e-09	0.9999999836	4.286879209e-09	2.397421804e-09	4.698213519e-09	
4.998425646e-09	0.9999999836	4.286879674e-09	2.397813258e-09	4.698214021e-09	
4.999168793e-09	0.999999983	4.287501104e-09	3.004946668e-09	4.698904898e-09	
4.998425106e-09	0.9999999836	4.286879209e-09	2.397421804e-09	4.698213519e-09	
4.998444126e-09	0.9999999836	4.286894914e-09	2.411270632e-09	4.698231164e-09	
4.998421321e-09	0.9999999836	4.286875961e-09	2.394685198e-09	4.698210009e-09	
4.99842132e-09	0.9999999836	4.28687596e-09	2.394685002e-09	4.698210008e-09	
4.998628712e-09	0.9999999835	4.287048661e-09	2.550143061e-09	4.698403264e-09	
4.998441263e-09	0.9999999836	4.286892533e-09	2.40918102e-09	4.698228507e-09	
4.998425646e-09	0.9999999836	4.286879674e-09	2.397813257e-09	4.698214021e-09	
4.998443678e-09	0.9999999836	4.286894639e-09	2.410936223e-09	4.698230748e-09	
1.215230003e-08	0.9999502573	1.042234341e-08	4.970867108e-05	1.142240523e-08	
4.998405164e-09	0.9999999836	4.286862637e-09	2.382996741e-09	4.698195021e-09	
4.998426735e-09	0.9999999836	4.286880571e-09	2.398605322e-09	4.698215031e-09	
4.998405417e-09	0.9999999836	4.286862854e-09	2.383178393e-09	4.698195255e-09	
4.998405164e-09	0.9999999836	4.286862637e-09	2.382996741e-09	4.698195021e-09	
4.999148849e-09	0.999999983	4.287484529e-09	2.986866184e-09	4.698886397e-09	
4.998405164e-09	0.9999999836	4.286862637e-09	2.382996741e-09	4.698195021e-09	
4.998424185e-09	0.9999999836	4.286878341e-09	2.396762242e-09	4.698212665e-09	
4.998401379e-09	0.9999999836	4.286859388e-09	2.380276601e-09	4.69819151e-09	
4.998401379e-09	0.9999999836	4.286859388e-09	2.380276406e-09	4.69819151e-09	
4.998608769e-09	0.9999999835	4.287032088e-09	2.534799088e-09	4.698384765e-09	
4.998421321e-09	0.9999999836	4.286875961e-09	2.394685203e-09	4.698210009e-09	
4.998405705e-09	0.9999999836	4.286863101e-09	2.383385839e-09	4.698195522e-09	
4.998423737e-09	0.9999999836	4.286878066e-09	2.396429845e-09	4.698212249e-09	
4.99843052e-09	0.9999999836	4.28688382e-09	2.401346403e-09	4.698218541e-09	
6.374614141e-09	0.9999905806	5.667825473e-09	9.401322257e-06	5.991739463e-09	
4.998409202e-09	0.9999999836	4.286866102e-09	2.385901844e-09	4.698198765e-09	
4.998408949e-09	0.9999999836	4.286865886e-09	2.385719985e-09	4.698198531e-09	
4.99840949e-09	0.9999999836	4.28686635e-09	2.386109528e-09	4.698199032e-09	
4.999152634e-09	0.999999983	4.287487778e-09	2.990279519e-09	4.698889908e-09	
4.998408949e-09	0.9999999836	4.286865886e-09	2.385719985e-09	4.698198531e-09	
4.998427969e-09	0.9999999836	4.28688159e-09	2.399501217e-09	4.698216176e-09	
4.998405164e-09	0.9999999836	4.286862637e-09	2.382996736e-09	4.698195021e-09	
4.998405164e-09	0.9999999836	4.286862636e-09	2.382996541e-09	4.69819502e-09	
4.998612554e-09	0.9999999835	4.287035337e-09	2.537695809e-09	4.698388275e-09	
4.998425106e-09	0.9999999836	4.286879209e-09	2.397421804e-09	4.698213519e-09	
4.99840949e-09	0.9999999836	4.28686635e-09	2.386109527e-09	4.698199032e-09	
4.998427521e-09	0.9999999836	4.286881315e-09	2.39916844e-09	4.69821576e-09	
6.374641258e-09	0.9999905191	5.667848836e-09	9.462900147e-06	5.991764614e-09	
4.998430772e-09	0.9999999836	4.286884037e-09	2.401529453e-09	4.698218775e-09	
4.99843052e-09	0.9999999836	4.28688382e-09	2.401346403e-09	4.698218541e-09	
4.99843106e-09	0.9999999836	4.286884284e-09	2.401738498e-09	4.698219043e-09	
4.99843052e-09	0.9999999836	4.28688382e-09	2.401346403e-09	4.698218541e-09	
4.99844954e-09	0.9999999836	4.286899524e-09	2.415217901e-09	4.698236186e-09	
4.998426735e-09	0.9999999836	4.286880571e-09	2.398605317e-09	4.698215031e-09	
4.998426734e-09	0.9999999836	4.286880571e-09	2.398605121e-09	4.69821503e-09	
4.998446676e-09	0.9999999836	4.286897144e-09	2.413124869e-09	4.698233529e-09	
4.99843106e-09	0.9999999836	4.286884284e-09	2.401738497e-09	4.698219043e-09	
4.998449092e-09	0.9999999836	4.286899249e-09	2.414882945e-09	4.69823577e-09	
1.215231221e-08	0.999950176	1.042235377e-08	4.979004052e-05	1.142241651e-08	
6.374614459e-09	0.9999905799	5.667825755e-09	9.402038897e-06	5.991739758e-09	
6.374614141e-09	0.9999905806	5.667825473e-09	9.401322257e-06	5.991739463e-09	
6.374614821e-09	0.9999905791	5.667826078e-09	9.402857304e-06	5.991740094e-09	
6.374614141e-09	0.9999905806	5.667825473e-09	9.401322257e-06	5.991739463e-09	
6.374869988e-09	0.9999899818	5.668046117e-09	1.000020202e-05	5.991977862e-09	
6.374614821e-09	0.9999905791	5.667826078e-09	9.402857301e-06	5.991740094e-09	
6.374637489e-09	0.9999905276	5.667845572e-09	9.454317608e-06	5.991761118e-09	
4.646032537e-08	0.0005404319396	4.130893158e-08	0.9994594364	4.390880758e-08	
2.981206288e-08	0.418621397	2.666091695e-08	0.5813785185	2.802144839e-08	
4.998409202e-09	0.9999999836	4.286866102e-09	2.385901844e-09	4.698198765e-09	
4.998409742e-09	0.9999999836	4.286866566e-09	2.386291417e-09	4.698199267e-09	
4.999152887e-09	0.999999983	4.287487995e-09	2.990507463e-09	4.698890142e-09	
4.998409202e-09	0.9999999836	4.286866102e-09	2.385901844e-09	4.698198765e-09	
4.998428222e-09	0.9999999836	4.286881807e-09	2.399684126e-09	4.69821641e-09	
4.998405417e-09	0.9999999836	4.286862854e-09	2.383178388e-09	4.698195255e-09	
4.998405416e-09	0.9999999836	4.286862853e-09	2.383178193e-09	4.698195254e-09	
4.998612807e-09	0.9999999835	4.287035553e-09	2.537889253e-09	4.698388509e-09	
4.998425358e-09	0.9999999836	4.286879426e-09	2.397604555e-09	4.698213753e-09	
4.998427774e-09	0.9999999836	4.286881531e-09	2.399351324e-09	4.698215994e-09	
4.99840949e-09	0.9999999836	4.28686635e-09	2.386109528e-09	4.698199032e-09	
4.999152634e-09	0.999999983	4.287487778e-09	2.990279519e-09	4.698889908e-09	
4.998408949e-09	0.9999999836	4.286865886e-09	2.385719985e-09	4.698198531e-09	
4.998427969e-09	0.9999999836	4.28688159e-09	2.399501217e-09	4.698216176e-09	
4.998405164e-09	0.9999999836	4.286862637e-09	2.382996736e-09	4.698195021e-09	
4.998405164e-09	0.9999999836	4.286862636e-09	2.382996541e-09	4.69819502e-09	
4.998612554e-09	0.9999999835	4.287035337e-09	2.537695809e-09	4.698388275e-09	
4.998425106e-09	0.9999999836	4.286879209e-09	2.397421804e-09	4.698213519e-09	
4.99840949e-09	0.9999999836	4.28686635e-09	2.386109527e-09	4.698199032e-09	
4.998427521e-09	0.9999999836	4.286881315e-09	2.39916844e-09	4.69821576e-09	
4.99840949e-09	0.9999999836	4.28686635e-09	2.386109528e-09	4.698199032e-09	
4.99842851e-09	0.9999999836	4.286882054e-09	2.399893011e-09	4.698216677e-09	
4.998405705e-09	0.9999999836	4.286863101e-09	2.383385836e-09	4.698195522e-09	
4.998405704e-09	0.9999999836	4.286863101e-09	2.38338564e-09	4.698195521e-09	
4.998613095e-09	0.9999999835	4.287035801e-09	2.538110168e-09	4.698388777e-09	
4.998425646e-09	0.9999999836	4.286879674e-09	2.397813258e-09	4.698214021e-09	
4.99841003e-09	0.9999999836	4.286866814e-09	2.386499135e-09	4.698199534e-09	
4.998428062e-09	0.9999999836	4.286881779e-09	2.39956018e-09	4.698216261e-09	
4.999152634e-09	0.999999983	4.287487778e-09	2.990279519e-09	4.698889908e-09	
4.999148849e-09	0.999999983	4.287484529e-09	2.986866179e-09	4.698886397e-09	
4.999356269e-09	0.9999999828	4.287657253e-09	3.180767169e-09	4.69907968e-09	
4.999168793e-09	0.999999983	4.287501104e-09	3.004946668e-09	4.698904898e-09	
4.999171209e-09	0.999999983	4.287503209e-09	3.007135915e-09	4.698907139e-09	
6.088283368e-08	0.9995143216	5.264416038e-08	0.0004855076351	5.722598128e-08	
5.582351144e-08	0.9995583092	4.81553048e-08	0.0004415343085	5.247054273e-08	
8.047783177e-08	0.999343946	6.941105995e-08	0.0006558284494	7.5644032e-08	
4.998427969e-09	0.9999999836	4.28688159e-09	2.399501217e-09	4.698216176e-09	
4.998405164e-09	0.9999999836	4.286862637e-09	2.382996736e-09	4.698195021e-09	
4.998405164e-09	0.9999999836	4.286862636e-09	2.382996541e-09	4.69819502e-09	
4.998612554e-09	0.9999999835	4.287035337e-09	2.537695809e-09	4.698388275e-09	
4.998425106e-09	0.9999999836	4.286879209e-09	2.397421804e-09	4.698213519e-09	
4.99840949e-09	0.9999999836	4.28686635e-09	2.386109527e-09	4.698199032e-09	
4.998427521e-09	0.9999999836	4.286881315e-09	2.39916844e-09	4.69821576e-09	
4.998424184e-09	0.9999999836	4.286878341e-09	2.396762041e-09	4.698212665e-09	
4.998631575e-09	0.9999999835	4.287051041e-09	2.552354937e-09	4.698405921e-09	
4.998444126e-09	0.9999999836	4.286894914e-09	2.411270632e-09	4.698231164e-09	
4.99842851e-09	0.9999999836	4.286882054e-09	2.39989301e-09	4.698216677e-09	
4.998446542e-09	0.9999999836	4.286897019e-09	2.413027358e-09	4.698233405e-09	
1.215230647e-08	0.9999502142	1.042234875e-08	4.975178393e-05	1.142241119e-08	
4.998401379e-09	0.9999999836	4.286859388e-09	2.380276402e-09	4.69819151e-09	
4.998608769e-09	0.9999999835	4.287032088e-09	2.534799084e-09	4.698384765e-09	
4.998421321e-09	0.9999999836	4.286875961e-09	2.394685198e-09	4.698210009e-09	
4.998405705e-09	0.9999999836	4.286863101e-09	2.383385835e-09	4.698195522e-09	
4.998423737e-09	0.9999999836	4.286878066e-09	2.396429841e-09	4.698212249e-09	
4.998608768e-09	0.9999999835	4.287032087e-09	2.534798876e-09	4.698384764e-09	
4.99842132e-09	0.9999999836	4.28687596e-09	2.394685002e-09	4.698210008e-09	
4.998405704e-09	0.9999999836	4.286863101e-09	2.383385639e-09	4.698195521e-09	
4.998423736e-09	0.9999999836	4.286878066e-09	2.396429644e-09	4.698212249e-09	
4.998628712e-09	0.9999999835	4.287048661e-09	2.550143061e-09	4.698403264e-09	
4.998613095e-09	0.9999999835	4.287035801e-09	2.538110167e-09	4.698388777e-09	
4.998631127e-09	0.9999999835	4.287050766e-09	2.552000962e-09	4.698405505e-09	
7.193025459e-08	0.9995062322	6.16904437e-08	0.0004935651834	6.901680099e-08	
1.215272042e-08	0.999947349	1.042269268e-08	5.261699013e-05	1.142279688e-08	
4.998425646e-09	0.9999999836	4.286879674e-09	2.397813257e-09	4.698214021e-09	
4.998443678e-09	0.9999999836	4.286894639e-09	2.410936223e-09	4.698230748e-09	
1.215230003e-08	0.9999502573	1.042234341e-08	4.970867108e-05	1.142240523e-08	
4.998428062e-09	0.9999999836	4.286881779e-09	2.399560179e-09	4.698216261e-09	
1.215230546e-08	0.9999502211	1.042234815e-08	4.974488441e-05	1.142241026e-08	
4.988590964e-09	4.679626677e-09	4.278441691e-09	2.484667844e-09	0.9999999836	
4.988647325e-09	4.679678809e-09	4.278488566e-09	2.527568227e-09	0.9999999835	
4.988562962e-09	4.679600721e-09	4.278418419e-09	2.463663046e-09	0.9999999836	
4.988585334e-09	4.679621458e-09	4.278437011e-09	2.480429086e-09	0.9999999836	
1.001644803e-08	9.433319995e-09	8.590537527e-09	3.597010342e-05	0.9999640019	
4.988656914e-09	4.679687687e-09	4.278496544e-09	2.534942229e-09	0.9999999835	
4.988585334e-09	4.679621458e-09	4.278437011e-09	2.480429086e-09	0.9999999836	
4.988587834e-09	4.679623776e-09	4.278439089e-09	2.482310614e-09	0.9999999836	
2.36260716e-08	2.216278828e-08	2.026273756e-08	0.000133734294	0.9998661997	
4.988555347e-09	4.67959366e-09	4.27841205e-09	2.457932057e-09	0.9999999836	
4.988470986e-09	4.679515573e-09	4.278341905e-09	2.395787506e-09	0.9999999837	
4.988493357e-09	4.67953631e-09	4.278360496e-09	2.412091631e-09	0.9999999836	
1.001627328e-08	9.433157699e-09	8.590392409e-09	3.497913803e-05	0.9999649928	
4.988470986e-09	4.679515573e-09	4.278341905e-09	2.395787494e-09	0.9999999837	
4.988564936e-09	4.679602538e-09	4.278420029e-09	2.465102901e-09	0.9999999836	
4.988493357e-09	4.67953631e-09	4.278360496e-09	2.412091631e-09	0.9999999836	
4.988527345e-09	4.679567704e-09	4.278388779e-09	2.437153277e-09	0.9999999836	
4.988549717e-09	4.67958844e-09	4.27840737e-09	2.45373891e-09	0.9999999836	
4.988527345e-09	4.679567704e-09	4.278388779e-09	2.437153269e-09	0.9999999836	
4.988527345e-09	4.679567703e-09	4.278388779e-09	2.437153266e-09	0.9999999836	
4.988621296e-09	4.679654669e-09	4.278466903e-09	2.507665475e-09	0.9999999835	
4.988549717e-09	4.67958844e-09	4.27840737e-09	2.45373891e-09	0.9999999836	
4.988552217e-09	4.679590758e-09	4.278409449e-09	2.455600192e-09	0.9999999836	
2.362593691e-08	2.21626638e-08	2.026262634e-08	0.0001322954624	0.9998676385	
4.988465355e-09	4.679510354e-09	4.278337225e-09	2.391700375e-09	0.9999999837	
4.988442984e-09	4.679489617e-09	4.278318633e-09	2.375534073e-09	0.9999999837	
4.988442984e-09	4.679489617e-09	4.278318633e-09	2.37553407e-09	0.9999999837	
4.988465355e-09	4.679510354e-09	4.278337225e-09	2.391700375e-09	0.9999999837	
4.988467856e-09	4.679512672e-09	4.278339303e-09	2.393514597e-09	0.9999999837	
4.988465355e-09	4.679510354e-09	4.278337225e-09	2.391700367e-09	0.9999999837	
1.001626257e-08	9.433147741e-09	8.590383525e-09	3.491946692e-05	0.9999650525	
4.988465355e-09	4.679510354e-09	4.278337225e-09	2.391700364e-09	0.9999999837	
4.988559305e-09	4.679597318e-09	4.278415349e-09	2.46089752e-09	0.9999999836	
4.988487727e-09	4.67953109e-09	4.278355816e-09	2.407976686e-09	0.9999999836	
4.988490227e-09	4.679533408e-09	4.278357895e-09	2.409803255e-09	0.9999999836	
4.988442984e-09	4.679489617e-09	4.278318633e-09	2.375534062e-09	0.9999999837	
4.988536933e-09	4.679576581e-09	4.278396757e-09	2.444263492e-09	0.9999999836	
4.988465355e-09	4.679510354e-09	4.278337225e-09	2.391700367e-09	0.9999999837	
4.988467856e-09	4.679512672e-09	4.278339303e-09	2.393514589e-09	0.9999999837	
1.001626257e-08	9.433147741e-09	8.590383525e-09	3.491946692e-05	0.9999650525	
1.001626733e-08	9.433152163e-09	8.59038747e-09	3.494595412e-05	0.999965026	
1.977257295e-08	1.874638883e-08	1.695779632e-08	0.9998619692	0.000137975276	
1.977252312e-08	1.872275079e-08	1.695775444e-08	0.9998625076	0.0001374369875	
2.133877868e-08	2.038502627e-05	1.830101513e-08	0.9998306644	0.0001489109818	
1.977274948e-08	1.893115211e-08	1.706673083e-08	0.9998621733	0.0001377709354	
1.977257295e-08	1.874638883e-08	1.695779632e-08	0.9998619692	0.000137975276	
4.988536933e-09	4.679576581e-09	4.278396757e-09	2.444263489e-09	0.9999999836	
4.988465355e-09	4.679510354e-09	4.278337225e-09	2.391700364e-09	0.9999999837	
4.988467856e-09	4.679512672e-09	4.278339303e-09	2.393514586e-09	0.9999999837	
4.988559305e-09	4.679597318e-09	4.278415349e-09	2.46089752e-09	0.9999999836	
4.988561806e-09	4.679599636e-09	4.278417427e-09	2.462764232e-09	0.9999999836	
2.362597321e-08	2.216269729e-08	2.026265631e-08	0.0001326813739	0.9998672526	
4.988490227e-09	4.679533408e-09	4.278357895e-09	2.409803255e-09	0.9999999836	
1.254522111e-08	1.1768228e-08	1.075931521e-08	0.9999634103	3.655458357e-05	
1.254522111e-08	1.176822933e-08	1.075931521e-08	0.9999634103	3.655458355e-05	
1.254522429e-08	1.176823243e-08	1.075931789e-08	0.9999633936	3.657130558e-05	
1.254522429e-08	1.176823241e-08	1.075931789e-08	0.9999633936	3.657130558e-05	
1.254522429e-08	1.176823097e-08	1.075931789e-08	0.9999633936	3.657130528e-05	
1.254521838e-08	1.176822671e-08	1.075931292e-08	0.9999634247	3.65402667e-05	
1.254522111e-08	1.176822929e-08	1.075931521e-08	0.9999634103	3.655458385e-05	
1.254521838e-08	1.176822671e-08	1.075931292e-08	0.9999634247	3.65402667e-05	
1.254522429e-08	1.176823234e-08	1.075931789e-08	0.9999633936	3.657130558e-05	
1.254523512e-08	1.178534726e-08	1.07593271e-08	0.9999633936	3.657133648e-05	
1.254581357e-08	1.274429939e-08	1.07598173e-08	0.9999634076	3.655630763e-05	
9.846355307e-09	9.236522737e-09	8.444664482e-09	0.9999999631	9.356553193e-09	
9.846357968e-09	9.236525327e-09	8.444666724e-09	0.9999999631	9.360833542e-09	
9.846357968e-09	9.236525307e-09	8.444666724e-09	0.9999999631	9.360833542e-09	
9.846357967e-09	9.23652418e-09	8.444666723e-09	0.9999999631	9.360833463e-09	
9.846353027e-09	9.236520554e-09	8.444662561e-09	0.9999999631	9.352888503e-09	
9.846344053e-09	9.268997072e-09	8.444655117e-09	0.9999999631	9.305608825e-09	
9.846323535e-09	9.236493334e-09	8.444637718e-09	0.9999999632	9.305589356e-09	
9.846355307e-09	9.236522711e-09	8.444664482e-09	0.9999999631	9.356553271e-09	
9.846353027e-09	9.236520554e-09	8.444662561e-09	0.9999999631	9.352888503e-09	
9.846357968e-09	9.236525258e-09	8.444666724e-09	0.9999999631	9.360833542e-09	
9.84636647e-09	9.249958235e-09	8.444673949e-09	0.9999999631	9.360841451e-09	
9.846323535e-09	9.236493276e-09	8.444637718e-09	0.9999999632	9.305589285e-09	
9.84635797e-09	9.236526367e-09	8.444666725e-09	0.9999999631	9.360833537e-09	
9.84635797e-09	9.236526347e-09	8.444666725e-09	0.9999999631	9.360833537e-09	
9.846357968e-09	9.23652522e-09	8.444666724e-09	0.9999999631	9.360833458e-09	
9.846353028e-09	9.236521594e-09	8.444662562e-09	0.9999999631	9.352888498e-09	
9.846344054e-09	9.268998116e-09	8.444655118e-09	0.9999999631	9.30560882e-09	
9.846323537e-09	9.236494374e-09	8.444637719e-09	0.9999999632	9.305589351e-09	
9.846355308e-09	9.236523751e-09	8.444664483e-09	0.9999999631	9.356553266e-09	
9.846353028e-09	9.236521594e-09	8.444662562e-09	0.9999999631	9.352888498e-09	
9.84635797e-09	9.236526298e-09	8.444666725e-09	0.9999999631	9.360833537e-09	
9.846323537e-09	9.236494317e-09	8.444637719e-09	0.9999999632	9.30558928e-09	
9.846820332e-09	1.000261138e-08	8.445058572e-09	0.9999999623	9.356994506e-09	
9.846360631e-09	9.236528936e-09	8.444668967e-09	0.9999999631	9.365115844e-09	
9.84635569e-09	9.236524184e-09	8.444664804e-09	0.9999999631	9.35716717e-09	
9.846346716e-09	9.269000714e-09	8.44465736e-09	0.9999999631	9.309865863e-09	
9.84635797e-09	9.236526341e-09	8.444666725e-09	0.9999999631	9.360833615e-09	
9.84635569e-09	9.236524184e-09	8.444664804e-09	0.9999999631	9.35716717e-09	
9.846360631e-09	9.236528888e-09	8.444668967e-09	0.9999999631	9.365115844e-09	
9.846369133e-09	9.24996187e-09	8.444676193e-09	0.9999999631	9.365123756e-09	
9.846326198e-09	9.236496906e-09	8.444639961e-09	0.9999999632	9.309846315e-09	
9.846822994e-09	1.000261418e-08	8.445060814e-09	0.9999999623	9.361275056e-09	
9.84636063e-09	9.236527789e-09	8.444668966e-09	0.9999999631	9.365115765e-09	
9.84635569e-09	9.236524163e-09	8.444664804e-09	0.9999999631	9.35716717e-09	
9.846346716e-09	9.269000694e-09	8.44465736e-09	0.9999999631	9.309865863e-09	
9.846326198e-09	9.236496943e-09	8.444639961e-09	0.9999999632	9.309846385e-09	
9.84635797e-09	9.236526321e-09	8.444666725e-09	0.9999999631	9.360833615e-09	
9.84635569e-09	9.236524163e-09	8.444664804e-09	0.9999999631	9.35716717e-09	
9.846360631e-09	9.236528868e-09	8.444668967e-09	0.9999999631	9.365115844e-09	
9.846822994e-09	1.000261416e-08	8.445060814e-09	0.9999999623	9.361275056e-09	
9.846355689e-09	9.236523036e-09	8.444664803e-09	0.9999999631	9.357167091e-09	
9.846346714e-09	9.268999563e-09	8.444657359e-09	0.9999999631	9.309865784e-09	
9.846326197e-09	9.236495816e-09	8.44463996e-09	0.9999999632	9.309846307e-09	
9.846357968e-09	9.236525194e-09	8.444666724e-09	0.9999999631	9.360833536e-09	
9.846355689e-09	9.236523036e-09	8.444664803e-09	0.9999999631	9.357167091e-09	
9.84636063e-09	9.236527741e-09	8.444668966e-09	0.9999999631	9.365115765e-09	
9.846369131e-09	9.249960721e-09	8.444676192e-09	0.9999999631	9.365123677e-09	
9.846326197e-09	9.236495759e-09	8.44463996e-09	0.9999999632	9.309846236e-09	
9.846341775e-09	9.268995925e-09	8.444653197e-09	0.9999999631	9.301964082e-09	
9.846321257e-09	9.236492191e-09	8.444635799e-09	0.9999999632	9.301944622e-09	
9.846353029e-09	9.236521568e-09	8.444662562e-09	0.9999999631	9.352888576e-09	
9.846350749e-09	9.236519411e-09	8.444660642e-09	0.9999999631	9.349225243e-09	
9.84635569e-09	9.236524115e-09	8.444664804e-09	0.9999999631	9.35716717e-09	
9.846364192e-09	9.24995709e-09	8.44467203e-09	0.9999999631	9.357175076e-09	
9.846321257e-09	9.236492133e-09	8.444635799e-09	0.9999999632	9.301944551e-09	
9.846818052e-09	1.000260901e-08	8.445056651e-09	0.9999999624	9.353329642e-09	
9.846341775e-09	9.268995925e-09	8.444653197e-09	0.9999999631	9.301964082e-09	
9.846312283e-09	9.268968551e-09	8.444628354e-09	0.9999999632	9.254922399e-09	
9.846809077e-09	1.003777917e-08	8.445049206e-09	0.9999999624	9.306047734e-09	
9.846440819e-09	9.319527215e-09	8.444737046e-09	0.999999963	9.410372668e-09	
1.062664493e-08	1.014716979e-05	9.113860916e-09	0.9999898229	1.019622358e-08	
1.086189722e-08	1.336652274e-05	9.369872774e-09	0.999986603	1.020950302e-08	
9.84643736e-09	9.419944522e-09	8.489280279e-09	0.999999963	9.255039271e-09	
9.846323537e-09	9.236494348e-09	8.444637719e-09	0.9999999632	9.305589428e-09	
9.846321257e-09	9.236492191e-09	8.444635799e-09	0.9999999632	9.301944622e-09	
9.846326198e-09	9.236496895e-09	8.444639961e-09	0.9999999632	9.309846385e-09	
9.8463347e-09	9.249929831e-09	8.444647187e-09	0.9999999631	9.309854251e-09	
9.846291765e-09	9.236464913e-09	8.444610956e-09	0.9999999632	9.254903036e-09	
9.846788559e-09	1.000257953e-08	8.445031807e-09	0.9999999624	9.306028265e-09	
9.846353029e-09	9.236521568e-09	8.444662562e-09	0.9999999631	9.352888576e-09	
9.84635797e-09	9.236526272e-09	8.444666725e-09	0.9999999631	9.360833615e-09	
9.846366471e-09	9.249959251e-09	8.44467395e-09	0.9999999631	9.360841523e-09	
9.846323537e-09	9.23649429e-09	8.444637719e-09	0.9999999632	9.305589358e-09	
9.846820332e-09	1.000261135e-08	8.445058572e-09	0.9999999623	9.356994583e-09	
9.84635569e-09	9.236524115e-09	8.444664804e-09	0.9999999631	9.35716717e-09	
9.846364192e-09	9.24995709e-09	8.44467203e-09	0.9999999631	9.357175076e-09	
9.846321257e-09	9.236492133e-09	8.444635799e-09	0.9999999632	9.301944551e-09	
9.846818052e-09	1.000260901e-08	8.445056651e-09	0.9999999624	9.353329642e-09	
9.846326198e-09	9.236496837e-09	8.444639961e-09	0.9999999632	9.309846314e-09	
9.846822994e-09	1.000261411e-08	8.445060814e-09	0.9999999623	9.361275056e-09	
9.8463347e-09	9.249929773e-09	8.444647187e-09	0.9999999631	9.30985418e-09	
9.846831496e-09	1.001716123e-08	8.44506804e-09	0.9999999623	9.361282965e-09	
9.846370984e-09	9.307547081e-09	8.444678196e-09	0.9999999631	9.309888711e-09	
1.054245856e-08	8.978595984e-06	9.092751283e-09	0.9999909918	9.968043432e-09	
9.846788559e-09	1.000257947e-08	8.445031807e-09	0.9999999624	9.306028194e-09	
9.846578955e-09	9.349296317e-09	8.444853743e-09	0.9999999628	9.605894878e-09	
1.077353901e-08	1.219419886e-05	9.315682174e-09	0.9999877754	1.033670689e-08	
9.846553885e-09	9.46523923e-09	8.444832617e-09	0.9999999628	9.447313728e-09	
9.846486701e-09	9.356496478e-09	8.444776059e-09	0.9999999629	9.447249812e-09	
1.062679366e-08	1.017958228e-05	9.113986564e-09	0.9999897903	1.040807332e-08	
1.086204914e-08	1.340921848e-05	9.370001855e-09	0.9999865601	1.042162857e-08	
1.054258196e-08	9.025814966e-06	9.092856227e-09	0.9999909444	1.011511468e-08	
9.846575046e-09	9.49982467e-09	8.444850502e-09	0.9999999628	9.447333992e-09	
9.846575496e-09	9.450034384e-09	8.489397591e-09	0.9999999628	9.447334072e-09	
9.846694969e-09	9.453365685e-09	8.499126132e-09	0.9999999626	9.629238743e-09	
9.846565036e-09	9.483305629e-09	8.444842074e-09	0.9999999628	9.447324347e-09	
9.846591631e-09	9.460763543e-09	8.50324309e-09	0.9999999627	9.447349492e-09	
1.077350622e-08	1.217881636e-05	9.315654295e-09	0.9999877908	1.02963745e-08	
9.84652377e-09	9.453299058e-09	8.444807214e-09	0.9999999628	9.41045148e-09	
9.846456587e-09	9.344693483e-09	8.444750656e-09	0.999999963	9.410387812e-09	
1.06267613e-08	1.016674111e-05	9.113959266e-09	0.9999898032	1.036746244e-08	
1.08620161e-08	1.33923033e-05	9.369973828e-09	0.9999865771	1.038096484e-08	
1.054254984e-08	9.01442922e-06	9.092828979e-09	0.9999909559	1.007564687e-08	
9.846544931e-09	9.487840869e-09	8.444825099e-09	0.9999999628	9.410471665e-09	
9.846545381e-09	9.438113393e-09	8.489372055e-09	0.9999999628	9.410471744e-09	
9.846664854e-09	9.441440491e-09	8.499100566e-09	0.9999999626	9.591666645e-09	
9.846572573e-09	9.471382181e-09	8.499021918e-09	0.9999999628	9.410497247e-09	
9.846578955e-09	9.349296317e-09	8.444853743e-09	0.9999999628	9.605894878e-09	
9.846534921e-09	9.471342666e-09	8.444816672e-09	0.9999999628	9.410462057e-09	
9.846561516e-09	9.448829017e-09	8.503217511e-09	0.9999999628	9.410487104e-09	
1.077347717e-08	1.232984699e-05	9.315629585e-09	0.9999876399	1.012639288e-08	
1.077340518e-08	1.21881955e-05	9.315568513e-09	0.9999877816	1.01263258e-08	
1.168083404e-08	0.0171680123	1.015900793e-08	0.9828319549	1.097924516e-08	
1.140122139e-08	0.01162104752	9.91412177e-09	0.9883789204	1.071642689e-08	
1.077350103e-08	1.231004071e-05	9.364790105e-09	0.9999876597	1.012641489e-08	
1.077353031e-08	1.235343234e-05	9.375434648e-09	0.9999876163	1.012644189e-08	
1.077353901e-08	1.219419886e-05	9.315682174e-09	0.9999877754	1.033670689e-08	
1.077348912e-08	1.23533808e-05	9.315639799e-09	0.9999876164	1.012640402e-08	
9.846431517e-09	9.460579315e-09	8.44472953e-09	0.999999963	9.255034236e-09	
1.06267329e-08	1.029282006e-05	9.113935318e-09	0.9999896772	1.019630749e-08	
1.054252182e-08	9.126218344e-06	9.092805217e-09	0.9999908442	9.909309605e-09	
9.846519862e-09	9.605501906e-09	8.444803973e-09	0.9999999628	9.255116704e-09	
1.684002392e-08	9.658441131e-05	1.444272062e-08	0.9999033685	1.582856641e-08	
9.846520311e-09	9.555157748e-09	8.489350817e-09	0.9999999629	9.255116782e-09	
9.846639784e-09	9.558526106e-09	8.499079304e-09	0.9999999627	9.433320385e-09	
9.846547503e-09	9.58883911e-09	8.499000656e-09	0.9999999628	9.255141865e-09	
9.846553885e-09	9.46523923e-09	8.444832617e-09	0.9999999628	9.447313728e-09	
9.846509852e-09	9.588799106e-09	8.444795546e-09	0.9999999629	9.255107255e-09	
9.846536446e-09	9.566006259e-09	8.503196239e-09	0.9999999628	9.255131888e-09	
1.062666165e-08	1.017457073e-05	9.113875355e-09	0.9999897955	1.019623971e-08	
1.086191422e-08	1.340261695e-05	9.369887537e-09	0.9999865669	1.020951909e-08	
1.054245099e-08	9.021371428e-06	9.092745271e-09	0.9999909491	9.909243601e-09	
9.846453128e-09	9.445381955e-09	8.489293961e-09	0.999999963	9.255054166e-09	
9.8465726e-09	9.448711615e-09	8.499022383e-09	0.9999999628	9.433256563e-09	
9.84648032e-09	9.478676364e-09	8.498943735e-09	0.9999999629	9.255079248e-09	
9.846486701e-09	9.356496478e-09	8.444776059e-09	0.9999999629	9.447249812e-09	
9.846442668e-09	9.478636819e-09	8.444738988e-09	0.999999963	9.255044639e-09	
9.846469263e-09	9.456105831e-09	8.50313929e-09	0.9999999629	9.255069272e-09	
1.155448014e-08	0.01437240334	9.967304299e-09	0.9856275641	1.10864709e-08	
1.126753684e-08	0.009719763744	9.718107924e-09	0.9902802045	1.081115005e-08	
1.06267564e-08	1.027628597e-05	9.162031425e-09	0.9999896937	1.019632962e-08	
1.062678537e-08	1.031250889e-05	9.172445567e-09	0.9999896575	1.019635688e-08	
1.062679366e-08	1.017958228e-05	9.113986564e-09	0.9999897903	1.040807332e-08	
1.062674473e-08	1.031246587e-05	9.113945346e-09	0.9999896576	1.019631875e-08	
1.062677369e-08	1.028795309e-05	9.176973826e-09	0.999989682	1.019634614e-08	
1.148160735e-08	0.01276419434	9.960409639e-09	0.9872357734	1.079198496e-08	
1.086200945e-08	1.360792315e-05	9.369968213e-09	0.9999863616	1.020960796e-08	
1.634244333e-08	0.1203720596	1.409757533e-08	0.8796278946	1.536086308e-08	
1.086201072e-08	1.353660255e-05	9.419396025e-09	0.9999864329	1.020960878e-08	
1.086214246e-08	1.354137437e-05	9.430190264e-09	0.9999864279	1.04061907e-08	
1.086204019e-08	1.358431762e-05	9.430102596e-09	0.9999863852	1.020963596e-08	
1.086204914e-08	1.340921848e-05	9.370001855e-09	0.9999865601	1.042162857e-08	
1.086199866e-08	1.358426095e-05	9.369959084e-09	0.9999863853	1.020959778e-08	
1.651143532e-08	0.08434148969	1.424090824e-08	0.915658464	1.551970477e-08	
1.054254511e-08	9.111558232e-06	9.140789799e-09	0.9999908588	9.909331089e-09	
1.0542673e-08	9.114770184e-06	9.151264781e-09	0.9999908554	1.01001313e-08	
1.054257389e-08	9.143675639e-06	9.151179834e-09	0.9999908267	9.909357626e-09	
1.054258196e-08	9.025814966e-06	9.092856227e-09	0.9999909444	1.011511468e-08	
1.054253357e-08	9.143637492e-06	9.092815242e-09	0.9999908268	9.909320571e-09	
1.054256228e-08	9.121903005e-06	9.155697569e-09	0.9999908485	9.90934716e-09	
1.684005417e-08	9.693729099e-05	1.444274612e-08	0.9999030156	1.582859478e-08	
9.846541472e-09	9.590071745e-09	8.489368796e-09	0.9999999628	9.255136634e-09	
9.846660946e-09	9.593452411e-09	8.499097304e-09	0.9999999626	9.433340619e-09	
9.846568664e-09	9.623876177e-09	8.499018656e-09	0.9999999628	9.255161717e-09	
9.846575046e-09	9.49982467e-09	8.444850502e-09	0.9999999628	9.447333992e-09	
9.846557607e-09	9.600959896e-09	8.503214248e-09	0.9999999628	9.25515174e-09	
1.684006349e-08	9.642927424e-05	1.451893984e-08	0.9999035235	1.582860295e-08	
1.684026725e-08	9.646326394e-05	1.453557752e-08	0.9999034892	1.613337587e-08	
1.684010428e-08	9.67691488e-05	1.453543857e-08	0.9999031836	1.582864047e-08	
1.684003989e-08	9.676874513e-05	1.444273414e-08	0.9999031841	1.582858128e-08	
1.684008924e-08	9.653874528e-05	1.454261742e-08	0.999903414	1.582862705e-08	
9.846661395e-09	9.543171406e-09	8.543930549e-09	0.9999999626	9.433340699e-09	
9.846569114e-09	9.573435715e-09	8.543851486e-09	0.9999999628	9.255161795e-09	
9.846575496e-09	9.450034384e-09	8.489397591e-09	0.9999999628	9.447334072e-09	
9.846531462e-09	9.573395775e-09	8.489360325e-09	0.9999999628	9.255127185e-09	
9.846558057e-09	9.550639543e-09	8.54806921e-09	0.9999999628	9.255151818e-09	
9.846688587e-09	9.576810517e-09	8.553642428e-09	0.9999999626	9.433366264e-09	
9.846694969e-09	9.453365685e-09	8.499126132e-09	0.9999999626	9.629238743e-09	
9.846650935e-09	9.576770563e-09	8.499088822e-09	0.9999999626	9.433330988e-09	
9.846558654e-09	9.607141425e-09	8.499010174e-09	0.9999999628	9.255152267e-09	
9.846585249e-09	9.584304979e-09	8.557785794e-09	0.9999999628	9.255176901e-09	
9.846565036e-09	9.483305629e-09	8.444842074e-09	0.9999999628	9.447324347e-09	
9.846591631e-09	9.460763543e-09	8.50324309e-09	0.9999999627	9.447349492e-09	
9.846547597e-09	9.584264993e-09	8.503205762e-09	0.9999999628	9.255142291e-09	
