5.782714971e-09	5.321973023e-09	0.9999999807	2.788799618e-09	5.419469313e-09	
5.782758717e-09	5.322016351e-09	0.9999999807	2.820846869e-09	5.419509405e-09	
5.782714971e-09	5.321973023e-09	0.9999999807	2.788799607e-09	5.419469313e-09	
5.782714971e-09	5.321973023e-09	0.9999999807	2.788799592e-09	5.419469313e-09	
5.782714971e-09	5.321973023e-09	0.9999999807	2.788799609e-09	5.419469313e-09	
5.782714971e-09	5.321973023e-09	0.9999999807	2.788799603e-09	5.419469313e-09	
5.782714971e-09	5.321973023e-09	0.9999999807	2.788799609e-09	5.419469313e-09	
5.782714971e-09	5.321973023e-09	0.9999999807	2.788799637e-09	5.419469313e-09	
5.782749145e-09	5.322006885e-09	0.9999999807	2.81377495e-09	5.419500629e-09	
5.782714971e-09	5.321973023e-09	0.9999999807	2.788799622e-09	5.419469313e-09	
5.782714971e-09	5.321973023e-09	0.9999999807	2.788799626e-09	5.419469313e-09	
5.782754885e-09	5.322012569e-09	0.9999999807	2.817992444e-09	5.419505889e-09	
5.782758717e-09	5.322016351e-09	0.9999999807	2.820846865e-09	5.419509405e-09	
5.782714971e-09	5.321973023e-09	0.9999999807	2.788799603e-09	5.419469313e-09	
5.782714971e-09	5.321973023e-09	0.9999999807	2.788799588e-09	5.419469313e-09	
5.782714971e-09	5.321973023e-09	0.9999999807	2.788799605e-09	5.419469313e-09	
5.782714971e-09	5.321973023e-09	0.9999999807	2.788799605e-09	5.419469313e-09	
5.782714971e-09	5.321973023e-09	0.9999999807	2.788799618e-09	5.419469313e-09	
5.782714971e-09	5.321973023e-09	0.9999999807	2.788799597e-09	5.419469313e-09	
5.782714971e-09	5.321973023e-09	0.9999999807	2.788799622e-09	5.419469313e-09	
5.782754885e-09	5.322012569e-09	0.9999999807	2.817992439e-09	5.419505889e-09	
5.782758717e-09	5.322016351e-09	0.9999999807	2.820846853e-09	5.419509405e-09	
5.782758717e-09	5.322016351e-09	0.9999999807	2.820846856e-09	5.419509405e-09	
1.568586444e-08	1.867914965e-08	0.999931029	6.892209192e-05	1.45477989e-08	
5.782758717e-09	5.322016351e-09	0.9999999807	2.820846878e-09	5.419509405e-09	
5.782758717e-09	5.322016351e-09	0.9999999807	2.820846884e-09	5.419509405e-09	
5.782792891e-09	5.322050213e-09	0.9999999806	2.846109199e-09	5.419540721e-09	
5.782758717e-09	5.322016351e-09	0.9999999807	2.820846869e-09	5.419509405e-09	
5.782758717e-09	5.322016351e-09	0.9999999807	2.820846873e-09	5.419509405e-09	
5.782798631e-09	5.322055897e-09	0.9999999806	2.850375157e-09	5.419545981e-09	
5.782714971e-09	5.321973023e-09	0.9999999807	2.788799576e-09	5.419469313e-09	
5.782714971e-09	5.321973023e-09	0.9999999807	2.788799594e-09	5.419469313e-09	
5.782714971e-09	5.321973023e-09	0.9999999807	2.788799588e-09	5.419469313e-09	
5.782714971e-09	5.321973023e-09	0.9999999807	2.788799616e-09	5.419469313e-09	
5.782714971e-09	5.321973023e-09	0.9999999807	2.788799594e-09	5.419469313e-09	
5.782714971e-09	5.321973023e-09	0.9999999807	2.788799622e-09	5.419469313e-09	
5.782749145e-09	5.322006884e-09	0.9999999807	2.813774935e-09	5.419500629e-09	
5.782714971e-09	5.321973023e-09	0.9999999807	2.788799607e-09	5.419469313e-09	
5.782714971e-09	5.321973023e-09	0.9999999807	2.788799586e-09	5.419469313e-09	
5.782714971e-09	5.321973023e-09	0.9999999807	2.788799611e-09	5.419469313e-09	
5.782714971e-09	5.321973023e-09	0.9999999807	2.788799579e-09	5.419469313e-09	
5.782714971e-09	5.321973023e-09	0.9999999807	2.788799573e-09	5.419469313e-09	
5.782714971e-09	5.321973023e-09	0.9999999807	2.788799601e-09	5.419469313e-09	
5.782749145e-09	5.322006884e-09	0.9999999807	2.81377492e-09	5.419500629e-09	
5.782714971e-09	5.321973023e-09	0.9999999807	2.788799592e-09	5.419469313e-09	
5.782714971e-09	5.321973023e-09	0.9999999807	2.788799571e-09	5.419469313e-09	
5.782714971e-09	5.321973023e-09	0.9999999807	2.78879959e-09	5.419469313e-09	
5.782714971e-09	5.321973023e-09	0.9999999807	2.788799618e-09	5.419469313e-09	
5.782714971e-09	5.321973023e-09	0.9999999807	2.788799624e-09	5.419469313e-09	
5.782749145e-09	5.322006884e-09	0.9999999807	2.813774937e-09	5.419500629e-09	
5.782714971e-09	5.321973023e-09	0.9999999807	2.788799609e-09	5.419469313e-09	
5.782714971e-09	5.321973023e-09	0.9999999807	2.788799588e-09	5.419469313e-09	
5.782714971e-09	5.321973023e-09	0.9999999807	2.788799614e-09	5.419469313e-09	
5.782714971e-09	5.321973023e-09	0.9999999807	2.788799612e-09	5.419469313e-09	
5.782714971e-09	5.321973023e-09	0.9999999807	2.78879959e-09	5.419469313e-09	
5.782714971e-09	5.321973023e-09	0.9999999807	2.788799618e-09	5.419469313e-09	
5.782749145e-09	5.322006884e-09	0.9999999807	2.813774931e-09	5.419500629e-09	
5.782714971e-09	5.321973023e-09	0.9999999807	2.788799603e-09	5.419469313e-09	
5.782714971e-09	5.321973023e-09	0.9999999807	2.788799582e-09	5.419469313e-09	
5.782754885e-09	5.322012568e-09	0.9999999807	2.817992424e-09	5.419505889e-09	
1.568584119e-08	1.867911965e-08	0.9999312018	6.874931476e-05	1.454777786e-08	
1.568585514e-08	1.867913768e-08	0.9999310987	6.88523542e-05	1.454779048e-08	
9.515880422e-08	0.001356447913	0.02090407042	0.977739299	8.752571029e-08	
1.79422375e-08	3.031324665e-05	0.03279874561	0.9671709068	1.636144371e-08	
4.054756628e-06	6.53935555e-05	0.2491140984	0.7508164347	1.856278214e-08	
1.746330422e-08	2.306933769e-05	0.01163344478	0.9883434524	1.596710061e-08	
1.607214687e-08	1.959781147e-08	0.01908183935	0.9809181103	1.467271827e-08	
8.974651768e-07	2.309797472e-08	7.631518016e-05	0.9999227492	1.50070834e-08	
1.608634304e-08	1.974497323e-08	0.03023642472	0.9697635248	1.467400886e-08	
1.578481046e-08	1.917609451e-08	7.730621845e-05	0.9999226442	1.461945468e-08	
5.782714971e-09	5.321973023e-09	0.9999999807	2.788799618e-09	5.419469313e-09	
5.782749145e-09	5.322006885e-09	0.9999999807	2.813774959e-09	5.419500629e-09	
5.782714971e-09	5.321973023e-09	0.9999999807	2.78879961e-09	5.419469313e-09	
5.782714971e-09	5.321973023e-09	0.9999999807	2.788799636e-09	5.419469313e-09	
5.782754885e-09	5.322012569e-09	0.9999999807	2.817992453e-09	5.419505889e-09	
5.782749145e-09	5.322006885e-09	0.9999999807	2.813774937e-09	5.419500629e-09	
5.782714971e-09	5.321973023e-09	0.9999999807	2.788799609e-09	5.419469313e-09	
5.782714971e-09	5.321973023e-09	0.9999999807	2.788799588e-09	5.419469313e-09	
5.782754885e-09	5.322012568e-09	0.9999999807	2.81799243e-09	5.419505889e-09	
5.782749145e-09	5.322006885e-09	0.9999999807	2.813774966e-09	5.419500629e-09	
5.782714971e-09	5.321973023e-09	0.9999999807	2.788799616e-09	5.419469313e-09	
5.782714971e-09	5.321973023e-09	0.9999999807	2.788799642e-09	5.419469313e-09	
5.782754885e-09	5.322012569e-09	0.9999999807	2.817992459e-09	5.419505889e-09	
5.782749145e-09	5.322006885e-09	0.9999999807	2.81377495e-09	5.419500629e-09	
5.782749145e-09	5.322006884e-09	0.9999999807	2.813774929e-09	5.419500629e-09	
5.782749145e-09	5.322006885e-09	0.9999999807	2.813774954e-09	5.419500629e-09	
5.78278906e-09	5.322046431e-09	0.9999999806	2.84322921e-09	5.419537205e-09	
5.782714971e-09	5.321973023e-09	0.9999999807	2.788799601e-09	5.419469313e-09	
5.782714971e-09	5.321973023e-09	0.9999999807	2.788799626e-09	5.419469313e-09	
5.782754885e-09	5.322012569e-09	0.9999999807	2.817992444e-09	5.419505889e-09	
5.782714971e-09	5.321973023e-09	0.9999999807	2.788799605e-09	5.419469313e-09	
5.782754885e-09	5.322012568e-09	0.9999999807	2.817992422e-09	5.419505889e-09	
5.782754885e-09	5.322012569e-09	0.9999999807	2.817992448e-09	5.419505889e-09	
5.094775812e-09	0.9999999835	4.131950382e-09	2.46954486e-09	4.774744605e-09	
5.094778912e-09	0.9999999835	4.132243321e-09	2.471609568e-09	4.774747414e-09	
5.094798224e-09	0.9999999835	4.13326065e-09	2.485204351e-09	4.774765108e-09	
5.094779121e-09	0.9999999835	4.132262861e-09	2.471747385e-09	4.774747601e-09	
5.094778912e-09	0.9999999835	4.132243321e-09	2.471609568e-09	4.774747414e-09	
5.094779318e-09	0.9999999835	4.132285101e-09	2.471904811e-09	4.774747815e-09	
5.130265647e-09	0.9999999831	4.256806176e-09	2.764376068e-09	4.775197541e-09	
5.094778912e-09	0.9999999835	4.132243321e-09	2.471609568e-09	4.774747414e-09	
5.094796259e-09	0.9999999835	4.133019049e-09	2.483936838e-09	4.774763342e-09	
5.094775812e-09	0.9999999835	4.13195038e-09	2.469544856e-09	4.774744605e-09	
5.094775769e-09	0.9999999835	4.131950291e-09	2.469544758e-09	4.774744604e-09	
5.094962056e-09	0.9999999834	4.140549128e-09	2.577253438e-09	4.774883159e-09	
5.094793725e-09	0.9999999835	4.132885416e-09	2.482125899e-09	4.774760991e-09	
5.094779318e-09	0.9999999835	4.132285101e-09	2.471904811e-09	4.774747815e-09	
5.094795607e-09	0.9999999835	4.133106423e-09	2.48334868e-09	4.774762686e-09	
1.135807105e-08	0.9999568975	2.392926e-07	4.284136193e-05	1.053055543e-08	
5.094760999e-09	0.9999999835	4.131308432e-09	2.459081833e-09	4.774731028e-09	
5.094780311e-09	0.9999999835	4.132325531e-09	2.472607708e-09	4.774748722e-09	
5.094761208e-09	0.9999999835	4.131327967e-09	2.459218951e-09	4.774731215e-09	
5.094760999e-09	0.9999999835	4.131308432e-09	2.459081833e-09	4.774731028e-09	
5.130247609e-09	0.9999999831	4.255843106e-09	2.750364401e-09	4.775181153e-09	
5.094760999e-09	0.9999999835	4.131308432e-09	2.459081833e-09	4.774731028e-09	
5.094778346e-09	0.9999999835	4.132083985e-09	2.47134662e-09	4.774746956e-09	
5.094757899e-09	0.9999999835	4.131015557e-09	2.457027587e-09	4.774728219e-09	
5.094757856e-09	0.9999999835	4.131015468e-09	2.457027488e-09	4.774728218e-09	
5.094944143e-09	0.9999999834	4.13961236e-09	2.564190231e-09	4.774866772e-09	
5.094775812e-09	0.9999999835	4.131950382e-09	2.46954486e-09	4.774744605e-09	
5.094761405e-09	0.9999999835	4.131350202e-09	2.459375579e-09	4.774731429e-09	
5.094777694e-09	0.9999999835	4.132171338e-09	2.470761444e-09	4.7747463e-09	
5.09478341e-09	0.9999999835	4.132618497e-09	2.474674977e-09	4.774751531e-09	
6.215594207e-09	0.9999926383	2.53647701e-07	7.096012258e-06	5.777040977e-09	
5.094764308e-09	0.9999999835	4.131620863e-09	2.461275026e-09	4.774734024e-09	
5.094764098e-09	0.9999999835	4.131601326e-09	2.461137793e-09	4.774733837e-09	
5.094764504e-09	0.9999999835	4.131643099e-09	2.461431786e-09	4.774734238e-09	
5.13025073e-09	0.9999999831	4.256144829e-09	2.752663893e-09	4.775183963e-09	
5.094764098e-09	0.9999999835	4.131601326e-09	2.461137793e-09	4.774733837e-09	
5.094781445e-09	0.9999999835	4.132376934e-09	2.473412834e-09	4.774749765e-09	
5.094760999e-09	0.9999999835	4.131308431e-09	2.459081829e-09	4.774731028e-09	
5.094760956e-09	0.9999999835	4.131308341e-09	2.459081731e-09	4.774731027e-09	
5.094947242e-09	0.9999999834	4.139905843e-09	2.566334069e-09	4.774869581e-09	
5.094778912e-09	0.9999999835	4.132243321e-09	2.471609568e-09	4.774747414e-09	
5.094764504e-09	0.9999999835	4.131643099e-09	2.461431785e-09	4.774734238e-09	
5.094780794e-09	0.9999999835	4.132464294e-09	2.472827169e-09	4.774749109e-09	
6.215617525e-09	0.9999925993	2.537101374e-07	7.135042716e-06	5.777062159e-09	
5.09478362e-09	0.9999999835	4.132638038e-09	2.474812964e-09	4.774751718e-09	
5.09478341e-09	0.9999999835	4.132618497e-09	2.474674977e-09	4.774751531e-09	
5.094783817e-09	0.9999999835	4.13266028e-09	2.474970586e-09	4.774751932e-09	
5.09478341e-09	0.9999999835	4.132618497e-09	2.474674977e-09	4.774751531e-09	
5.094800757e-09	0.9999999835	4.133394295e-09	2.487017535e-09	4.774767459e-09	
5.094780311e-09	0.9999999835	4.132325529e-09	2.472607704e-09	4.774748722e-09	
5.094780268e-09	0.9999999835	4.13232544e-09	2.472607605e-09	4.774748721e-09	
5.094798224e-09	0.9999999835	4.13326065e-09	2.485204351e-09	4.774765108e-09	
5.094783817e-09	0.9999999835	4.13266028e-09	2.474970586e-09	4.774751932e-09	
5.094800106e-09	0.9999999835	4.133481677e-09	2.486428648e-09	4.774766803e-09	
1.135808048e-08	0.9999568443	2.393143132e-07	4.289449357e-05	1.053056395e-08	
6.21559446e-09	0.999992638	2.536489003e-07	7.096407927e-06	5.777041201e-09	
6.215594207e-09	0.9999926383	2.53647701e-07	7.096012258e-06	5.777040977e-09	
6.215594697e-09	0.9999926375	2.536502654e-07	7.096859898e-06	5.777041457e-09	
6.215594207e-09	0.9999926383	2.53647701e-07	7.096012258e-06	5.777040977e-09	
6.215815754e-09	0.9999923345	2.541574556e-07	7.399314466e-06	5.777203462e-09	
6.215594697e-09	0.9999926375	2.536502653e-07	7.096859895e-06	5.777041457e-09	
6.215614365e-09	0.9999926046	2.537006719e-07	7.129715109e-06	5.77705926e-09	
6.005641739e-08	0.0007392147733	2.44999219e-06	0.9992582191	5.605167513e-08	
5.04035551e-06	0.7520203078	0.002894776419	0.2450798523	2.312454941e-08	
5.094764308e-09	0.9999999835	4.131620863e-09	2.461275026e-09	4.774734024e-09	
5.094764714e-09	0.9999999835	4.131662636e-09	2.461569035e-09	4.774734425e-09	
5.130250941e-09	0.9999999831	4.256164954e-09	2.752817381e-09	4.77518415e-09	
5.094764308e-09	0.9999999835	4.131620863e-09	2.461275026e-09	4.774734024e-09	
5.094781655e-09	0.9999999835	4.132396474e-09	2.473550751e-09	4.774749952e-09	
5.094761208e-09	0.9999999835	4.131327966e-09	2.459218947e-09	4.774731215e-09	
5.094761165e-09	0.9999999835	4.131327876e-09	2.459218849e-09	4.774731215e-09	
5.094947452e-09	0.9999999834	4.139925418e-09	2.566477167e-09	4.774869769e-09	
5.094779121e-09	0.9999999835	4.132262861e-09	2.471747385e-09	4.774747601e-09	
5.094781003e-09	0.9999999835	4.132483834e-09	2.472965053e-09	4.774749296e-09	
5.094764504e-09	0.9999999835	4.131643099e-09	2.461431786e-09	4.774734238e-09	
5.13025073e-09	0.9999999831	4.256144829e-09	2.752663893e-09	4.775183963e-09	
5.094764098e-09	0.9999999835	4.131601326e-09	2.461137793e-09	4.774733837e-09	
5.094781445e-09	0.9999999835	4.132376934e-09	2.473412834e-09	4.774749765e-09	
5.094760999e-09	0.9999999835	4.131308431e-09	2.459081829e-09	4.774731028e-09	
5.094760956e-09	0.9999999835	4.131308341e-09	2.459081731e-09	4.774731027e-09	
5.094947242e-09	0.9999999834	4.139905843e-09	2.566334069e-09	4.774869581e-09	
5.094778912e-09	0.9999999835	4.132243321e-09	2.471609568e-09	4.774747414e-09	
5.094764504e-09	0.9999999835	4.131643099e-09	2.461431785e-09	4.774734238e-09	
5.094780794e-09	0.9999999835	4.132464294e-09	2.472827169e-09	4.774749109e-09	
5.094764504e-09	0.9999999835	4.131643099e-09	2.461431786e-09	4.774734238e-09	
5.094781851e-09	0.9999999835	4.132418715e-09	2.473708293e-09	4.774750166e-09	
5.094761405e-09	0.9999999835	4.131350201e-09	2.459375576e-09	4.774731429e-09	
5.094761362e-09	0.9999999835	4.131350111e-09	2.459375478e-09	4.774731428e-09	
5.094947649e-09	0.9999999834	4.1399477e-09	2.566640627e-09	4.774869983e-09	
5.094779318e-09	0.9999999835	4.132285101e-09	2.471904811e-09	4.774747815e-09	
5.094764911e-09	0.9999999835	4.131684872e-09	2.461725812e-09	4.774734639e-09	
5.0947812e-09	0.9999999835	4.132506075e-09	2.473122557e-09	4.77474951e-09	
5.13025073e-09	0.9999999831	4.256144829e-09	2.752663893e-09	4.775183963e-09	
5.130247609e-09	0.9999999831	4.255843104e-09	2.750364396e-09	4.775181153e-09	
5.13043515e-09	0.999999983	4.264699677e-09	2.870320852e-09	4.77531972e-09	
5.130265647e-09	0.9999999831	4.256806176e-09	2.764376068e-09	4.775197541e-09	
5.130267542e-09	0.9999999831	4.257033809e-09	2.765737896e-09	4.775199236e-09	
5.278835193e-08	0.999630384	1.833870264e-05	0.0003511762043	4.831096146e-08	
5.530940533e-06	0.9998034714	6.457767062e-05	0.0001263945422	2.541205697e-08	
6.750519782e-08	0.9995198273	8.54612025e-06	0.0004714971132	6.194402368e-08	
5.094781445e-09	0.9999999835	4.132376934e-09	2.473412834e-09	4.774749765e-09	
5.094760999e-09	0.9999999835	4.131308431e-09	2.459081829e-09	4.774731028e-09	
5.094760956e-09	0.9999999835	4.131308341e-09	2.459081731e-09	4.774731027e-09	
5.094947242e-09	0.9999999834	4.139905843e-09	2.566334069e-09	4.774869581e-09	
5.094778912e-09	0.9999999835	4.132243321e-09	2.471609568e-09	4.774747414e-09	
5.094764504e-09	0.9999999835	4.131643099e-09	2.461431785e-09	4.774734238e-09	
5.094780794e-09	0.9999999835	4.132464294e-09	2.472827169e-09	4.774749109e-09	
5.094778303e-09	0.9999999835	4.132083894e-09	2.471346517e-09	4.774746955e-09	
5.09496459e-09	0.9999999834	4.140683009e-09	2.579133781e-09	4.77488551e-09	
5.094796259e-09	0.9999999835	4.133019049e-09	2.483936838e-09	4.774763342e-09	
5.094781851e-09	0.9999999835	4.132418714e-09	2.473708292e-09	4.774750166e-09	
5.094798141e-09	0.9999999835	4.133240063e-09	2.485160511e-09	4.774765037e-09	
1.135807635e-08	0.9999568662	2.393003298e-07	4.28726173e-05	1.053056029e-08	
5.094757856e-09	0.9999999835	4.131015466e-09	2.457027484e-09	4.774728218e-09	
5.094944143e-09	0.9999999834	4.139612358e-09	2.564190226e-09	4.774866772e-09	
5.094775812e-09	0.9999999835	4.13195038e-09	2.469544856e-09	4.774744605e-09	
5.094761405e-09	0.9999999835	4.1313502e-09	2.459375575e-09	4.774731429e-09	
5.094777694e-09	0.9999999835	4.132171337e-09	2.47076144e-09	4.7747463e-09	
5.0949441e-09	0.9999999834	4.139612269e-09	2.564190124e-09	4.774866772e-09	
5.094775769e-09	0.9999999835	4.131950291e-09	2.469544758e-09	4.774744604e-09	
5.094761362e-09	0.9999999835	4.131350111e-09	2.459375477e-09	4.774731428e-09	
5.094777651e-09	0.9999999835	4.132171247e-09	2.470761341e-09	4.774746299e-09	
5.094962056e-09	0.9999999834	4.140549128e-09	2.577253438e-09	4.774883159e-09	
5.094947649e-09	0.9999999834	4.139947699e-09	2.566640626e-09	4.774869983e-09	
5.094963938e-09	0.9999999834	4.140770545e-09	2.578523082e-09	4.774884854e-09	
6.165877239e-08	0.9996020734	4.85247819e-06	0.000392955577	5.686770949e-08	
1.135842767e-08	0.9999552552	2.397359325e-07	4.448318518e-05	1.053080758e-08	
5.094779318e-09	0.9999999835	4.132285101e-09	2.471904811e-09	4.774747815e-09	
5.094795607e-09	0.9999999835	4.133106423e-09	2.48334868e-09	4.774762686e-09	
1.135807105e-08	0.9999568975	2.392926e-07	4.284136193e-05	1.053055543e-08	
5.0947812e-09	0.9999999835	4.132506075e-09	2.473122557e-09	4.77474951e-09	
1.135807501e-08	0.9999568763	2.393053911e-07	4.286246617e-05	1.053055895e-08	
5.003256617e-09	4.604617699e-09	4.056816782e-09	2.527667279e-09	0.9999999838	
5.003314871e-09	4.60467021e-09	4.056861519e-09	2.572866443e-09	0.9999999838	
5.00322759e-09	4.604591559e-09	4.056794499e-09	2.505569656e-09	0.9999999838	
5.003250779e-09	4.604612442e-09	4.056812299e-09	2.523206352e-09	0.9999999838	
1.008128959e-08	9.300208552e-09	8.215839295e-09	3.6581139e-05	0.9999633913	
5.003324803e-09	4.604679164e-09	4.056869155e-09	2.580644275e-09	0.9999999838	
5.003250779e-09	4.604612442e-09	4.056812299e-09	2.523206352e-09	0.9999999838	
5.003253372e-09	4.604614777e-09	4.05681429e-09	2.525186394e-09	0.9999999838	
2.369568453e-08	2.180767524e-08	1.921321002e-08	0.0001360103742	0.9998639249	
5.003219649e-09	4.604584373e-09	4.056788337e-09	2.499483344e-09	0.9999999838	
5.003132369e-09	4.604505724e-09	4.056721318e-09	2.434105991e-09	0.9999999839	
5.003155558e-09	4.604526606e-09	4.056739119e-09	2.451239655e-09	0.9999999839	
1.008110824e-08	9.300044887e-09	8.215699661e-09	3.553781166e-05	0.9999644346	
5.003132369e-09	4.604505724e-09	4.056721318e-09	2.434105979e-09	0.9999999839	
5.00322958e-09	4.604593327e-09	4.056795973e-09	2.507039339e-09	0.9999999838	
5.003155558e-09	4.604526606e-09	4.056739119e-09	2.451239655e-09	0.9999999839	
5.003190621e-09	4.604558233e-09	4.056766054e-09	2.477632114e-09	0.9999999839	
5.003213811e-09	4.604579116e-09	4.056783855e-09	2.495072158e-09	0.9999999838	
5.003190621e-09	4.604558233e-09	4.056766054e-09	2.477632105e-09	0.9999999839	
5.003190621e-09	4.604558233e-09	4.056766054e-09	2.477632101e-09	0.9999999839	
5.003287834e-09	4.604645838e-09	4.05684071e-09	2.551869638e-09	0.9999999838	
5.003213811e-09	4.604579116e-09	4.056783855e-09	2.495072158e-09	0.9999999838	
5.003216403e-09	4.604581451e-09	4.056785845e-09	2.497030122e-09	0.9999999838	
2.369554538e-08	2.180755048e-08	1.921310444e-08	0.0001344940386	0.9998654412	
5.003126531e-09	4.604500466e-09	4.056716835e-09	2.429810185e-09	0.9999999839	
5.003103342e-09	4.604479584e-09	4.056699035e-09	2.4128263e-09	0.9999999839	
5.003103342e-09	4.604479584e-09	4.056699035e-09	2.412826296e-09	0.9999999839	
5.003126531e-09	4.604500466e-09	4.056716835e-09	2.429810185e-09	0.9999999839	
5.003129123e-09	4.604502801e-09	4.056718826e-09	2.431716936e-09	0.9999999839	
5.003126531e-09	4.604500466e-09	4.056716835e-09	2.429810176e-09	0.9999999839	
1.008109711e-08	9.30003485e-09	8.215691097e-09	3.547509535e-05	0.9999644973	
5.003126531e-09	4.604500466e-09	4.056716835e-09	2.429810173e-09	0.9999999839	
5.003223742e-09	4.604588069e-09	4.05679149e-09	2.502614817e-09	0.9999999838	
5.00314972e-09	4.604521348e-09	4.056734636e-09	2.446913611e-09	0.9999999839	
5.003152313e-09	4.604523683e-09	4.056736626e-09	2.448833784e-09	0.9999999839	
5.003103342e-09	4.604479584e-09	4.056699035e-09	2.412826288e-09	0.9999999839	
5.003200553e-09	4.604567187e-09	4.05677369e-09	2.485122042e-09	0.9999999839	
5.003126531e-09	4.604500466e-09	4.056716835e-09	2.429810176e-09	0.9999999839	
5.003129123e-09	4.604502801e-09	4.056718826e-09	2.431716928e-09	0.9999999839	
1.008109711e-08	9.30003485e-09	8.215691097e-09	3.547509535e-05	0.9999644973	
1.008110205e-08	9.300039308e-09	8.2156949e-09	3.550293283e-05	0.9999644695	
2.0723292e-08	1.917292463e-08	5.476493792e-06	0.9998547966	0.0001396870373	
2.052597459e-08	1.891555455e-08	3.475886126e-06	0.9998585957	0.0001378889794	
2.259505908e-08	2.514372934e-05	1.783603619e-06	0.9998220165	0.0001510336093	
1.115607512e-06	2.224313793e-08	1.77110268e-08	0.9998622251	0.0001366193577	
2.185445089e-07	1.909973367e-08	3.427865449e-06	0.9998575954	0.0001387390564	
5.003200553e-09	4.604567187e-09	4.05677369e-09	2.485122038e-09	0.9999999839	
5.003126531e-09	4.604500466e-09	4.056716835e-09	2.429810173e-09	0.9999999839	
5.003129123e-09	4.604502801e-09	4.056718826e-09	2.431716924e-09	0.9999999839	
5.003223742e-09	4.604588069e-09	4.05679149e-09	2.502614817e-09	0.9999999838	
5.003226335e-09	4.604590404e-09	4.056793481e-09	2.5045787e-09	0.9999999838	
2.369558278e-08	2.180758402e-08	1.921313279e-08	0.0001349005623	0.9998650347	
5.003152313e-09	4.604523683e-09	4.056736626e-09	2.448833784e-09	0.9999999839	
1.240145392e-08	1.140058692e-08	1.004425169e-08	0.9999639834	3.598271154e-05	
1.240145392e-08	1.140058871e-08	1.004425169e-08	0.9999639834	3.598271153e-05	
1.24026145e-08	1.140059243e-08	1.004425495e-08	0.9999639675	3.599862616e-05	
1.240261447e-08	1.14005924e-08	1.004425494e-08	0.9999639675	3.599862616e-05	
1.240261447e-08	1.140059046e-08	1.004425493e-08	0.9999639675	3.599862588e-05	
1.240045946e-08	1.140058559e-08	1.004424893e-08	0.9999639971	3.596908534e-05	
1.238759327e-08	1.14005796e-08	1.004424145e-08	0.9999639835	3.598268807e-05	
1.240045946e-08	1.140058559e-08	1.004424893e-08	0.9999639971	3.596908534e-05	
1.238759631e-08	1.140058249e-08	1.004424383e-08	0.9999639676	3.599860042e-05	
1.240145655e-08	1.142363313e-08	1.005166873e-08	0.9999639674	3.599868303e-05	
1.24022928e-08	1.275283674e-08	1.005357968e-08	0.9999639797	3.598512947e-05	
9.744423957e-09	8.947997596e-09	7.883462023e-09	0.9999999642	9.208616916e-09	
9.745336038e-09	8.948000653e-09	7.883464705e-09	0.9999999642	9.212689902e-09	
9.745336013e-09	8.948000628e-09	7.883464694e-09	0.9999999642	9.212689902e-09	
9.745336012e-09	8.947999106e-09	7.88346469e-09	0.9999999642	9.212689829e-09	
9.743642431e-09	8.94799502e-09	7.883459743e-09	0.9999999642	9.205129606e-09	
6.415328653e-07	9.335885687e-09	8.572169037e-09	0.9999993313	9.228504052e-09	
9.733502544e-09	8.947963077e-09	7.883430123e-09	0.9999999643	9.160107153e-09	
9.733532969e-09	8.947990444e-09	7.883453987e-09	0.9999999642	9.208610913e-09	
9.743642431e-09	8.94799502e-09	7.883459743e-09	0.9999999642	9.205129606e-09	
9.733535513e-09	8.947992855e-09	7.883455978e-09	0.9999999642	9.212683314e-09	
9.74442618e-09	8.966084646e-09	7.889283577e-09	0.9999999642	9.212704455e-09	
9.745302965e-09	8.947970707e-09	7.883438837e-09	0.9999999643	9.160113582e-09	
9.74533604e-09	8.948002058e-09	7.883464709e-09	0.9999999642	9.212689898e-09	
9.745336015e-09	8.948002033e-09	7.883464698e-09	0.9999999642	9.212689898e-09	
9.745336013e-09	8.948000511e-09	7.883464694e-09	0.9999999642	9.212689825e-09	
9.743642433e-09	8.947996425e-09	7.883459747e-09	0.9999999642	9.205129602e-09	
6.415328654e-07	9.335887153e-09	8.572169042e-09	0.9999993313	9.228504048e-09	
9.733502545e-09	8.947964482e-09	7.883430127e-09	0.9999999643	9.160107149e-09	
9.733532971e-09	8.94799185e-09	7.883453991e-09	0.9999999642	9.208610909e-09	
9.743642433e-09	8.947996425e-09	7.883459747e-09	0.9999999642	9.205129602e-09	
9.733535514e-09	8.94799426e-09	7.883455982e-09	0.9999999642	9.21268331e-09	
9.745302966e-09	8.947972112e-09	7.883438841e-09	0.9999999643	9.160113578e-09	
9.745083131e-09	1.000934018e-08	7.890783331e-09	0.9999999631	9.209235732e-09	
9.746248182e-09	8.94800509e-09	7.88346738e-09	0.9999999642	9.216764685e-09	
9.744554441e-09	8.947999482e-09	7.883462429e-09	0.9999999642	9.209201045e-09	
6.415929131e-07	9.335890342e-09	8.572171957e-09	0.9999993313	9.232585829e-09	
9.734444033e-09	8.947994906e-09	7.883456673e-09	0.9999999642	9.212683892e-09	
9.744554441e-09	8.947999482e-09	7.883462429e-09	0.9999999642	9.209201045e-09	
9.734446577e-09	8.947997317e-09	7.883458664e-09	0.9999999642	9.216758094e-09	
9.745338264e-09	8.966089117e-09	7.889286265e-09	0.9999999642	9.216779245e-09	
9.74621513e-09	8.947975169e-09	7.883441523e-09	0.9999999643	9.164165111e-09	
9.745995274e-09	1.00093436e-08	7.890786016e-09	0.9999999631	9.213308991e-09	
9.746248155e-09	8.948003543e-09	7.883467365e-09	0.9999999642	9.216764612e-09	
9.744554416e-09	8.947999457e-09	7.883462419e-09	0.9999999642	9.209201045e-09	
6.415929114e-07	9.335890316e-09	8.572171946e-09	0.9999993313	9.232585829e-09	
9.73441358e-09	8.947967514e-09	7.883432799e-09	0.9999999643	9.164158678e-09	
9.734444008e-09	8.947994881e-09	7.883456663e-09	0.9999999642	9.212683892e-09	
9.744554416e-09	8.947999457e-09	7.883462419e-09	0.9999999642	9.209201045e-09	
9.734446552e-09	8.947997292e-09	7.883458653e-09	0.9999999642	9.216758094e-09	
9.745995249e-09	1.000934357e-08	7.890786005e-09	0.9999999631	9.213308991e-09	
9.744554414e-09	8.947997935e-09	7.883462414e-09	0.9999999642	9.209200973e-09	
6.415929113e-07	9.335888727e-09	8.572171941e-09	0.9999993313	9.232585756e-09	
9.734413578e-09	8.947965992e-09	7.883432794e-09	0.9999999643	9.164158606e-09	
9.734444006e-09	8.947993359e-09	7.883456658e-09	0.9999999642	9.21268382e-09	
9.744554414e-09	8.947997935e-09	7.883462414e-09	0.9999999642	9.209200973e-09	
9.73444655e-09	8.947995769e-09	7.883458649e-09	0.9999999642	9.216758021e-09	
9.745338237e-09	8.966087567e-09	7.88928625e-09	0.9999999642	9.216779172e-09	
9.746215104e-09	8.947973622e-09	7.883441508e-09	0.9999999643	9.164165039e-09	
6.41481413e-07	9.335884466e-09	8.572166563e-09	0.9999993314	9.225009207e-09	
9.732721896e-09	8.947961906e-09	7.883427848e-09	0.9999999643	9.156638209e-09	
9.732752319e-09	8.947989274e-09	7.883451711e-09	0.9999999642	9.205123602e-09	
9.74286097e-09	8.947993849e-09	7.883457468e-09	0.9999999642	9.201643613e-09	
9.732754862e-09	8.947991684e-09	7.883453702e-09	0.9999999642	9.20919446e-09	
9.743644656e-09	8.966083473e-09	7.8892813e-09	0.9999999642	9.209215593e-09	
9.744521371e-09	8.947969537e-09	7.883436562e-09	0.9999999643	9.156644636e-09	
9.744301553e-09	1.00093373e-08	7.89078105e-09	0.9999999631	9.205748187e-09	
6.41481413e-07	9.335884466e-09	8.572166563e-09	0.9999993314	9.225009207e-09	
6.415907357e-07	9.335859098e-09	8.57214383e-09	0.9999993313	9.179895964e-09	
6.415762626e-07	1.044323657e-08	8.580129942e-09	0.9999993302	9.229124203e-09	
6.713259018e-07	9.76999223e-09	1.866022241e-06	0.9999974434	9.511607425e-09	
7.390157864e-07	1.298719767e-05	9.57547304e-07	0.9999853058	1.041858114e-08	
0.000219476663	4.330443334e-05	4.132211142e-05	0.9996958813	1.551970588e-08	
6.660843242e-07	9.936575782e-09	2.423461905e-06	0.9999968911	9.392533705e-09	
9.722623765e-09	8.94795733e-09	7.883422092e-09	0.9999999643	9.160101178e-09	
9.732721896e-09	8.947961906e-09	7.883427848e-09	0.9999999643	9.156638209e-09	
9.722626305e-09	8.947959741e-09	7.883424082e-09	0.9999999643	9.164152125e-09	
9.733504767e-09	8.966051465e-09	7.889251658e-09	0.9999999642	9.164173155e-09	
9.734380569e-09	8.947937593e-09	7.883406942e-09	0.9999999643	9.111859324e-09	
9.73416098e-09	1.000930157e-08	7.890751402e-09	0.9999999632	9.160722709e-09	
9.732752319e-09	8.947989274e-09	7.883451711e-09	0.9999999642	9.205123602e-09	
9.722656697e-09	8.947987108e-09	7.883447946e-09	0.9999999642	9.212677304e-09	
9.733535192e-09	8.966078888e-09	7.889275539e-09	0.9999999642	9.212698446e-09	
9.734410997e-09	8.947964961e-09	7.883430806e-09	0.9999999643	9.160107607e-09	
9.734191407e-09	1.000933218e-08	7.890775288e-09	0.9999999632	9.209229729e-09	
9.732754862e-09	8.947991684e-09	7.883453702e-09	0.9999999642	9.20919446e-09	
9.743644656e-09	8.966083473e-09	7.8892813e-09	0.9999999642	9.209215593e-09	
9.744521371e-09	8.947969537e-09	7.883436562e-09	0.9999999643	9.156644636e-09	
9.744301553e-09	1.00093373e-08	7.89078105e-09	0.9999999631	9.205748187e-09	
9.734413541e-09	8.947967371e-09	7.883432796e-09	0.9999999643	9.164158557e-09	
9.734193951e-09	1.000933488e-08	7.890777281e-09	0.9999999632	9.213302403e-09	
9.74530519e-09	8.966059111e-09	7.889260379e-09	0.9999999642	9.164179588e-09	
9.745085355e-09	1.002957258e-08	7.896610292e-09	0.9999999631	9.213323546e-09	
5.737802064e-07	9.370611254e-09	8.60076989e-09	0.999999399	9.227456471e-09	
1.091037309e-08	1.114890233e-05	1.349558257e-06	0.9999874805	1.012685469e-08	
9.745962199e-09	1.00093101e-08	7.890760124e-09	0.9999999632	9.160729138e-09	
1.076683026e-08	9.927050053e-09	0.0005882392048	0.9994117302	9.904075082e-09	
1.208610817e-08	1.582660315e-05	0.001330792789	0.9986533575	1.105233156e-08	
1.030644106e-08	9.703900544e-09	2.741845484e-06	0.9999972286	9.564467e-09	
6.062002288e-07	9.919734225e-09	2.947684985e-06	0.9999964266	9.63029545e-09	
1.185583405e-08	1.319974003e-05	0.0003019404665	0.9996848371	1.085156857e-08	
3.477629278e-06	4.347091943e-05	0.01286945415	0.9870835813	1.5965553e-08	
1.152154981e-08	1.179682107e-05	0.0004623130407	0.9995258681	1.056411088e-08	
1.09691981e-08	1.047221081e-08	0.001652251542	0.998347717	9.98795319e-09	
1.0680894e-08	1.009454323e-08	0.0007638309947	0.9992361385	9.778375232e-09	
5.855283457e-07	1.168018183e-08	2.99905604e-06	0.9999963939	9.818587641e-09	
1.071869244e-08	1.019648384e-08	0.0008271995815	0.9991727697	9.793497727e-09	
1.029840504e-08	9.696972025e-09	3.038004105e-06	0.9999969324	9.56498246e-09	
1.197680957e-08	1.562169134e-05	0.0008450511682	0.9991393042	1.091533283e-08	
1.020827943e-08	9.573612272e-09	1.740222189e-06	0.9999982306	9.441326327e-09	
6.004266448e-07	9.786548878e-09	1.870866634e-06	0.9999975094	9.506308018e-09	
1.174420127e-08	1.302394111e-05	0.0001916596078	0.999795294	1.071302955e-08	
3.46077629e-06	4.308982612e-05	0.008206694564	0.991746739	1.583443674e-08	
1.141373314e-08	1.164038855e-05	0.0002934748277	0.9996948629	1.042985266e-08	
1.087127502e-08	1.033783632e-08	0.001049299991	0.9989506689	9.865304888e-09	
1.058210816e-08	9.961779752e-09	0.000484930799	0.999515039	9.655164998e-09	
5.79951656e-07	1.15233604e-08	1.903471372e-06	0.9999974954	9.692176178e-09	
1.07101513e-08	1.014906154e-08	0.0007770159724	0.9992229534	9.764227153e-09	
1.135699239e-07	9.891302271e-09	0.0003682726344	0.9996315941	9.838997944e-09	
1.061980291e-08	1.006261265e-08	0.00052517356	0.9994747961	9.670320868e-09	
1.020032105e-08	9.566777813e-09	1.928191343e-06	0.9999980426	9.441836173e-09	
1.146761885e-08	1.527444454e-05	3.939882458e-06	0.9999807637	1.054374951e-08	
6.744975962e-07	1.561417023e-05	4.235660494e-06	0.9999794651	1.061631271e-08	
3.602863516e-06	0.0637115126	0.01721870227	0.9190661659	1.638771014e-08	
1.258377591e-08	0.01822718617	0.0006520966675	0.9811206931	1.143148908e-08	
1.188030134e-08	1.588404418e-05	0.001097217918	0.9988868754	1.077596894e-08	
1.2019614e-08	1.617669105e-05	0.001757448972	0.9982263514	1.089366861e-08	
1.275212745e-07	1.577399411e-05	0.0008333868072	0.9991507007	1.098276144e-08	
1.192201242e-08	1.604400389e-05	0.001188211712	0.9987957216	1.079233377e-08	
5.744169946e-07	9.560974524e-09	8.715219043e-09	0.9999993981	9.174981502e-09	
1.123758466e-08	1.272615425e-05	8.929933808e-07	0.9999863593	1.034160119e-08	
1.092247889e-08	1.137538868e-05	1.367516293e-06	0.9999872361	1.006926255e-08	
1.04112004e-08	1.011009515e-08	4.893145678e-06	0.9999950768	9.531402873e-09	
1.82852457e-08	0.0001124488666	3.896926916e-07	0.9998871262	1.691563118e-08	
1.012857556e-08	9.736847757e-09	2.260081486e-06	0.9999977107	9.323132742e-09	
5.548289715e-07	1.125775388e-08	8.867104779e-09	0.9999994157	9.354371833e-09	
1.025411354e-08	9.922787004e-09	3.622435117e-06	0.999996348	9.431187552e-09	
1.086898686e-07	9.666838661e-09	1.716181953e-06	0.999998156	9.499540316e-09	
1.016506214e-08	9.835798061e-09	2.447736069e-06	0.9999975229	9.338141639e-09	
9.758457587e-09	9.34626935e-09	8.982259947e-09	0.9999999628	9.112757002e-09	
6.609677392e-07	1.300920617e-05	9.600331874e-07	0.9999853594	1.041277628e-08	
0.0001963020616	4.337881367e-05	4.143033814e-05	0.9997188733	1.551141476e-08	
6.424339827e-07	1.162839736e-05	1.470180038e-06	0.9999862489	1.013856343e-08	
5.957386332e-07	9.95341471e-09	2.429753467e-06	0.9999969552	9.38730062e-09	
3.263269328e-05	1.150778836e-08	9.532489803e-09	0.9999673368	9.418459692e-09	
6.031224111e-07	1.014348851e-08	3.894383178e-06	0.9999954829	9.496098094e-09	
6.392842408e-06	9.881792563e-09	1.845011113e-06	0.9999917427	9.56486823e-09	
5.978846767e-07	1.00545657e-08	2.631495873e-06	0.9999967512	9.402412665e-09	
5.739692867e-07	9.554150878e-09	9.656590498e-09	0.9999993976	9.175478684e-09	
3.617188061e-06	0.05438426009	0.003998424893	0.9416136814	1.646776006e-08	
1.237515672e-08	0.01524022544	0.0001483258891	0.984611425	1.125215009e-08	
1.165184163e-08	1.324525224e-05	0.0002489002057	0.9997378323	1.057831332e-08	
1.179450313e-08	1.349617964e-05	0.0003988752603	0.9995876061	1.069932224e-08	
1.250434874e-07	1.315079892e-05	0.0001890124023	0.999797701	1.077911145e-08	
1.169357449e-08	1.337958076e-05	0.0002695608352	0.9997170373	1.059512448e-08	
1.122882497e-08	1.271707051e-05	9.894496747e-07	0.9999862719	1.034216069e-08	
3.528629658e-06	0.04878980025	0.006145538818	0.9450611162	1.609278332e-08	
3.477860373e-06	4.483782198e-05	0.02273746651	0.9772142021	1.575131424e-08	
4.133767327e-06	0.337503468	0.001225490869	0.6612668885	1.891829827e-08	
3.425357098e-06	4.371734616e-05	0.01063222528	0.9893206164	1.559796646e-08	
0.0001896076926	5.107713185e-05	4.215229781e-05	0.9997171471	1.581466821e-08	
3.445730418e-06	4.426849664e-05	0.01693270651	0.9830195636	1.567827181e-08	
3.685060555e-05	4.351289363e-05	0.008093968069	0.9918256525	1.593333872e-08	
3.43466337e-06	4.412265869e-05	0.01150485949	0.9884475676	1.560929292e-08	
1.799097134e-08	0.1203165503	5.783184686e-05	0.8796255835	1.64441723e-08	
1.132362827e-08	1.183782972e-05	0.0003811117324	0.9996070288	1.029838442e-08	
6.205252386e-07	1.369205223e-05	1.495798693e-06	0.9999841813	1.033677227e-08	
1.146135825e-08	1.206113316e-05	0.0006107023207	0.9993772147	1.041536147e-08	
1.215250825e-07	1.17537868e-05	0.0002894217606	0.9996986924	1.049420276e-08	
1.1364061e-08	1.195775358e-05	0.0004127424096	0.9995752782	1.031463763e-08	
1.091396426e-08	1.136726851e-05	1.515227895e-06	0.9999870965	1.006980679e-08	
1.94884813e-08	0.0001215229104	0.0002351616457	0.9996432783	1.76894762e-08	
1.078302021e-08	1.051081301e-08	0.00136233269	0.9986376363	9.738755979e-09	
5.914797987e-07	1.216909887e-08	5.352167047e-06	0.9999940344	9.784642993e-09	
1.090772707e-08	1.07027577e-08	0.002181743997	0.9978182245	9.843557711e-09	
1.157506075e-07	1.043865561e-08	0.001034819442	0.9989650444	9.926276657e-09	
1.040308029e-08	1.010287426e-08	5.421674301e-06	0.9999945483	9.531914336e-09	
1.896187717e-08	0.000117051522	0.0001086321084	0.9997742801	1.730516643e-08	
1.038795258e-06	0.000135346898	4.262396266e-07	0.9998631707	1.736466514e-08	
1.919562519e-08	0.0001192788759	0.0001741028617	0.9997065816	1.750457122e-08	
1.902999359e-08	0.0001182398681	0.0001176506542	0.9997640731	1.733285154e-08	
1.827099466e-08	0.0001123686164	4.317852333e-07	0.9998871644	1.691654847e-08	
5.754235033e-07	1.171983967e-08	2.472098243e-06	0.9999969312	9.570841843e-09	
1.062406841e-08	1.031971871e-08	0.001008901508	0.9989910679	9.639758689e-09	
1.126708596e-07	1.005885316e-08	0.0004782349305	0.9995216326	9.714762299e-09	
1.053523861e-08	1.023258583e-08	0.0006819528446	0.9993180168	9.547767609e-09	
1.012067876e-08	9.72989622e-09	2.504202818e-06	0.9999974666	9.323635682e-09	
5.825554742e-07	1.194364541e-08	3.962252837e-06	0.9999954336	9.681766288e-09	
6.174843017e-06	1.163550921e-08	1.877165622e-06	0.9999919266	9.751883296e-09	
5.774963632e-07	1.183894181e-08	2.677356526e-06	0.9999967237	9.586249327e-09	
1.066144881e-08	1.042372119e-08	0.001092579288	0.99890739	9.65447037e-09	
1.024611735e-08	9.915701259e-09	4.01370966e-06	0.9999959567	9.431694933e-09	
1.130722697e-07	1.016067428e-08	0.0005179223118	0.9994819447	9.730017125e-09	
1.086051342e-07	9.659937675e-09	1.901554418e-06	0.9999979707	9.50005333e-09	
1.015713668e-08	9.82877568e-09	2.712126742e-06	0.9999972585	9.338645198e-09	
