4.616420481e-09	4.53597211e-09	0.9999999833	4.365375439e-09	3.181786053e-09	
4.616420481e-09	4.535972134e-09	0.9999999833	4.365375462e-09	3.181786057e-09	
4.616420481e-09	4.535972134e-09	0.9999999833	4.365375462e-09	3.181786057e-09	
4.616420481e-09	4.53597211e-09	0.9999999833	4.365375439e-09	3.181786053e-09	
4.616752493e-09	4.968580006e-09	0.9999999828	4.365686945e-09	3.276961097e-09	
4.616420481e-09	4.53597211e-09	0.9999999833	4.365375439e-09	3.181786053e-09	
4.616473899e-09	4.536024411e-09	0.9999999832	4.451558766e-09	3.181821419e-09	
4.616420481e-09	4.535972134e-09	0.9999999833	4.365375462e-09	3.181786057e-09	
4.616473899e-09	4.536024411e-09	0.9999999832	4.451558766e-09	3.181821419e-09	
4.616420481e-09	4.53597211e-09	0.9999999833	4.365375439e-09	3.181786053e-09	
4.616473899e-09	4.536024411e-09	0.9999999832	4.451558766e-09	3.181821419e-09	
4.616420481e-09	4.535972134e-09	0.9999999833	4.365375462e-09	3.181786057e-09	
4.616473899e-09	4.536024411e-09	0.9999999832	4.451558766e-09	3.181821419e-09	
1.498739508e-08	1.464423412e-08	0.9998587179	0.0001412421905	1.027225901e-08	
4.616367063e-09	4.535919834e-09	0.9999999834	4.280860667e-09	3.181750692e-09	
4.616367063e-09	4.535919834e-09	0.9999999834	4.280860667e-09	3.181750692e-09	
4.616367063e-09	4.535919809e-09	0.9999999834	4.280860644e-09	3.181750688e-09	
4.616699071e-09	4.968522718e-09	0.9999999829	4.281166119e-09	3.276924674e-09	
4.616367063e-09	4.535919809e-09	0.9999999834	4.280860644e-09	3.181750688e-09	
4.616420481e-09	4.53597211e-09	0.9999999833	4.365375439e-09	3.181786053e-09	
4.616367063e-09	4.535919834e-09	0.9999999834	4.280860667e-09	3.181750692e-09	
4.616420481e-09	4.53597211e-09	0.9999999833	4.365375439e-09	3.181786053e-09	
4.616367063e-09	4.535919809e-09	0.9999999834	4.280860644e-09	3.181750688e-09	
4.616420481e-09	4.53597211e-09	0.9999999833	4.365375439e-09	3.181786053e-09	
4.616367063e-09	4.535919834e-09	0.9999999834	4.280860667e-09	3.181750692e-09	
4.616420481e-09	4.53597211e-09	0.9999999833	4.365375439e-09	3.181786053e-09	
4.616367063e-09	4.535919858e-09	0.9999999834	4.28086069e-09	3.181750696e-09	
4.616367063e-09	4.535919834e-09	0.9999999834	4.280860667e-09	3.181750692e-09	
4.616699071e-09	4.968522745e-09	0.9999999829	4.281166142e-09	3.276924678e-09	
4.616367063e-09	4.535919834e-09	0.9999999834	4.280860667e-09	3.181750692e-09	
4.616420481e-09	4.535972134e-09	0.9999999833	4.365375462e-09	3.181786057e-09	
4.616367063e-09	4.535919858e-09	0.9999999834	4.28086069e-09	3.181750696e-09	
4.616420481e-09	4.535972134e-09	0.9999999833	4.365375462e-09	3.181786057e-09	
4.616367063e-09	4.535919834e-09	0.9999999834	4.280860667e-09	3.181750692e-09	
4.616420481e-09	4.535972134e-09	0.9999999833	4.365375462e-09	3.181786057e-09	
4.616420481e-09	4.535972134e-09	0.9999999833	4.365375462e-09	3.181786057e-09	
4.616367063e-09	4.535919834e-09	0.9999999834	4.280860667e-09	3.181750692e-09	
4.616699071e-09	4.968522745e-09	0.9999999829	4.281166142e-09	3.276924678e-09	
4.616367063e-09	4.535919834e-09	0.9999999834	4.280860667e-09	3.181750692e-09	
4.616420481e-09	4.535972134e-09	0.9999999833	4.365375462e-09	3.181786057e-09	
4.616420481e-09	4.535972134e-09	0.9999999833	4.365375462e-09	3.181786057e-09	
4.616367063e-09	4.535919834e-09	0.9999999834	4.280860667e-09	3.181750692e-09	
4.616420481e-09	4.535972134e-09	0.9999999833	4.365375462e-09	3.181786057e-09	
4.616367063e-09	4.535919858e-09	0.9999999834	4.28086069e-09	3.181750696e-09	
4.616420481e-09	4.535972134e-09	0.9999999833	4.365375462e-09	3.181786057e-09	
4.616699071e-09	4.968522718e-09	0.9999999829	4.281166119e-09	3.276924674e-09	
4.616367063e-09	4.535919809e-09	0.9999999834	4.280860644e-09	3.181750688e-09	
4.616420481e-09	4.53597211e-09	0.9999999833	4.365375439e-09	3.181786053e-09	
4.616367063e-09	4.535919834e-09	0.9999999834	4.280860667e-09	3.181750692e-09	
4.616420481e-09	4.53597211e-09	0.9999999833	4.365375439e-09	3.181786053e-09	
4.616367063e-09	4.535919809e-09	0.9999999834	4.280860644e-09	3.181750688e-09	
4.616420481e-09	4.53597211e-09	0.9999999833	4.365375439e-09	3.181786053e-09	
4.616367063e-09	4.535919834e-09	0.9999999834	4.280860667e-09	3.181750692e-09	
4.616420481e-09	4.53597211e-09	0.9999999833	4.365375439e-09	3.181786053e-09	
4.616699071e-09	4.968522718e-09	0.9999999829	4.281166119e-09	3.276924674e-09	
4.616752493e-09	4.968580006e-09	0.9999999828	4.365686945e-09	3.276961097e-09	
4.616699071e-09	4.968522745e-09	0.9999999829	4.281166142e-09	3.276924678e-09	
4.616752493e-09	4.968580006e-09	0.9999999828	4.365686945e-09	3.276961097e-09	
4.616699071e-09	4.968522718e-09	0.9999999829	4.281166119e-09	3.276924674e-09	
4.616752493e-09	4.968580006e-09	0.9999999828	4.365686945e-09	3.276961097e-09	
4.616699071e-09	4.968522745e-09	0.9999999829	4.281166142e-09	3.276924678e-09	
4.616752493e-09	4.968580006e-09	0.9999999828	4.365686945e-09	3.276961097e-09	
6.8124959e-08	0.0006666995614	0.9991201937	6.377832668e-08	0.0002129748219	
4.616420481e-09	4.53597211e-09	0.9999999833	4.365375439e-09	3.181786053e-09	
4.616367063e-09	4.535919834e-09	0.9999999834	4.280860667e-09	3.181750692e-09	
4.616420481e-09	4.53597211e-09	0.9999999833	4.365375439e-09	3.181786053e-09	
4.616367063e-09	4.535919809e-09	0.9999999834	4.280860644e-09	3.181750688e-09	
4.616420481e-09	4.53597211e-09	0.9999999833	4.365375439e-09	3.181786053e-09	
4.616367063e-09	4.535919834e-09	0.9999999834	4.280860667e-09	3.181750692e-09	
4.616420481e-09	4.53597211e-09	0.9999999833	4.365375439e-09	3.181786053e-09	
4.616420481e-09	4.535972134e-09	0.9999999833	4.365375462e-09	3.181786057e-09	
4.616473899e-09	4.536024411e-09	0.9999999832	4.451558766e-09	3.181821419e-09	
4.616420481e-09	4.53597211e-09	0.9999999833	4.365375439e-09	3.181786053e-09	
4.616473899e-09	4.536024411e-09	0.9999999832	4.451558766e-09	3.181821419e-09	
4.616420481e-09	4.535972134e-09	0.9999999833	4.365375462e-09	3.181786057e-09	
4.616473899e-09	4.536024411e-09	0.9999999832	4.451558766e-09	3.181821419e-09	
1.498739508e-08	1.464423412e-08	0.9998587179	0.0001412421905	1.027225901e-08	
4.616420481e-09	4.535972134e-09	0.9999999833	4.365375462e-09	3.181786057e-09	
4.616367063e-09	4.535919834e-09	0.9999999834	4.280860667e-09	3.181750692e-09	
4.616420481e-09	4.535972134e-09	0.9999999833	4.365375462e-09	3.181786057e-09	
4.616367063e-09	4.535919858e-09	0.9999999834	4.28086069e-09	3.181750696e-09	
4.616420481e-09	4.535972134e-09	0.9999999833	4.365375462e-09	3.181786057e-09	
4.616420481e-09	4.53597211e-09	0.9999999833	4.365375439e-09	3.181786053e-09	
4.616473899e-09	4.536024411e-09	0.9999999832	4.451558766e-09	3.181821419e-09	
4.616420481e-09	4.535972134e-09	0.9999999833	4.365375462e-09	3.181786057e-09	
4.616473899e-09	4.536024411e-09	0.9999999832	4.451558766e-09	3.181821419e-09	
1.498739508e-08	1.464423412e-08	0.9998587179	0.0001412421905	1.027225901e-08	
4.616420481e-09	4.53597211e-09	0.9999999833	4.365375439e-09	3.181786053e-09	
4.616367063e-09	4.535919834e-09	0.9999999834	4.280860667e-09	3.181750692e-09	
4.616420481e-09	4.53597211e-09	0.9999999833	4.365375439e-09	3.181786053e-09	
4.616420481e-09	4.535972134e-09	0.9999999833	4.365375462e-09	3.181786057e-09	
4.616473899e-09	4.536024411e-09	0.9999999832	4.451558766e-09	3.181821419e-09	
1.498739508e-08	1.464423412e-08	0.9998587179	0.0001412421905	1.027225901e-08	
4.616420481e-09	4.535972134e-09	0.9999999833	4.365375462e-09	3.181786057e-09	
1.498739508e-08	1.464423412e-08	0.9998587179	0.0001412421905	1.027225901e-08	
2.681100382e-08	0.0006351808727	2.737709461e-08	2.566431757e-08	0.9993647393	
8.214236609e-09	0.9140684689	8.372332833e-09	7.699064849e-09	0.08593150682	
8.227216985e-09	0.9134343288	8.38558357e-09	7.711231142e-09	0.08656564684	
1.339098715e-08	0.8809263007	1.365733009e-08	6.060530486e-05	0.1190130669	
2.68110042e-08	0.0006353076013	2.7377095e-08	2.566431798e-08	0.9993646125	
8.586683475e-09	0.8958750064	8.748685703e-09	8.125153939e-09	0.1041249681	
9.713119541e-09	0.9348137403	7.93757672e-09	7.302001196e-09	0.06518623477	
9.250808136e-09	0.8959411526	9.306104481e-06	8.753612385e-09	0.1040495233	
8.249746337e-09	0.9123365664	8.408582463e-09	7.825990345e-09	0.08766340913	
8.052185139e-09	0.9219876786	8.205554801e-09	7.628621378e-09	0.07801229748	
8.391170925e-09	0.9054245695	8.55474616e-09	7.864901928e-09	0.09457540571	
2.425180184e-08	0.0005538111358	2.4768907e-08	2.296781146e-08	0.9994461169	
2.411229401e-08	0.0005493752143	2.462648484e-08	2.283568977e-08	0.9994505532	
2.854720811e-08	0.0003853867488	2.917429762e-08	0.0001305468876	0.9994840086	
6.810185398e-09	3.311586166e-08	6.968138477e-09	6.586890081e-09	0.9999999465	
2.092405172e-08	0.0004479957612	2.136223561e-08	2.000583869e-08	0.9995519419	
3.77962162e-08	0.0007464845638	3.095003054e-08	2.871020707e-08	0.999253418	
2.255821688e-08	0.0004483433503	2.273927288e-05	2.156836578e-08	0.9995288733	
2.387573048e-08	0.000541847792	2.438498067e-08	2.288548996e-08	0.9994580811	
2.618503754e-08	0.0006152770553	2.673812532e-08	2.50663064e-08	0.999384645	
2.251114764e-08	0.0004984636549	2.299671227e-08	2.131931343e-08	0.9995014695	
1.778084754e-08	0.0003480523475	1.815969511e-08	1.703911881e-08	0.9996518947	
8.428053183e-09	0.9019552303	8.592037357e-09	7.815504088e-09	0.09804474491	
2.425180257e-08	0.0005539216389	2.476890776e-08	2.29678122e-08	0.9994460064	
8.773928765e-09	0.8823673032	8.941286563e-09	8.214085239e-09	0.1176326708	
9.981207132e-09	0.9259398125	8.158321574e-09	7.423781683e-09	0.07406016195	
9.45263565e-09	0.8824417881	9.511077448e-06	8.849515905e-09	0.1175486825	
8.25900391e-09	0.9115329523	8.418029037e-09	7.741389838e-09	0.08846702329	
8.586025622e-09	0.8930077416	8.755184234e-09	7.961994653e-09	0.1069922331	
9.283170964e-09	0.8535238094	9.463623141e-09	8.71054132e-09	0.1464761632	
2.411229476e-08	0.0005494848327	2.462648562e-08	2.283569053e-08	0.9994504436	
8.785545056e-09	0.881529542	8.953146352e-09	8.224960329e-09	0.118470432	
9.997937943e-09	0.9253861271	8.172016818e-09	7.436225664e-09	0.07461384732	
9.46515673e-09	0.8816045347	9.523699262e-06	8.861238092e-09	0.1183859232	
8.462227079e-09	0.9000058992	8.626934101e-09	7.942227916e-09	0.09999407578	
8.598131562e-09	0.8922365049	8.76755015e-09	7.973220742e-09	0.1077634697	
9.293297951e-09	0.8525149645	9.473970181e-09	8.720043634e-09	0.147485008	
2.854720993e-08	0.0003854636587	2.917429949e-08	0.0001305468962	0.9994839317	
1.411486524e-08	0.8391652711	1.439317423e-08	6.380711594e-05	0.1607708933	
1.520708071e-08	0.8392560141	1.53107543e-05	6.874477967e-05	0.1606599152	
1.36979818e-08	0.863216774	1.397337335e-08	6.207854546e-05	0.1367211198	
1.34495983e-08	0.8775451663	1.371721664e-08	6.087344178e-05	0.1223939331	
1.475710726e-08	0.8021138018	1.505345745e-08	6.686168362e-05	0.1978193067	
1.529054552e-08	9.379750367e-05	1.562962937e-08	0.9998693397	3.683190853e-05	
1.534263469e-08	9.374142186e-05	1.562627184e-08	0.9998694043	3.682332447e-05	
1.529053692e-08	9.374123342e-05	1.562624044e-08	0.9998694046	3.682325349e-05	
1.52905183e-08	9.386068562e-05	1.55690521e-08	0.9998692669	3.684156578e-05	
2.092405279e-08	0.0004480851601	2.136223671e-08	2.000583976e-08	0.9995518525	
3.779621589e-08	0.0007466334826	3.09500303e-08	2.871020689e-08	0.9992532691	
2.255821804e-08	0.0004484328186	2.273927405e-05	2.156836693e-08	0.9995287838	
2.387573126e-08	0.0005419559093	2.438498147e-08	2.288549075e-08	0.9994579729	
2.618503801e-08	0.0006153998152	2.673812581e-08	2.50663069e-08	0.9993845222	
2.251114857e-08	0.0004985631199	2.299671322e-08	2.131931435e-08	0.9995013701	
1.77808488e-08	0.0003481218093	1.815969641e-08	1.703912006e-08	0.9996518252	
1.046254008e-08	0.9100123186	8.548560125e-09	7.856238021e-09	0.08998765455	
9.809390321e-09	0.8585895734	9.866358679e-06	9.271371552e-09	0.1414005412	
8.805702964e-09	0.8800803032	8.973727094e-09	8.34366918e-09	0.1199196707	
8.62841324e-09	0.8928655877	8.791273039e-09	8.165026102e-09	0.1071343867	
8.931759308e-09	0.8709846513	9.104334479e-09	8.361844503e-09	0.1290153223	
9.569880728e-09	0.8249664059	9.752269585e-09	9.065477745e-09	0.1750335657	
2.091885909e-08	0.0002187971283	2.134568681e-08	1.958408589e-08	0.999781141	
1.127162534e-08	0.9100694299	9.093127285e-06	8.463802824e-09	0.08992145722	
1.002697998e-08	0.924427389	8.195789877e-09	7.548144658e-09	0.0755725852	
9.772600021e-09	0.9328453681	7.986248097e-09	7.347063395e-09	0.06715460683	
1.020953973e-08	0.9183834339	8.346976649e-09	7.593609534e-09	0.08161653995	
1.115548897e-08	0.8870798954	9.118000793e-09	8.395562602e-09	0.1129200759	
0.001418617389	0.9983849156	8.587742394e-08	7.835368773e-08	0.0001963027755	
9.486884736e-09	0.8801561717	9.545602379e-06	8.98914039e-09	0.1198342642	
9.295787344e-09	0.8929336167	9.351427296e-06	8.796589289e-09	0.1070570138	
9.622760951e-09	0.8710659406	9.684602062e-06	9.008785938e-09	0.1289243562	
1.031062208e-08	0.8250731464	1.037420753e-05	9.7672102e-09	0.1749164593	
2.255262324e-08	0.0002189669317	2.272166189e-05	2.111367683e-08	0.9997582677	
8.294243465e-09	0.9097549931	8.454003888e-09	7.868573196e-09	0.0902449823	
9.310872004e-09	0.8507708774	9.491926387e-09	8.842337686e-09	0.149229095	
8.434549051e-09	0.9026611639	8.59903862e-09	7.905932631e-09	0.09733881114	
9.155920704e-09	0.8662059454	9.332070985e-09	8.683850916e-09	0.1337940274	
1.777552564e-08	0.0001699769625	1.814469906e-08	1.667905566e-08	0.9998299704	
0.9999999829	4.614274639e-09	4.762501093e-09	4.447349739e-09	3.231739409e-09	
0.9999946493	5.337213147e-06	5.160507416e-09	4.718886944e-09	3.605517823e-09	
0.999999983	4.614480278e-09	4.76244169e-09	4.354617169e-09	3.231700788e-09	
0.999999983	4.614480278e-09	4.76244169e-09	4.354617169e-09	3.231700788e-09	
0.999999983	4.614787402e-09	4.762442056e-09	4.354890877e-09	3.231701029e-09	
0.999999983	4.614787402e-09	4.762442056e-09	4.354890877e-09	3.231701029e-09	
0.9999999829	4.61454023e-09	4.762503876e-09	4.451487026e-09	3.231741224e-09	
0.999999983	4.614787402e-09	4.762442056e-09	4.354890877e-09	3.231701029e-09	
0.999999983	4.610801221e-09	4.762439623e-09	4.354888675e-09	3.231699391e-09	
0.9999949464	5.000647408e-09	5.160648607e-09	5.039932905e-06	3.501904562e-09	
0.999999983	4.614480278e-09	4.76244169e-09	4.354617169e-09	3.231700788e-09	
0.999999983	4.614787402e-09	4.762442056e-09	4.354890877e-09	3.231701029e-09	
0.9999999829	4.614274639e-09	4.762501093e-09	4.447349739e-09	3.231739409e-09	
0.9999946494	5.336975301e-06	5.160571785e-09	4.819376723e-09	3.605560912e-09	
0.9999999829	4.614274639e-09	4.762501093e-09	4.447349739e-09	3.231739409e-09	
0.9999999829	4.614274639e-09	4.762501093e-09	4.447349739e-09	3.231739409e-09	
0.9999999829	4.614581749e-09	4.762501458e-09	4.447629275e-09	3.231739651e-09	
0.9999999829	4.614581749e-09	4.762501458e-09	4.447629275e-09	3.231739651e-09	
0.9999999828	4.614334588e-09	4.762563279e-09	4.546282461e-09	3.231779846e-09	
0.9999999829	4.614581749e-09	4.762501458e-09	4.447629275e-09	3.231739651e-09	
0.9999999829	4.610595746e-09	4.762499025e-09	4.447627026e-09	3.231738013e-09	
0.9999948391	5.000424024e-09	5.160712423e-09	5.147258878e-06	3.501946037e-09	
0.9999999829	4.614274639e-09	4.762501093e-09	4.447349739e-09	3.231739409e-09	
0.9999999829	4.614581749e-09	4.762501458e-09	4.447629275e-09	3.231739651e-09	
0.9999999828	4.614069009e-09	4.762560495e-09	4.54205707e-09	3.231778031e-09	
0.9998473585	1.551374913e-08	1.617760827e-08	0.0001525989066	1.087413004e-08	
0.9999946493	5.337213147e-06	5.160507416e-09	4.718886944e-09	3.605517823e-09	
0.9999946493	5.337213147e-06	5.160507416e-09	4.718886944e-09	3.605517823e-09	
0.9999946489	5.337568371e-06	5.16050781e-09	4.719183546e-09	3.605518091e-09	
0.9999946489	5.337568371e-06	5.16050781e-09	4.719183546e-09	3.605518091e-09	
0.9999946491	5.337282488e-06	5.160574799e-09	4.823860098e-09	3.605562936e-09	
0.9999946489	5.337568371e-06	5.16050781e-09	4.719183546e-09	3.605518091e-09	
0.9999887451	5.78385784e-06	5.591993359e-09	5.461525554e-06	3.906973197e-09	
0.9999946493	5.337213147e-06	5.160507416e-09	4.718886944e-09	3.605517823e-09	
0.9999946489	5.337568371e-06	5.16050781e-09	4.719183546e-09	3.605518091e-09	
0.9999946494	5.336975301e-06	5.160571785e-09	4.819376723e-09	3.605560912e-09	
0.999999983	4.614480278e-09	4.76244169e-09	4.354617169e-09	3.231700788e-09	
0.999999983	4.614787402e-09	4.762442056e-09	4.354890877e-09	3.231701029e-09	
0.999999983	4.614787402e-09	4.762442056e-09	4.354890877e-09	3.231701029e-09	
0.9999999829	4.61454023e-09	4.762503876e-09	4.451487026e-09	3.231741224e-09	
0.999999983	4.614787402e-09	4.762442056e-09	4.354890877e-09	3.231701029e-09	
0.999999983	4.610801221e-09	4.762439623e-09	4.354888675e-09	3.231699391e-09	
0.9999949464	5.000647408e-09	5.160648607e-09	5.039932905e-06	3.501904562e-09	
0.999999983	4.614480278e-09	4.76244169e-09	4.354617169e-09	3.231700788e-09	
0.999999983	4.614787402e-09	4.762442056e-09	4.354890877e-09	3.231701029e-09	
0.9999999829	4.614274639e-09	4.762501093e-09	4.447349739e-09	3.231739409e-09	
0.999999983	4.614787402e-09	4.762442056e-09	4.354890877e-09	3.231701029e-09	
0.999999983	4.614787402e-09	4.762442056e-09	4.354890877e-09	3.231701029e-09	
0.9999999829	4.61454023e-09	4.762503876e-09	4.451487026e-09	3.231741224e-09	
0.999999983	4.614787402e-09	4.762442056e-09	4.354890877e-09	3.231701029e-09	
0.999999983	4.610801221e-09	4.762439623e-09	4.354888675e-09	3.231699391e-09	
0.9999949464	5.000647408e-09	5.160648607e-09	5.039932905e-06	3.501904562e-09	
0.999999983	4.614480278e-09	4.76244169e-09	4.354617169e-09	3.231700788e-09	
0.999999983	4.614787402e-09	4.762442056e-09	4.354890877e-09	3.231701029e-09	
0.9999999829	4.614274639e-09	4.762501093e-09	4.447349739e-09	3.231739409e-09	
0.999999983	4.615094546e-09	4.762442421e-09	4.355164602e-09	3.231701271e-09	
0.9999999829	4.614847358e-09	4.762504241e-09	4.451766822e-09	3.231741466e-09	
0.999999983	4.615094546e-09	4.762442421e-09	4.355164602e-09	3.231701271e-09	
0.999999983	4.611108099e-09	4.762439989e-09	4.355162399e-09	3.231699633e-09	
0.9999949461	5.000980232e-09	5.160649001e-09	5.040249686e-06	3.501904823e-09	
0.999999983	4.614787402e-09	4.762442056e-09	4.354890877e-09	3.231701029e-09	
0.9999999829	4.614581749e-09	4.762501458e-09	4.447629275e-09	3.231739651e-09	
0.9999999829	4.614847358e-09	4.762504241e-09	4.451766822e-09	3.231741466e-09	
0.999999983	4.611108099e-09	4.762439989e-09	4.355162399e-09	3.231699633e-09	
0.9999949461	5.000980232e-09	5.160649001e-09	5.040249686e-06	3.501904823e-09	
0.999999983	4.614787402e-09	4.762442056e-09	4.354890877e-09	3.231701029e-09	
0.999999983	4.615094546e-09	4.762442421e-09	4.355164602e-09	3.231701271e-09	
0.9999999829	4.614581749e-09	4.762501458e-09	4.447629275e-09	3.231739651e-09	
0.9999999829	4.614847358e-09	4.762504241e-09	4.451766822e-09	3.231741466e-09	
0.9999999829	4.610861125e-09	4.762501808e-09	4.451764571e-09	3.231739828e-09	
0.9999999829	4.61454023e-09	4.762503876e-09	4.451487026e-09	3.231741224e-09	
0.9999999829	4.614847358e-09	4.762504241e-09	4.451766822e-09	3.231741466e-09	
0.9999999828	4.614334588e-09	4.762563279e-09	4.546282461e-09	3.231779846e-09	
0.9998472166	1.551463987e-08	1.617761543e-08	0.0001527408448	1.087413461e-08	
0.999999983	4.611108099e-09	4.762439989e-09	4.355162399e-09	3.231699633e-09	
0.9999949461	5.000980232e-09	5.160649001e-09	5.040249686e-06	3.501904823e-09	
0.999999983	4.614787402e-09	4.762442056e-09	4.354890877e-09	3.231701029e-09	
0.999999983	4.615094546e-09	4.762442421e-09	4.355164602e-09	3.231701271e-09	
0.9999999829	4.614581749e-09	4.762501458e-09	4.447629275e-09	3.231739651e-09	
0.9999949461	4.996660464e-09	5.160646365e-09	5.040247137e-06	3.501903048e-09	
0.999999983	4.610801221e-09	4.762439623e-09	4.354888675e-09	3.231699391e-09	
0.999999983	4.611108099e-09	4.762439989e-09	4.355162399e-09	3.231699633e-09	
0.9999999829	4.610595746e-09	4.762499025e-09	4.447627026e-09	3.231738013e-09	
0.9999949464	5.000647408e-09	5.160648607e-09	5.039932905e-06	3.501904562e-09	
0.9999949461	5.000980232e-09	5.160649001e-09	5.040249686e-06	3.501904823e-09	
0.9999948391	5.000424024e-09	5.160712423e-09	5.147258878e-06	3.501946037e-09	
0.001064016535	6.787136803e-08	7.009886554e-08	0.9989357979	4.756743514e-08	
0.999999983	4.614787402e-09	4.762442056e-09	4.354890877e-09	3.231701029e-09	
0.9999999829	4.614274639e-09	4.762501093e-09	4.447349739e-09	3.231739409e-09	
0.9999999829	4.614581749e-09	4.762501458e-09	4.447629275e-09	3.231739651e-09	
0.9998473585	1.551374913e-08	1.617760827e-08	0.0001525989066	1.087413004e-08	
6.802991886e-09	6.684438572e-09	6.909780981e-09	6.308562157e-09	0.9999999733	
6.802991886e-09	6.684438572e-09	6.909780981e-09	6.308562157e-09	0.9999999733	
6.802991886e-09	6.684438572e-09	6.909780981e-09	6.308562157e-09	0.9999999733	
6.802991886e-09	6.684438572e-09	6.909780981e-09	6.308562157e-09	0.9999999733	
6.802991886e-09	6.684438572e-09	6.909780981e-09	6.308562157e-09	0.9999999733	
6.802991885e-09	6.684438034e-09	6.90978096e-09	6.308562157e-09	0.9999999733	
6.802991886e-09	6.684438572e-09	6.909780981e-09	6.308562157e-09	0.9999999733	
6.802991885e-09	6.684438034e-09	6.90978096e-09	6.308562157e-09	0.9999999733	
6.802991885e-09	6.684438034e-09	6.90978096e-09	6.308562157e-09	0.9999999733	
6.802991886e-09	6.684438572e-09	6.909780981e-09	6.308562157e-09	0.9999999733	
6.802991886e-09	6.684438572e-09	6.909780981e-09	6.308562157e-09	0.9999999733	
6.802991886e-09	6.684438572e-09	6.909780981e-09	6.308562157e-09	0.9999999733	
6.802991886e-09	6.684438572e-09	6.909780981e-09	6.308562157e-09	0.9999999733	
6.803338123e-09	7.263990972e-09	6.931933082e-09	6.308881139e-09	0.9999999727	
6.802991886e-09	6.684438572e-09	6.909780981e-09	6.308562157e-09	0.9999999733	
6.802991886e-09	6.684438572e-09	6.909780981e-09	6.308562157e-09	0.9999999733	
6.802991886e-09	6.684438572e-09	6.909780981e-09	6.308562157e-09	0.9999999733	
6.802991886e-09	6.684438572e-09	6.909780981e-09	6.308562157e-09	0.9999999733	
6.802991885e-09	6.684438034e-09	6.90978096e-09	6.308562157e-09	0.9999999733	
6.802991886e-09	6.684438572e-09	6.909780981e-09	6.308562157e-09	0.9999999733	
6.802991885e-09	6.684438034e-09	6.90978096e-09	6.308562157e-09	0.9999999733	
6.802991885e-09	6.684438034e-09	6.90978096e-09	6.308562157e-09	0.9999999733	
6.802991886e-09	6.684438572e-09	6.909780981e-09	6.308562157e-09	0.9999999733	
6.802991886e-09	6.684438572e-09	6.909780981e-09	6.308562157e-09	0.9999999733	
6.802991886e-09	6.684438572e-09	6.909780981e-09	6.308562157e-09	0.9999999733	
6.802991886e-09	6.684438572e-09	6.909780981e-09	6.308562157e-09	0.9999999733	
6.803338123e-09	7.263990972e-09	6.931933082e-09	6.308881139e-09	0.9999999727	
6.802991886e-09	6.684438572e-09	6.909780981e-09	6.308562157e-09	0.9999999733	
6.802991886e-09	6.684438572e-09	6.909780981e-09	6.308562157e-09	0.9999999733	
6.802991886e-09	6.684438572e-09	6.909780981e-09	6.308562157e-09	0.9999999733	
6.802991885e-09	6.684438034e-09	6.90978096e-09	6.308562157e-09	0.9999999733	
6.802991886e-09	6.684438572e-09	6.909780981e-09	6.308562157e-09	0.9999999733	
6.802991885e-09	6.684438034e-09	6.90978096e-09	6.308562157e-09	0.9999999733	
6.802991885e-09	6.684438034e-09	6.90978096e-09	6.308562157e-09	0.9999999733	
6.802991886e-09	6.684438572e-09	6.909780981e-09	6.308562157e-09	0.9999999733	
6.802991886e-09	6.684438572e-09	6.909780981e-09	6.308562157e-09	0.9999999733	
6.802991886e-09	6.684438572e-09	6.909780981e-09	6.308562157e-09	0.9999999733	
6.802991886e-09	6.684438572e-09	6.909780981e-09	6.308562157e-09	0.9999999733	
6.803338123e-09	7.263990972e-09	6.931933082e-09	6.308881139e-09	0.9999999727	
6.802991886e-09	6.684438572e-09	6.909780981e-09	6.308562157e-09	0.9999999733	
6.802991886e-09	6.684438572e-09	6.909780981e-09	6.308562157e-09	0.9999999733	
6.802991885e-09	6.684438034e-09	6.90978096e-09	6.308562157e-09	0.9999999733	
6.802991886e-09	6.684438572e-09	6.909780981e-09	6.308562157e-09	0.9999999733	
6.802991885e-09	6.684438034e-09	6.90978096e-09	6.308562157e-09	0.9999999733	
6.802991885e-09	6.684438034e-09	6.90978096e-09	6.308562157e-09	0.9999999733	
6.802991886e-09	6.684438572e-09	6.909780981e-09	6.308562157e-09	0.9999999733	
6.802991886e-09	6.684438572e-09	6.909780981e-09	6.308562157e-09	0.9999999733	
6.802991886e-09	6.684438572e-09	6.909780981e-09	6.308562157e-09	0.9999999733	
6.802991886e-09	6.684438572e-09	6.909780981e-09	6.308562157e-09	0.9999999733	
6.803338123e-09	7.263990972e-09	6.931933082e-09	6.308881139e-09	0.9999999727	
6.802991886e-09	6.684438572e-09	6.909780981e-09	6.308562157e-09	0.9999999733	
6.802991885e-09	6.684438034e-09	6.90978096e-09	6.308562157e-09	0.9999999733	
6.802991886e-09	6.684438572e-09	6.909780981e-09	6.308562157e-09	0.9999999733	
6.802991885e-09	6.684438034e-09	6.90978096e-09	6.308562157e-09	0.9999999733	
6.802991885e-09	6.684438034e-09	6.90978096e-09	6.308562157e-09	0.9999999733	
6.802991886e-09	6.684438572e-09	6.909780981e-09	6.308562157e-09	0.9999999733	
6.802991886e-09	6.684438572e-09	6.909780981e-09	6.308562157e-09	0.9999999733	
6.802991886e-09	6.684438572e-09	6.909780981e-09	6.308562157e-09	0.9999999733	
6.802991886e-09	6.684438572e-09	6.909780981e-09	6.308562157e-09	0.9999999733	
6.803338123e-09	7.263990972e-09	6.931933082e-09	6.308881139e-09	0.9999999727	
6.802991885e-09	6.684438034e-09	6.90978096e-09	6.308562157e-09	0.9999999733	
6.802991886e-09	6.684438572e-09	6.909780981e-09	6.308562157e-09	0.9999999733	
6.802991885e-09	6.684438034e-09	6.90978096e-09	6.308562157e-09	0.9999999733	
6.802991885e-09	6.684438034e-09	6.90978096e-09	6.308562157e-09	0.9999999733	
6.802991886e-09	6.684438572e-09	6.909780981e-09	6.308562157e-09	0.9999999733	
6.802991886e-09	6.684438572e-09	6.909780981e-09	6.308562157e-09	0.9999999733	
6.802991886e-09	6.684438572e-09	6.909780981e-09	6.308562157e-09	0.9999999733	
6.802991886e-09	6.684438572e-09	6.909780981e-09	6.308562157e-09	0.9999999733	
6.803338123e-09	7.263990972e-09	6.931933082e-09	6.308881139e-09	0.9999999727	
6.802991885e-09	6.684438034e-09	6.90978096e-09	6.308562157e-09	0.9999999733	
6.802991884e-09	6.684437496e-09	6.909780938e-09	6.308562156e-09	0.9999999733	
6.802991884e-09	6.684437496e-09	6.909780938e-09	6.308562156e-09	0.9999999733	
6.802991885e-09	6.684438034e-09	6.90978096e-09	6.308562157e-09	0.9999999733	
6.802991885e-09	6.684438034e-09	6.90978096e-09	6.308562157e-09	0.9999999733	
6.802991885e-09	6.684438034e-09	6.90978096e-09	6.308562157e-09	0.9999999733	
6.802991885e-09	6.684438034e-09	6.90978096e-09	6.308562157e-09	0.9999999733	
6.802991885e-09	6.684438034e-09	6.90978096e-09	6.308562157e-09	0.9999999733	
6.802991885e-09	6.684438034e-09	6.90978096e-09	6.308562157e-09	0.9999999733	
6.802991886e-09	6.684438572e-09	6.909780981e-09	6.308562157e-09	0.9999999733	
6.802991886e-09	6.684438572e-09	6.909780981e-09	6.308562157e-09	0.9999999733	
6.802991886e-09	6.684438572e-09	6.909780981e-09	6.308562157e-09	0.9999999733	
6.802991886e-09	6.684438572e-09	6.909780981e-09	6.308562157e-09	0.9999999733	
6.803338123e-09	7.263990972e-09	6.931933082e-09	6.308881139e-09	0.9999999727	
6.802991884e-09	6.684437496e-09	6.909780938e-09	6.308562156e-09	0.9999999733	
6.802991885e-09	6.684438034e-09	6.90978096e-09	6.308562157e-09	0.9999999733	
6.802991885e-09	6.684438034e-09	6.90978096e-09	6.308562157e-09	0.9999999733	
6.802991885e-09	6.684438034e-09	6.90978096e-09	6.308562157e-09	0.9999999733	
6.802991885e-09	6.684438034e-09	6.90978096e-09	6.308562157e-09	0.9999999733	
6.802991885e-09	6.684438034e-09	6.90978096e-09	6.308562157e-09	0.9999999733	
6.802991885e-09	6.684438034e-09	6.90978096e-09	6.308562157e-09	0.9999999733	
6.802991885e-09	6.684438034e-09	6.90978096e-09	6.308562157e-09	0.9999999733	
6.802991885e-09	6.684438034e-09	6.90978096e-09	6.308562157e-09	0.9999999733	
6.802991886e-09	6.684438572e-09	6.909780981e-09	6.308562157e-09	0.9999999733	
6.802991886e-09	6.684438572e-09	6.909780981e-09	6.308562157e-09	0.9999999733	
6.802991886e-09	6.684438572e-09	6.909780981e-09	6.308562157e-09	0.9999999733	
6.803338123e-09	7.263990972e-09	6.931933082e-09	6.308881139e-09	0.9999999727	
6.802991886e-09	6.684438572e-09	6.909780981e-09	6.308562157e-09	0.9999999733	
6.802991886e-09	6.684438572e-09	6.909780981e-09	6.308562157e-09	0.9999999733	
6.803338123e-09	7.263990972e-09	6.931933082e-09	6.308881139e-09	0.9999999727	
6.802991886e-09	6.684438572e-09	6.909780981e-09	6.308562157e-09	0.9999999733	
6.803338123e-09	7.263990972e-09	6.931933082e-09	6.308881139e-09	0.9999999727	
6.803338123e-09	7.263990972e-09	6.931933082e-09	6.308881139e-09	0.9999999727	
5.056370518e-09	5.021711361e-09	5.155714321e-09	0.9999999813	3.499703222e-09	
5.074616511e-09	5.021721921e-09	5.155725247e-09	0.9999999812	3.499710334e-09	
5.784750301e-09	5.022110039e-09	5.156124985e-09	0.9999999805	3.49997253e-09	
5.056370518e-09	5.021711361e-09	5.155714321e-09	0.9999999813	3.499703222e-09	
5.074616511e-09	5.021721921e-09	5.155725247e-09	0.9999999812	3.499710334e-09	
7.409172039e-09	7.317421904e-09	3.397857857e-05	0.9999660016	5.099602932e-09	
5.073651911e-09	5.072765395e-09	5.174710995e-09	0.9999999812	3.513675468e-09	
5.056382713e-09	5.021723414e-09	5.177037662e-09	0.9999999812	3.499711356e-09	
5.056383089e-09	5.021724266e-09	5.178467492e-09	0.9999999812	3.499711909e-09	
5.056423711e-09	5.072755196e-09	5.174700595e-09	0.9999999812	3.513668695e-09	
5.073609201e-09	5.021732073e-09	5.174667311e-09	0.9999999812	3.49971717e-09	
5.056370483e-09	5.021711352e-09	5.155714313e-09	0.9999999813	3.49970322e-09	
5.074628095e-09	5.021733274e-09	5.175787918e-09	0.9999999812	3.499717989e-09	
5.056381961e-09	5.021722727e-09	5.175776898e-09	0.9999999812	3.49971088e-09	
5.056382713e-09	5.021723449e-09	5.177037647e-09	0.9999999812	3.499711362e-09	
5.056418247e-09	5.079219985e-09	5.155763127e-09	0.9999999812	3.515416534e-09	
5.075717986e-09	4.968221599e-09	5.156935743e-09	0.9999999813	3.484989541e-09	
5.074559943e-09	4.968209001e-09	5.13569446e-09	0.9999999813	3.484980994e-09	
5.784685818e-09	4.968592983e-09	5.136092645e-09	0.9999999806	3.485242087e-09	
5.074559943e-09	4.968209001e-09	5.13569446e-09	0.9999999813	3.484980994e-09	
5.073595354e-09	5.018708541e-09	5.154606446e-09	0.9999999813	3.498887353e-09	
5.056326349e-09	4.968210478e-09	5.156924073e-09	0.9999999813	3.484982012e-09	
5.056326724e-09	4.968211321e-09	5.158348348e-09	0.9999999813	3.484982562e-09	
5.056367346e-09	5.01869845e-09	5.154596085e-09	0.9999999813	3.498880608e-09	
5.073552644e-09	4.968219044e-09	5.154562931e-09	0.9999999813	3.484987802e-09	
5.056314119e-09	4.968198545e-09	5.135683568e-09	0.9999999814	3.484973911e-09	
5.074571527e-09	4.968220233e-09	5.155679184e-09	0.9999999813	3.484988618e-09	
5.056325597e-09	4.968209798e-09	5.155668207e-09	0.9999999813	3.484981538e-09	
5.056326349e-09	4.968210512e-09	5.156924058e-09	0.9999999813	3.484982018e-09	
5.056361882e-09	5.025094349e-09	5.135732192e-09	0.9999999813	3.500621091e-09	
5.094033795e-09	4.968232046e-09	5.156946671e-09	0.9999999813	3.484996623e-09	
5.075717986e-09	4.968221599e-09	5.156935743e-09	0.9999999813	3.484989541e-09	
5.094033795e-09	4.968232046e-09	5.156946671e-09	0.9999999813	3.484996623e-09	
7.437522101e-09	7.239478865e-09	3.398662804e-05	0.9999659936	5.078162807e-09	
5.093065503e-09	5.018731821e-09	5.175936917e-09	0.9999999812	3.498903044e-09	
5.075730228e-09	4.968233524e-09	5.178264135e-09	0.9999999813	3.48499764e-09	
5.075730605e-09	4.968234367e-09	5.179694303e-09	0.9999999813	3.484998191e-09	
5.075771383e-09	5.01872173e-09	5.175926514e-09	0.9999999812	3.498896299e-09	
5.09302263e-09	4.96824209e-09	5.175893222e-09	0.9999999813	3.48500343e-09	
5.075717951e-09	4.968221591e-09	5.156935734e-09	0.9999999813	3.484989539e-09	
5.094045423e-09	4.968243279e-09	5.177014095e-09	0.9999999813	3.485004246e-09	
3.151921155e-05	7.109472624e-09	7.449855206e-09	0.9999684612	4.986968808e-09	
5.075729473e-09	4.968232844e-09	5.177003072e-09	0.9999999813	3.484997167e-09	
5.075730228e-09	4.968233558e-09	5.17826412e-09	0.9999999813	3.484997647e-09	
5.075765898e-09	5.025117659e-09	5.156984559e-09	0.9999999812	3.50063679e-09	
5.805559948e-09	4.968603431e-09	5.136103529e-09	0.9999999806	3.485249169e-09	
5.074559943e-09	4.968209001e-09	5.13569446e-09	0.9999999813	3.484980994e-09	
5.092871573e-09	4.968219448e-09	5.135705344e-09	0.9999999813	3.484988076e-09	
5.091903503e-09	5.018719094e-09	5.154617369e-09	0.9999999812	3.498894463e-09	
5.074572183e-09	4.968220925e-09	5.156935001e-09	0.9999999813	3.484989093e-09	
5.074572559e-09	4.968221769e-09	5.158359279e-09	0.9999999813	3.484989644e-09	
5.074613328e-09	5.018709004e-09	5.154607009e-09	0.9999999813	3.498887718e-09	
5.091860639e-09	4.968229492e-09	5.154573855e-09	0.9999999813	3.484994883e-09	
5.074559909e-09	4.968208992e-09	5.135694452e-09	0.9999999813	3.484980993e-09	
5.092883199e-09	4.96823068e-09	5.15569011e-09	0.9999999813	3.484995699e-09	
3.151202056e-05	7.109454647e-09	7.419169503e-09	0.9999684685	4.986956614e-09	
5.074571428e-09	4.968220246e-09	5.155679133e-09	0.9999999813	3.48498862e-09	
5.074572183e-09	4.96822096e-09	5.156934987e-09	0.9999999813	3.4849891e-09	
5.074607844e-09	5.025104916e-09	5.135743076e-09	0.9999999813	3.500628205e-09	
5.784685818e-09	4.968592983e-09	5.136092645e-09	0.9999999806	3.485242087e-09	
5.805559948e-09	4.968603431e-09	5.136103529e-09	0.9999999806	3.485249169e-09	
5.804456408e-09	5.01910698e-09	5.155017021e-09	0.9999999805	3.499156598e-09	
5.78469977e-09	4.968604908e-09	5.157334833e-09	0.9999999806	3.485250186e-09	
5.784746673e-09	5.019096889e-09	5.15500666e-09	0.9999999805	3.499149853e-09	
5.804407546e-09	4.968613475e-09	5.154973503e-09	0.9999999806	3.485255977e-09	
5.784685778e-09	4.968592974e-09	5.136092636e-09	0.9999999806	3.485242085e-09	
5.805573201e-09	4.968614664e-09	5.156089845e-09	0.9999999806	3.485256793e-09	
5.784698909e-09	4.968604229e-09	5.156078867e-09	0.9999999806	3.485249713e-09	
5.78469977e-09	4.968604943e-09	5.157334818e-09	0.9999999806	3.485250193e-09	
5.784740422e-09	5.025493296e-09	5.136141264e-09	0.9999999806	3.50089047e-09	
5.074559943e-09	4.968209001e-09	5.13569446e-09	0.9999999813	3.484980994e-09	
5.073595354e-09	5.018708541e-09	5.154606446e-09	0.9999999813	3.498887353e-09	
5.056326349e-09	4.968210478e-09	5.156924073e-09	0.9999999813	3.484982012e-09	
5.056326724e-09	4.968211321e-09	5.158348348e-09	0.9999999813	3.484982562e-09	
5.056367346e-09	5.01869845e-09	5.154596085e-09	0.9999999813	3.498880608e-09	
5.073552644e-09	4.968219044e-09	5.154562931e-09	0.9999999813	3.484987802e-09	
5.056314119e-09	4.968198545e-09	5.135683568e-09	0.9999999814	3.484973911e-09	
5.074571527e-09	4.968220233e-09	5.155679184e-09	0.9999999813	3.484988618e-09	
5.056325597e-09	4.968209798e-09	5.155668207e-09	0.9999999813	3.484981538e-09	
5.056326349e-09	4.968210512e-09	5.156924058e-09	0.9999999813	3.484982018e-09	
5.056361882e-09	5.025094349e-09	5.135732192e-09	0.9999999813	3.500621091e-09	
5.091903503e-09	5.018719094e-09	5.154617369e-09	0.9999999812	3.498894463e-09	
5.074572183e-09	4.968220925e-09	5.156935001e-09	0.9999999813	3.484989093e-09	
5.074572559e-09	4.968221769e-09	5.158359279e-09	0.9999999813	3.484989644e-09	
5.074613328e-09	5.018709004e-09	5.154607009e-09	0.9999999813	3.498887718e-09	
5.091860639e-09	4.968229492e-09	5.154573855e-09	0.9999999813	3.484994883e-09	
5.074559909e-09	4.968208992e-09	5.135694452e-09	0.9999999813	3.484980993e-09	
5.092883199e-09	4.96823068e-09	5.15569011e-09	0.9999999813	3.484995699e-09	
3.151202056e-05	7.109454647e-09	7.419169503e-09	0.9999684685	4.986956614e-09	
5.074571428e-09	4.968220246e-09	5.155679133e-09	0.9999999813	3.48498862e-09	
5.074572183e-09	4.96822096e-09	5.156934987e-09	0.9999999813	3.4849891e-09	
5.074607844e-09	5.025104916e-09	5.135743076e-09	0.9999999813	3.500628205e-09	
7.434411891e-09	7.313046377e-09	3.39712774e-05	0.9999660089	5.098414123e-09	
7.409107258e-09	7.23946266e-09	3.398655113e-05	0.9999659937	5.078151836e-09	
7.409107739e-09	7.239463821e-09	3.399593745e-05	0.9999659843	5.078152591e-09	
7.409167446e-09	7.313031674e-09	3.397120912e-05	0.999966009	5.098404295e-09	
7.434349311e-09	7.239475255e-09	3.397099063e-05	0.9999660093	5.078160352e-09	
7.43584224e-09	7.239476934e-09	3.397834701e-05	0.9999660019	5.078161503e-09	
4.600763707e-05	1.035926519e-08	4.889426946e-05	0.9999050805	7.266530132e-09	
7.409106218e-09	7.23946173e-09	3.397827467e-05	0.999966002	5.078151188e-09	
7.409107258e-09	7.23946271e-09	3.398655104e-05	0.9999659937	5.078151846e-09	
5.073607591e-09	5.018720586e-09	5.175925204e-09	0.9999999812	3.498895485e-09	
5.073607967e-09	5.018721438e-09	5.177354727e-09	0.9999999812	3.498896038e-09	
5.073648728e-09	5.069721853e-09	5.173588639e-09	0.9999999812	3.51284957e-09	
5.090892761e-09	5.01872924e-09	5.173555362e-09	0.9999999812	3.498901298e-09	
5.073595319e-09	5.018708532e-09	5.154606437e-09	0.9999999813	3.498887352e-09	
3.150603084e-05	7.181718999e-09	7.446490336e-09	0.9999684743	5.006856439e-09	
5.073606836e-09	5.0187199e-09	5.174664711e-09	0.9999999812	3.49889501e-09	
5.073607591e-09	5.018720621e-09	5.17592519e-09	0.9999999812	3.498895492e-09	
5.073643246e-09	5.076182776e-09	5.15465524e-09	0.9999999812	3.514597002e-09	
5.05633892e-09	4.968223246e-09	5.179682582e-09	0.9999999813	3.484990662e-09	
5.056379542e-09	5.018710496e-09	5.175914801e-09	0.9999999813	3.49888874e-09	
5.073564881e-09	4.968230969e-09	5.175881509e-09	0.9999999813	3.484995901e-09	
5.056326315e-09	4.968210469e-09	5.156924064e-09	0.9999999813	3.48498201e-09	
5.074583767e-09	4.968232158e-09	5.177002379e-09	0.9999999813	3.484996717e-09	
5.056337792e-09	4.968221723e-09	5.176991357e-09	0.9999999813	3.484989637e-09	
5.056338544e-09	4.968222437e-09	5.178252402e-09	0.9999999813	3.484990117e-09	
5.056379917e-09	5.018711348e-09	5.177344321e-09	0.9999999812	3.498889293e-09	
5.073565258e-09	4.968231812e-09	5.17731102e-09	0.9999999813	3.484996452e-09	
5.05632669e-09	4.968211313e-09	5.158348339e-09	0.9999999813	3.484982561e-09	
5.074584143e-09	4.968233001e-09	5.1784322e-09	0.9999999813	3.484997267e-09	
5.056338167e-09	4.968222566e-09	5.178421175e-09	0.9999999813	3.484990188e-09	
5.056374453e-09	5.025107263e-09	5.158397178e-09	0.9999999813	3.50062978e-09	
5.073606018e-09	5.018719149e-09	5.173544964e-09	0.9999999812	3.498894553e-09	
5.056367312e-09	5.018698442e-09	5.154596077e-09	0.9999999813	3.498880607e-09	
5.074624912e-09	5.01872035e-09	5.174665328e-09	0.9999999812	3.498895372e-09	
5.056378789e-09	5.018709809e-09	5.174654311e-09	0.9999999813	3.498888264e-09	
5.056379542e-09	5.018710531e-09	5.175914787e-09	0.9999999813	3.498888746e-09	
5.056415076e-09	5.076172571e-09	5.15464488e-09	0.9999999812	3.514590227e-09	
5.07355261e-09	4.968219036e-09	5.154562922e-09	0.9999999813	3.4849878e-09	
5.091872263e-09	4.968240724e-09	5.174632045e-09	0.9999999813	3.485002507e-09	
3.150576563e-05	7.109469064e-09	7.446427476e-09	0.9999684747	4.986966386e-09	
5.073564126e-09	4.968230289e-09	5.174621027e-09	0.9999999813	3.484995427e-09	
5.073564881e-09	4.968231003e-09	5.175881495e-09	0.9999999813	3.484995908e-09	
5.073600536e-09	5.025115075e-09	5.154611725e-09	0.9999999812	3.500635043e-09	
5.074571493e-09	4.968220225e-09	5.155679176e-09	0.9999999813	3.484988616e-09	
5.056325562e-09	4.96820979e-09	5.155668199e-09	0.9999999813	3.484981537e-09	
5.056326315e-09	4.968210504e-09	5.15692405e-09	0.9999999813	3.484982017e-09	
5.056361848e-09	5.02509434e-09	5.135732184e-09	0.9999999813	3.50062109e-09	
3.151209249e-05	7.10947072e-09	7.44804e-09	0.9999684684	4.986967522e-09	
5.074583012e-09	4.968231478e-09	5.175741624e-09	0.9999999813	3.484996243e-09	
5.074583767e-09	4.968232192e-09	5.177002365e-09	0.9999999813	3.484996723e-09	
5.074619429e-09	5.025116277e-09	5.155727989e-09	0.9999999812	3.500635863e-09	
5.056337792e-09	4.968221757e-09	5.176991343e-09	0.9999999813	3.484989644e-09	
5.056373326e-09	5.025105723e-09	5.155717012e-09	0.9999999813	3.500628751e-09	
5.056374078e-09	5.025106445e-09	5.156972875e-09	0.9999999813	3.500629234e-09	
