4.729797103e-09	2.612420113e-09	5.123982813e-09	4.580287724e-09	0.999999983	
4.719163132e-09	2.633232534e-09	5.118148297e-09	4.581311395e-09	0.9999999829	
4.757475853e-09	2.805903397e-09	5.118378079e-09	4.59302359e-09	0.9999999827	
4.729136946e-09	2.612423345e-09	5.123624092e-09	4.592807312e-09	0.9999999829	
4.719138788e-09	2.61241517e-09	5.118121307e-09	4.580278593e-09	0.999999983	
4.728547537e-09	2.612423219e-09	5.123299837e-09	4.592067873e-09	0.9999999829	
4.719169141e-09	2.631923066e-09	5.118154877e-09	4.593783346e-09	0.9999999829	
4.728044088e-09	2.629741309e-09	5.123034192e-09	4.59228434e-09	0.9999999829	
4.719147412e-09	2.612419742e-09	5.118130772e-09	4.594594539e-09	0.999999983	
4.728547537e-09	2.612423219e-09	5.123299837e-09	4.592067873e-09	0.9999999829	
4.729797103e-09	2.612420113e-09	5.123982813e-09	4.580287724e-09	0.999999983	
4.729805178e-09	2.612424355e-09	5.123991658e-09	4.593645733e-09	0.9999999829	
4.728044088e-09	2.629741317e-09	5.123034192e-09	4.59228434e-09	0.9999999829	
4.719146831e-09	2.612419413e-09	5.118130137e-09	4.593636532e-09	0.999999983	
2.328651656e-05	3.663167791e-09	3.971884435e-06	6.422052447e-09	0.9999727315	
4.719163132e-09	2.633232534e-09	5.118148297e-09	4.581311395e-09	0.9999999829	
4.729805183e-09	2.612424349e-09	5.123991664e-09	4.593645723e-09	0.9999999829	
4.757475853e-09	2.805903397e-09	5.118378079e-09	4.59302359e-09	0.9999999827	
4.729136946e-09	2.612423345e-09	5.123624092e-09	4.592807312e-09	0.9999999829	
4.719138788e-09	2.61241517e-09	5.118121307e-09	4.580278593e-09	0.999999983	
4.728547537e-09	2.612423219e-09	5.123299837e-09	4.592067873e-09	0.9999999829	
4.719169141e-09	2.631923066e-09	5.118154877e-09	4.593783346e-09	0.9999999829	
4.728044088e-09	2.629741309e-09	5.123034192e-09	4.59228434e-09	0.9999999829	
4.719147412e-09	2.612419742e-09	5.118130772e-09	4.594594539e-09	0.999999983	
4.728547537e-09	2.612423219e-09	5.123299837e-09	4.592067873e-09	0.9999999829	
4.729797103e-09	2.612420113e-09	5.123982813e-09	4.580287724e-09	0.999999983	
4.728044088e-09	2.629741317e-09	5.123034192e-09	4.59228434e-09	0.9999999829	
4.719146831e-09	2.612419413e-09	5.118130137e-09	4.593636532e-09	0.999999983	
2.328651656e-05	3.663167791e-09	3.971884435e-06	6.422052447e-09	0.9999727315	
4.719171195e-09	2.633236804e-09	5.118157137e-09	4.59467238e-09	0.9999999829	
4.746779652e-09	2.828257245e-09	5.112549944e-09	4.594050108e-09	0.9999999827	
4.718504459e-09	2.633235792e-09	5.117789984e-09	4.593833782e-09	0.9999999829	
4.70852878e-09	2.633227552e-09	5.112293465e-09	4.581302263e-09	0.999999983	
4.717916376e-09	2.633235665e-09	5.117466098e-09	4.593094177e-09	0.9999999829	
4.708559065e-09	2.652890862e-09	5.112326997e-09	4.594810034e-09	0.9999999829	
4.717414059e-09	2.650691723e-09	5.117200756e-09	4.593310692e-09	0.9999999829	
4.717916376e-09	2.633235665e-09	5.117466098e-09	4.593094177e-09	0.9999999829	
4.719163132e-09	2.633232534e-09	5.118148297e-09	4.581311395e-09	0.9999999829	
4.71917119e-09	2.63323681e-09	5.118157132e-09	4.59467239e-09	0.9999999829	
4.717414059e-09	2.650691731e-09	5.117200756e-09	4.593310692e-09	0.9999999829	
4.708536806e-09	2.633231828e-09	5.112302284e-09	4.594663186e-09	0.999999983	
1.234759174e-08	6.173754942e-05	1.339941431e-08	1.113408134e-07	0.9999381254	
4.757483981e-09	2.805907946e-09	5.11838692e-09	4.606418732e-09	0.9999999827	
4.729145025e-09	2.612427581e-09	5.123632942e-09	4.606201824e-09	0.9999999829	
4.71914685e-09	2.612419406e-09	5.118130148e-09	4.593636566e-09	0.999999983	
4.728555615e-09	2.612427455e-09	5.123308686e-09	4.605460228e-09	0.9999999829	
4.728052165e-09	2.629745573e-09	5.123043041e-09	4.605677326e-09	0.9999999829	
4.719155475e-09	2.612423978e-09	5.118139613e-09	4.607994263e-09	0.9999999829	
4.728555615e-09	2.612427455e-09	5.123308686e-09	4.605460228e-09	0.9999999829	
4.729805183e-09	2.612424349e-09	5.123991664e-09	4.593645723e-09	0.9999999829	
4.729813259e-09	2.612428591e-09	5.124000509e-09	4.60704269e-09	0.9999999829	
4.728052166e-09	2.629745581e-09	5.123043041e-09	4.605677326e-09	0.9999999829	
6.339042729e-09	3.524815369e-09	6.845960156e-09	2.21772289e-05	0.9999778061	
4.719154894e-09	2.612423648e-09	5.118138977e-09	4.607033462e-09	0.9999999829	
2.328655634e-05	3.66317373e-09	3.971891295e-06	6.440781788e-09	0.9999727314	
4.746755165e-09	2.805898088e-09	5.112522985e-09	4.593014434e-09	0.9999999827	
4.756218974e-09	2.805906732e-09	5.11769585e-09	4.604836495e-09	0.9999999827	
4.746785696e-09	2.826850794e-09	5.112556517e-09	4.606556738e-09	0.9999999827	
4.755712579e-09	2.82450745e-09	5.117430495e-09	4.605053564e-09	0.9999999827	
4.74676384e-09	2.805902998e-09	5.112532439e-09	4.607370186e-09	0.9999999827	
4.756218974e-09	2.805906732e-09	5.11769585e-09	4.604836495e-09	0.9999999827	
4.757475853e-09	2.805903397e-09	5.118378079e-09	4.59302359e-09	0.9999999827	
4.757483976e-09	2.805907953e-09	5.118386914e-09	4.606418743e-09	0.9999999827	
4.755712579e-09	2.824507458e-09	5.117430495e-09	4.605053564e-09	0.9999999827	
6.376127902e-09	3.785867119e-09	6.83846009e-09	2.217422543e-05	0.9999778088	
4.746763256e-09	2.805902644e-09	5.112531804e-09	4.606409515e-09	0.9999999827	
7.037884125e-05	0.000427485959	6.416145896e-08	6.012937518e-08	0.9995020109	
4.718480118e-09	2.612418403e-09	5.117762997e-09	4.592798157e-09	0.999999983	
4.727887554e-09	2.612426451e-09	5.122941164e-09	4.604619661e-09	0.9999999829	
4.718510467e-09	2.631926322e-09	5.117796564e-09	4.606339823e-09	0.9999999829	
4.727384176e-09	2.629744563e-09	5.122675537e-09	4.60483672e-09	0.9999999829	
4.718488742e-09	2.612422974e-09	5.117772461e-09	4.607153233e-09	0.9999999829	
4.727887554e-09	2.612426451e-09	5.122941164e-09	4.604619661e-09	0.9999999829	
4.729136946e-09	2.612423345e-09	5.123624092e-09	4.592807312e-09	0.9999999829	
4.72914502e-09	2.612427588e-09	5.123632937e-09	4.606201834e-09	0.9999999829	
4.727384176e-09	2.62974457e-09	5.122675537e-09	4.60483672e-09	0.9999999829	
6.33814716e-09	3.524814029e-09	6.845469086e-09	2.217318131e-05	0.9999778101	
4.718488161e-09	2.612422645e-09	5.117771825e-09	4.606192608e-09	0.9999999829	
2.328326645e-05	3.663172336e-09	3.971606384e-06	6.43960627e-09	0.999972735	
4.717892037e-09	2.612418276e-09	5.117439113e-09	4.592058719e-09	0.999999983	
4.708534775e-09	2.631918086e-09	5.112300038e-09	4.593774189e-09	0.999999983	
4.717389723e-09	2.629736334e-09	5.117173771e-09	4.592275186e-09	0.9999999829	
4.708513096e-09	2.612414799e-09	5.112275961e-09	4.59458538e-09	0.999999983	
4.717892037e-09	2.612418276e-09	5.117439113e-09	4.592058719e-09	0.999999983	
4.719138788e-09	2.61241517e-09	5.118121307e-09	4.580278593e-09	0.999999983	
4.719146845e-09	2.612419413e-09	5.118130143e-09	4.593636576e-09	0.999999983	
4.717389723e-09	2.629736341e-09	5.117173771e-09	4.592275186e-09	0.9999999829	
4.708512516e-09	2.61241447e-09	5.112275326e-09	4.593627375e-09	0.999999983	
4.717922383e-09	2.631926195e-09	5.117472678e-09	4.605598205e-09	0.9999999829	
4.726794985e-09	2.629744436e-09	5.122351342e-09	4.604095344e-09	0.9999999829	
4.71790066e-09	2.612422848e-09	5.117448576e-09	4.606411484e-09	0.9999999829	
4.727298301e-09	2.612426325e-09	5.122616952e-09	4.60387832e-09	0.9999999829	
4.728547537e-09	2.612423219e-09	5.123299837e-09	4.592067873e-09	0.9999999829	
4.72855561e-09	2.612427461e-09	5.123308681e-09	4.605460238e-09	0.9999999829	
4.726794985e-09	2.629744443e-09	5.122351342e-09	4.604095344e-09	0.9999999829	
6.337357237e-09	3.524813871e-09	6.845035886e-09	2.216961152e-05	0.9999778137	
4.717900079e-09	2.612422518e-09	5.117447941e-09	4.605451013e-09	0.9999999829	
2.328036464e-05	3.66317217e-09	3.971355049e-06	6.438569517e-09	0.9999727382	
4.717420065e-09	2.649373573e-09	5.117207335e-09	4.60581531e-09	0.9999999829	
4.70854338e-09	2.631922692e-09	5.112309492e-09	4.608132316e-09	0.9999999829	
4.717922383e-09	2.631926195e-09	5.117472678e-09	4.605598205e-09	0.9999999829	
4.719169141e-09	2.631923066e-09	5.118154877e-09	4.593783346e-09	0.9999999829	
4.719177198e-09	2.63192734e-09	5.118163712e-09	4.607180714e-09	0.9999999829	
4.717420065e-09	2.64937358e-09	5.117207335e-09	4.60581531e-09	0.9999999829	
6.324787945e-09	3.551124024e-09	6.838161854e-09	2.21778933e-05	0.9999778054	
4.708542801e-09	2.63192236e-09	5.112308857e-09	4.607171486e-09	0.9999999829	
1.234760784e-08	6.170685011e-05	1.339943194e-08	1.116439259e-07	0.9999381558	
4.717398345e-09	2.629740936e-09	5.117183235e-09	4.606628627e-09	0.9999999829	
4.726794985e-09	2.629744436e-09	5.122351342e-09	4.604095344e-09	0.9999999829	
4.728044088e-09	2.629741309e-09	5.123034192e-09	4.59228434e-09	0.9999999829	
4.728052161e-09	2.62974558e-09	5.123043035e-09	4.605677336e-09	0.9999999829	
4.726291723e-09	2.647177358e-09	5.122085746e-09	4.604312377e-09	0.9999999829	
6.336682491e-09	3.548180313e-09	6.844680961e-09	2.217065655e-05	0.9999778126	
4.717397764e-09	2.629740604e-09	5.117182599e-09	4.605668111e-09	0.9999999829	
2.327788604e-05	3.687455821e-09	3.971149143e-06	6.438873044e-09	0.9999727408	
1.237082959e-08	6.16557008e-05	1.341220677e-08	1.116075009e-07	0.9999382069	
4.71790066e-09	2.612422848e-09	5.117448576e-09	4.606411484e-09	0.9999999829	
4.719147412e-09	2.612419742e-09	5.118130772e-09	4.594594539e-09	0.999999983	
4.71915547e-09	2.612423984e-09	5.118139608e-09	4.607994273e-09	0.9999999829	
4.717398345e-09	2.629740943e-09	5.117183235e-09	4.606628627e-09	0.9999999829	
6.324758799e-09	3.524809137e-09	6.838129623e-09	2.21818095e-05	0.9999778015	
4.728547537e-09	2.612423219e-09	5.123299837e-09	4.592067873e-09	0.9999999829	
4.72855561e-09	2.612427461e-09	5.123308681e-09	4.605460238e-09	0.9999999829	
4.726794985e-09	2.629744443e-09	5.122351342e-09	4.604095344e-09	0.9999999829	
6.337357237e-09	3.524813871e-09	6.845035886e-09	2.216961152e-05	0.9999778137	
4.717900079e-09	2.612422518e-09	5.117447941e-09	4.605451013e-09	0.9999999829	
2.328036464e-05	3.66317217e-09	3.971355049e-06	6.438569517e-09	0.9999727382	
4.728044088e-09	2.629741317e-09	5.123034192e-09	4.59228434e-09	0.9999999829	
4.719146831e-09	2.612419413e-09	5.118130137e-09	4.593636532e-09	0.999999983	
2.328651656e-05	3.663167791e-09	3.971884435e-06	6.422052447e-09	0.9999727315	
4.728052161e-09	2.629745587e-09	5.123043035e-09	4.605677336e-09	0.9999999829	
6.339042722e-09	3.524815377e-09	6.845960149e-09	2.217722895e-05	0.9999778061	
4.719154889e-09	2.612423655e-09	5.118138972e-09	4.607033472e-09	0.9999999829	
2.328655632e-05	3.663173739e-09	3.971891291e-06	6.440781803e-09	0.9999727314	
6.336682491e-09	3.548180323e-09	6.844680961e-09	2.217065655e-05	0.9999778126	
4.717397764e-09	2.629740611e-09	5.117182599e-09	4.605668111e-09	0.9999999829	
2.327788604e-05	3.687455831e-09	3.971149143e-06	6.438873044e-09	0.9999727408	
1.237082959e-08	6.165570098e-05	1.341220677e-08	1.116075009e-07	0.9999382069	
6.32475805e-09	3.524808708e-09	6.838128805e-09	2.217718453e-05	0.9999778061	
1.657705861e-08	8.259677834e-05	1.79132271e-08	0.0005371237839	0.9993802449	
8.955392003e-07	1.101539787e-08	2.775827473e-08	0.9997790012	0.0002200645243	
1.292782421e-06	1.103562078e-08	2.162547437e-08	0.9997776665	0.0002210080096	
5.391833961e-07	1.097076865e-08	1.152234364e-07	0.9997793991	0.0002199355626	
4.33166084e-07	1.096898993e-08	1.618894147e-07	0.9997794958	0.0002198981328	
0.9765197616	1.209293473e-08	0.02324420942	2.114442626e-08	0.0002359957428	
0.955123907	1.318600114e-08	0.04461580961	2.311704973e-08	0.000260247041	
0.9840610845	1.169075332e-08	0.01571173456	2.044880826e-08	0.0002271488013	
0.9997661373	3.287051244e-07	1.85118401e-05	1.901057198e-08	0.0002150031171	
2.091114424e-08	0.9989685135	2.26667326e-08	0.0009137129573	0.0001177299287	
1.382309331e-08	0.9999224719	1.497907375e-08	1.246126726e-07	7.737467349e-05	
1.382188475e-08	0.9999225275	1.497910017e-08	1.251090829e-07	7.731854578e-05	
1.382246586e-08	0.9999225111	1.497980368e-08	1.366553975e-07	7.732339615e-05	
5.009189796e-07	0.9999212304	1.506669085e-08	5.030336673e-07	7.775058505e-05	
2.025801374e-08	0.9999225432	1.498271233e-08	1.313268956e-07	7.729018901e-05	
3.352682673e-08	0.9999225049	1.498761301e-08	1.299145314e-07	7.731663049e-05	
1.382309367e-08	0.9999224719	1.497907395e-08	1.246158404e-07	7.73746879e-05	
8.359572966e-06	0.999991612	1.009643237e-08	9.312367024e-09	9.020921613e-09	
8.477398937e-09	0.9999999657	9.175741577e-09	8.229985462e-09	8.415732786e-09	
8.476359941e-09	0.9999999656	9.175804724e-09	8.238843178e-09	8.507208289e-09	
8.475618374e-09	0.9999999656	9.175820397e-09	8.271663183e-09	8.501036674e-09	
8.476386957e-09	0.9999999657	9.175766004e-09	8.271137385e-09	8.415755091e-09	
8.475974846e-09	0.9999999648	9.176251491e-09	9.035054943e-09	8.501570096e-09	
3.071652179e-07	0.9999996418	9.229485232e-09	3.325840955e-08	8.548546944e-09	
3.523355798e-08	0.9999999385	9.185094971e-09	8.639586118e-09	8.424307251e-09	
8.476823652e-09	0.9999999647	9.17628462e-09	9.196134883e-09	8.416230715e-09	
1.242227042e-08	0.9999999612	9.178032933e-09	8.682757485e-09	8.497918726e-09	
2.055874411e-08	0.9999999532	9.18103524e-09	8.589378426e-09	8.500826177e-09	
8.476360161e-09	0.9999999656	9.175804848e-09	8.239052619e-09	8.507209874e-09	
8.477243454e-09	0.9999999657	9.175743722e-09	8.233730968e-09	8.415734749e-09	
1.265593815e-05	0.9999189304	1.529176977e-08	6.83844856e-05	1.388727222e-08	
8.359726214e-06	0.9999916118	1.009642998e-08	9.308075148e-09	9.020919478e-09	
8.358701648e-06	0.9999916128	1.009649947e-08	9.318093193e-09	9.118973117e-09	
8.357970381e-06	0.9999916135	1.009651673e-08	9.355212473e-09	9.1123577e-09	
8.358728289e-06	0.9999916128	1.009645687e-08	9.35461779e-09	9.020943397e-09	
8.358321902e-06	0.9999916122	1.009699107e-08	1.021860499e-08	9.112929477e-09	
0.0003028124304	0.9996971307	1.015257888e-08	3.760404113e-08	9.160589012e-09	
3.474357372e-05	0.9999652275	1.01064555e-08	9.771074032e-09	9.029872535e-09	
8.359158918e-06	0.9999916113	1.009702752e-08	1.040078564e-08	9.021453219e-09	
1.224979229e-05	0.9999877212	1.0098912e-08	9.82012003e-09	9.108980121e-09	
2.027313187e-05	0.9999796979	1.010213457e-08	9.714431296e-09	9.112023603e-09	
8.358701865e-06	0.9999916128	1.009649961e-08	9.31833007e-09	9.118974816e-09	
8.359572891e-06	0.999991612	1.009643234e-08	9.312311299e-09	9.020921584e-09	
0.999287011	0.000653558927	5.92718214e-05	8.034753923e-08	7.788991337e-08	
1.283224548e-08	0.9999336117	1.389817791e-08	6.634849054e-05	1.308783854e-08	
4.64951586e-07	0.9997553199	1.397631677e-08	0.0002441880592	1.315781532e-08	
5.334217951e-08	0.9999364752	1.391161228e-08	6.344456763e-05	1.296893285e-08	
1.283351536e-08	0.999932429	1.389821165e-08	6.753129344e-05	1.295644654e-08	
1.880680846e-08	0.9999361926	1.390091198e-08	6.376157593e-05	1.308225121e-08	
3.112511748e-08	0.999936866	1.39054687e-08	6.307589253e-05	1.308673605e-08	
7.299207715e-07	8.674501052e-05	5.077868032e-08	0.9999124595	1.478433272e-08	
1.457403518e-08	7.859887773e-05	1.579185803e-08	0.9999213561	1.468267203e-08	
1.490180602e-08	7.885404737e-05	6.38495496e-07	0.9999204778	1.47601152e-08	
1.721407677e-07	7.903575652e-05	4.769358179e-07	0.9999203004	1.477950466e-08	
8.476515331e-09	0.9999999656	9.17580255e-09	8.235046068e-09	8.507206277e-09	
8.475773751e-09	0.9999999656	9.175818223e-09	8.267850947e-09	8.501034663e-09	
8.476542348e-09	0.9999999657	9.17576383e-09	8.267325391e-09	8.415753101e-09	
8.47613023e-09	0.9999999648	9.176249317e-09	9.030890876e-09	8.501568085e-09	
3.07170849e-07	0.9999996418	9.229483046e-09	3.324308145e-08	8.548544923e-09	
3.523420389e-08	0.9999999385	9.185092795e-09	8.635604314e-09	8.424305259e-09	
8.476979051e-09	0.9999999647	9.176282445e-09	9.191896577e-09	8.416228725e-09	
1.242249815e-08	0.9999999612	9.178030759e-09	8.678755784e-09	8.497916716e-09	
2.0559121e-08	0.9999999532	9.181033065e-09	8.585419762e-09	8.500824167e-09	
8.476515551e-09	0.9999999656	9.175802674e-09	8.235255413e-09	8.507207862e-09	
8.477398861e-09	0.9999999657	9.175741548e-09	8.229936214e-09	8.415732759e-09	
8.474734954e-09	0.9999999655	9.175881371e-09	8.276749417e-09	8.593437362e-09	
8.475503457e-09	0.9999999656	9.175826978e-09	8.276223296e-09	8.507228825e-09	
8.475091389e-09	0.9999999647	9.176312468e-09	9.040610586e-09	8.593976582e-09	
3.071332019e-07	0.9999996417	9.229546563e-09	3.32788601e-08	8.641464038e-09	
3.522988556e-08	0.9999999384	9.185156007e-09	8.644898587e-09	8.515873941e-09	
8.475940106e-09	0.9999999646	9.176345597e-09	9.201789573e-09	8.507709619e-09	
1.242097564e-08	0.9999999611	9.178093922e-09	8.6880965e-09	8.590285524e-09	
2.055660125e-08	0.9999999531	9.181096249e-09	8.594660023e-09	8.593224578e-09	
8.475476663e-09	0.9999999655	9.175865821e-09	8.244118801e-09	8.599677661e-09	
8.476359865e-09	0.9999999656	9.175804695e-09	8.238793877e-09	8.507208261e-09	
8.474761965e-09	0.9999999655	9.175842651e-09	8.309192207e-09	8.501057195e-09	
8.474349933e-09	0.9999999647	9.176328141e-09	9.076624487e-09	8.58774202e-09	
3.071063319e-07	0.9999996416	9.229562327e-09	3.341142875e-08	8.635195026e-09	
3.522680342e-08	0.9999999384	9.185171696e-09	8.679336142e-09	8.509696039e-09	
8.475198576e-09	0.9999999646	9.17636127e-09	9.238445542e-09	8.50153764e-09	
1.241988897e-08	0.9999999611	9.178109599e-09	8.722706137e-09	8.58405364e-09	
2.055480283e-08	0.999999953	9.18111193e-09	8.628897449e-09	8.586990562e-09	
8.474735174e-09	0.9999999655	9.175881494e-09	8.276959822e-09	8.593438963e-09	
8.475618298e-09	0.9999999656	9.175820368e-09	8.271613686e-09	8.501036647e-09	
1.021040222e-08	0.9999849504	1.036985865e-08	1.501943969e-05	9.619915793e-09	
8.475118401e-09	0.9999999648	9.176273746e-09	9.076047521e-09	8.501590618e-09	
3.071341808e-07	0.9999996417	9.229507615e-09	3.340930491e-08	8.54856758e-09	
3.522999785e-08	0.9999999385	9.185117248e-09	8.67878443e-09	8.424327587e-09	
8.475967121e-09	0.9999999647	9.176306874e-09	9.237858289e-09	8.416251032e-09	
1.242101523e-08	0.9999999612	9.178055193e-09	8.722151668e-09	8.49793924e-09	
2.055666677e-08	0.9999999531	9.181057506e-09	8.628348943e-09	8.500846698e-09	
8.475503677e-09	0.9999999656	9.175827101e-09	8.276433687e-09	8.50723041e-09	
8.476386881e-09	0.9999999657	9.175765975e-09	8.271087891e-09	8.415755064e-09	
1.021132813e-08	0.9999849514	1.036979719e-08	1.501848497e-05	9.523409732e-09	
3.071192476e-07	0.9999996385	9.229995924e-09	3.649496929e-08	8.635736846e-09	
3.522828501e-08	0.9999999376	9.185603228e-09	9.480352038e-09	8.510230004e-09	
8.47555503e-09	0.9999999638	9.176792389e-09	1.009106164e-08	8.502071093e-09	
1.242041133e-08	0.9999999603	9.1785408e-09	9.527724649e-09	8.584592271e-09	
2.055566733e-08	0.9999999523	9.181543272e-09	9.425258358e-09	8.587529377e-09	
8.475091609e-09	0.9999999647	9.176312591e-09	9.040840409e-09	8.593978183e-09	
8.47597477e-09	0.9999999648	9.176251462e-09	9.035000878e-09	8.501570069e-09	
1.276654759e-06	0.9999986707	9.238882501e-09	3.489753356e-08	8.557246627e-09	
3.071500031e-07	0.9999996379	9.230029242e-09	3.714561362e-08	8.549050686e-09	
4.501096202e-07	0.999999497	9.231786527e-09	3.507194212e-08	8.632026661e-09	
7.449270977e-07	0.9999992025	9.234803772e-09	3.469474959e-08	8.634977523e-09	
3.071332099e-07	0.9999996417	9.229546687e-09	3.327970609e-08	8.641465648e-09	
3.071652152e-07	0.9999996418	9.229485203e-09	3.325821053e-08	8.548546917e-09	
0.01157274898	0.9884270667	3.430945135e-08	1.193188571e-07	3.066287822e-08	
3.523181286e-08	0.9999999375	9.185636391e-09	9.649370881e-09	8.424803695e-09	
5.163008212e-08	0.9999999216	9.187386372e-09	9.110691313e-09	8.506574809e-09	
8.544731224e-08	0.9999998878	9.190391503e-09	9.012709793e-09	8.509485004e-09	
3.522988647e-08	0.9999999384	9.18515613e-09	8.645118351e-09	8.515875527e-09	
3.523355766e-08	0.9999999385	9.185094942e-09	8.639534419e-09	8.424307224e-09	
0.001341199341	0.9986587043	3.449786978e-08	3.131647555e-08	3.05300242e-08	
1.242165514e-08	0.9999999602	9.178573937e-09	9.697588066e-09	8.498419508e-09	
2.055772583e-08	0.9999999522	9.18157642e-09	9.593294973e-09	8.501327131e-09	
8.475940326e-09	0.9999999646	9.17634572e-09	9.202023494e-09	8.507711204e-09	
8.476823576e-09	0.9999999647	9.17628459e-09	9.196079854e-09	8.416230689e-09	
3.012609894e-08	0.999999943	9.183325691e-09	9.057745925e-09	8.58384104e-09	
1.242097596e-08	0.9999999611	9.178094045e-09	8.688317362e-09	8.590287125e-09	
1.242227031e-08	0.9999999612	9.178032904e-09	8.682705528e-09	8.497918699e-09	
0.0004732766467	0.9995266265	3.450130364e-08	3.150031369e-08	3.082355954e-08	
2.055660179e-08	0.9999999531	9.181096372e-09	8.59487851e-09	8.593226179e-09	
2.055874392e-08	0.9999999532	9.181035211e-09	8.589327028e-09	8.50082615e-09	
0.0007830258034	0.9992168777	3.450189465e-08	3.115188575e-08	3.082455031e-08	
8.476360085e-09	0.9999999656	9.175804819e-09	8.239003317e-09	8.507209847e-09	
0.0001350749195	2.886406488e-09	1.937121389e-06	0.9998629797	5.327788447e-09	
0.0001949801047	2.89153742e-09	1.509053908e-06	0.9998035026	5.350319199e-09	
0.000148445115	3.196564795e-09	4.763224851e-06	0.9998467833	5.167886152e-09	
0.0001543190989	2.887512121e-09	1.507662467e-06	0.9998441652	5.164517331e-09	
0.0001876167044	2.890922499e-09	1.510523225e-06	0.9998108647	5.169114827e-09	
3.030852653e-06	2.906020858e-09	5.989812682e-05	0.999937063	5.159845366e-09	
3.03305642e-06	2.874770799e-09	5.979551387e-05	0.9999371634	5.159780506e-09	
8.49596979e-06	2.885341429e-09	4.716097535e-05	0.999944335	5.159199983e-09	
3.501083134e-05	2.912668927e-09	4.47412499e-05	0.9999202398	5.166537531e-09	
8.132932096e-05	2.874847955e-09	8.041289729e-06	0.9999106212	5.324917859e-09	
6.533871213e-05	2.874418175e-09	1.129818881e-05	0.9999233549	5.324078923e-09	
9.851089826e-05	2.877722144e-09	1.209346035e-05	0.9998893876	5.165077702e-09	
1.455409578e-05	2.72990284e-09	7.009339507e-09	0.999985431	5.194645009e-09	
1.108009648e-05	3.017759235e-09	2.212361679e-08	0.9999888897	5.017320237e-09	
2.212322782e-07	2.734370043e-09	6.880322688e-09	0.9999997642	4.98282977e-09	
1.151856199e-05	2.725999959e-09	7.002612925e-09	0.9999884667	5.014060575e-09	
1.400436667e-05	2.729303696e-09	7.016116472e-09	0.9999859809	5.018678808e-09	
2.262079404e-07	2.74324877e-09	2.781849789e-07	0.9999994879	5.00911452e-09	
2.263723961e-07	2.713748819e-09	2.777083856e-07	0.9999994882	5.009051054e-09	
2.613074225e-06	2.749564358e-09	2.077948826e-07	0.9999971714	5.015683959e-09	
3.616929057e-07	2.352557036e-05	1.101384715e-08	0.9999760937	8.037149014e-09	
6.070147153e-06	2.713878483e-09	3.734695477e-08	0.9999938846	5.169472603e-09	
4.876605501e-06	2.713441409e-09	5.24726859e-08	0.999995063	5.168598427e-09	
7.352668902e-06	2.716645894e-09	5.616797003e-08	0.9999925834	5.014398466e-09	
1.599494778e-05	3.02328866e-09	1.723565323e-08	0.9999839798	5.038813042e-09	
3.193668733e-07	2.739393401e-09	5.360218804e-09	0.9999996675	5.004198915e-09	
1.662790223e-05	2.730994254e-09	5.455463513e-09	0.9999833589	5.035538421e-09	
2.021632416e-05	2.734301029e-09	5.465977575e-09	0.9999797704	5.040170878e-09	
3.267870723e-07	2.718734449e-09	2.163529043e-07	0.9999994491	5.03053294e-09	
9.153643355e-07	2.728710277e-09	1.706371366e-07	0.9999989062	5.029928153e-09	
5.221332132e-07	2.356878712e-05	8.580502272e-09	0.9999758924	8.071615933e-09	
8.762730808e-06	2.718857159e-09	2.909563117e-08	0.9999912003	5.191628742e-09	
7.039764103e-06	2.718420732e-09	4.087955063e-08	0.9999929114	5.190753585e-09	
1.061414498e-05	2.72162811e-09	4.375836334e-08	0.9999893343	5.03588712e-09	
2.431345659e-07	3.028240256e-09	1.691843063e-08	0.9999997321	4.833358818e-09	
1.265890067e-05	3.018967239e-09	1.721911804e-08	0.999987316	4.863647346e-09	
2.486027266e-07	3.038072001e-09	6.840451555e-07	0.9999990595	4.858853174e-09	
2.487834638e-07	3.005401624e-09	6.82873233e-07	0.9999990605	4.858791615e-09	
6.968683394e-07	3.016430037e-09	5.385809883e-07	0.9999987567	4.858208637e-09	
6.671095576e-06	3.005544538e-09	9.183456916e-08	0.999993229	5.014399762e-09	
5.359393058e-06	3.00506078e-09	1.290281094e-07	0.9999945036	5.013552291e-09	
8.080586545e-06	3.008608904e-09	1.381146217e-07	0.9999917734	4.863976758e-09	
2.348324453e-06	0.0003507443803	1.531936289e-07	0.9996467102	4.393961432e-08	
2.527560805e-07	2.73546883e-09	5.355058918e-09	0.9999997343	4.830220727e-09	
3.073037624e-07	2.738790701e-09	5.365398436e-09	0.9999996798	4.834681387e-09	
4.963710282e-09	2.752747328e-09	2.127321059e-07	0.9999997747	4.825403032e-09	
4.967318955e-09	2.723145233e-09	2.12367648e-07	0.9999997751	4.825341893e-09	
1.39139814e-08	2.733138826e-09	1.674940693e-07	0.999999811	4.824764568e-09	
5.733916078e-08	2.759091179e-09	1.589041421e-07	0.9999997762	4.831742732e-09	
7.936674419e-09	2.360702787e-05	8.422449267e-09	0.9999763689	7.742382931e-09	
1.331987829e-07	2.723290757e-09	2.8559922e-08	0.9999998305	4.979908093e-09	
1.070084703e-07	2.722848999e-09	4.012680769e-08	0.9999998452	4.979060178e-09	
1.61341687e-07	2.726071197e-09	4.295276206e-08	0.9999997881	4.830526603e-09	
1.599984372e-05	2.730395085e-09	5.460738544e-09	0.9999839871	4.864962262e-09	
2.584407495e-07	2.744351288e-09	2.165155776e-07	0.9999995174	4.855700743e-09	
2.586286388e-07	2.714839481e-09	2.161446377e-07	0.9999995177	4.85563922e-09	
7.244456136e-07	2.72480135e-09	1.704728981e-07	0.9999990975	4.855056055e-09	
2.985415188e-06	2.750668436e-09	1.617298432e-07	0.9999968452	4.86206725e-09	
4.132311945e-07	2.353502327e-05	8.57224311e-09	0.9999760354	7.790995165e-09	
6.935088074e-06	2.714966791e-09	2.906767415e-08	0.9999930281	5.011143111e-09	
5.571478527e-06	2.714530013e-09	4.084025616e-08	0.99999438	5.010296578e-09	
8.400356041e-06	2.717734826e-09	4.371633427e-08	0.9999915483	4.860817683e-09	
3.142152481e-07	2.747683942e-09	2.169336243e-07	0.9999994612	4.860184926e-09	
3.14443686e-07	2.718136296e-09	2.165619682e-07	0.9999994614	4.860123346e-09	
8.807892555e-07	2.728109989e-09	1.708020288e-07	0.9999989408	4.859539155e-09	
3.62970013e-06	2.75400714e-09	1.620420147e-07	0.9999962006	4.866554449e-09	
5.024112279e-07	2.356360201e-05	8.588793805e-09	0.9999759176	7.798189578e-09	
8.43174803e-06	2.718259845e-09	2.912375584e-08	0.9999915314	5.015763617e-09	
6.773860175e-06	2.717823337e-09	4.091906332e-08	0.9999931775	5.01491778e-09	
1.021323195e-05	2.721030377e-09	4.38006645e-08	0.9999897354	4.865298044e-09	
5.078996157e-09	2.731965389e-09	8.586372174e-06	0.999991401	4.850756603e-09	
1.422682613e-08	2.741996203e-09	6.7720718e-06	0.9999932061	4.850184818e-09	
5.862840568e-08	2.768033595e-09	6.424768518e-06	0.999993509	4.85720139e-09	
1.361943966e-07	2.732131179e-09	1.154732835e-06	0.9999987013	5.006173161e-09	
1.094150194e-07	2.731686742e-09	1.622403636e-06	0.9999982604	5.005318494e-09	
1.649701352e-07	2.734919091e-09	1.736662184e-06	0.9999980908	4.856001044e-09	
1.423716935e-08	2.712509751e-09	6.760469797e-06	0.9999932177	4.85012342e-09	
5.867102981e-08	2.738267145e-09	6.413761515e-06	0.99999352	4.857139899e-09	
1.362934117e-07	2.702750786e-09	1.15275452e-06	0.9999987032	5.006109739e-09	
1.094945656e-07	2.702311131e-09	1.619624098e-06	0.9999982632	5.005255088e-09	
1.650900707e-07	2.705508721e-09	1.733686896e-06	0.9999980937	4.855939529e-09	
1.643439078e-07	2.748319569e-09	5.058530946e-06	0.9999947695	4.856564664e-09	
2.274798521e-08	2.351497847e-05	2.681202971e-07	0.9999761864	7.782195128e-09	
3.817721272e-07	2.712669432e-09	9.091758558e-07	0.9999987013	5.005510597e-09	
3.067057962e-07	2.712228562e-09	1.277395418e-06	0.9999984082	5.004656783e-09	
4.624346192e-07	2.71543768e-09	1.367356494e-06	0.9999981626	4.855358704e-09	
1.573271406e-06	2.738424379e-09	8.625478482e-07	0.9999975564	5.012744615e-09	
1.263925643e-06	2.737980016e-09	1.211883203e-06	0.9999975164	5.011890835e-09	
1.905678665e-06	2.741218284e-09	1.297229931e-06	0.9999967895	4.862374611e-09	
3.301271687e-05	0.9996827611	2.967969827e-08	0.0002523792143	3.181730895e-05	
3.313310817e-05	0.9997362267	2.719755663e-08	0.0002305878805	2.511973078e-08	
2.338766932e-08	0.999790701	2.467537749e-08	0.0002092280955	2.279527454e-08	
2.052994557e-08	0.7322839985	2.042475572e-08	0.2677159417	1.885036174e-08	
2.936095188e-06	2.702451541e-09	2.178122226e-07	0.9999968382	5.165576651e-09	
4.426881936e-06	2.705645681e-09	2.331514405e-07	0.9999953322	5.011471722e-09	
3.556445597e-06	2.705208845e-09	3.275789808e-07	0.9999961083	5.010622248e-09	
8.571802937e-09	0.9999999655	9.175852535e-09	8.268684523e-09	8.456423988e-09	
8.585910252e-09	0.9999999655	9.175860368e-09	8.268694516e-09	8.456433634e-09	
1.210148662e-05	0.9999760725	1.103794096e-08	1.034756131e-08	1.180460076e-05	
1.214644538e-05	0.999987825	1.011427912e-08	9.112655018e-09	9.319222165e-09	
1.214511172e-05	0.999987826	1.011440531e-08	9.45372097e-09	9.319330565e-09	
8.562422362e-09	0.9999999656	9.17581911e-09	8.246025433e-09	8.437144377e-09	
8.572507802e-09	0.9999999652	9.176052231e-09	8.577641928e-09	8.45660746e-09	
1.027381605e-08	0.9999849852	1.036983833e-08	1.498460112e-05	9.547596944e-09	
8.571646312e-09	0.9999999655	9.175852448e-09	8.268684408e-09	8.456423873e-09	
8.578128656e-09	0.9999999655	9.175852459e-09	8.266165125e-09	8.454280884e-09	
1.209051895e-05	0.9999760865	1.10379316e-08	1.034439614e-08	1.180159583e-05	
1.213543693e-05	0.999987836	1.011427051e-08	9.10986756e-09	9.316849878e-09	
8.570224479e-09	0.9999999655	9.175851658e-09	8.268683362e-09	8.456422859e-09	
1.213410448e-05	0.999987837	1.01143967e-08	9.450829184e-09	9.31695825e-09	
8.554662053e-09	0.9999999656	9.175811201e-09	8.243502976e-09	8.434996538e-09	
8.564738353e-09	0.9999999652	9.176044322e-09	8.57501803e-09	8.454454666e-09	
1.026450471e-08	0.9999849898	1.036982944e-08	1.498001741e-05	9.545166461e-09	
8.563877643e-09	0.9999999655	9.175844539e-09	8.26615502e-09	8.454271126e-09	
1.211041707e-05	0.9999760666	1.10379408e-08	1.034440844e-08	1.180160906e-05	
1.215540897e-05	0.9999878161	1.011427894e-08	9.109878388e-09	9.31686032e-09	
8.584329197e-09	0.9999999655	9.17585949e-09	8.268693356e-09	8.456432505e-09	
1.215407432e-05	0.999987817	1.011440513e-08	9.450840418e-09	9.316968692e-09	
8.568741159e-09	0.9999999656	9.175819034e-09	8.243512939e-09	8.435006159e-09	
8.578834041e-09	0.9999999652	9.176052155e-09	8.575028393e-09	8.45446431e-09	
1.028139785e-08	0.9999849898	1.036983829e-08	1.498003551e-05	9.545177349e-09	
8.577971915e-09	0.9999999655	9.175852372e-09	8.26616501e-09	8.454280769e-09	
0.01684434954	0.9831428404	1.196212913e-08	1.120845957e-08	1.278691953e-05	
1.209925822e-05	0.9999760748	1.103793992e-08	1.034755988e-08	1.180459921e-05	
0.01684253118	0.9831446581	1.196230048e-08	1.16279882e-08	1.278709189e-05	
1.209151315e-05	0.9999760849	1.10381718e-08	1.0730912e-08	1.180185186e-05	
1.449109534e-05	0.999953426	1.247412015e-08	1.874608458e-05	1.332431002e-05	
1.209029804e-05	0.9999760867	1.103793149e-08	1.0344396e-08	1.180159567e-05	
0.9881808156	0.01174833478	9.847749911e-08	5.838974833e-08	7.069273161e-05	
1.21442087e-05	0.9999878272	1.011427817e-08	9.112653759e-09	9.319220942e-09	
0.01690406657	0.9830959021	1.096061525e-08	1.023964408e-08	1.00942372e-08	
1.212215665e-05	0.9999878493	1.01142338e-08	9.084903455e-09	9.295608725e-09	
1.213643483e-05	0.9999878347	1.011449062e-08	9.450255557e-09	9.317052009e-09	
1.454498632e-05	0.9999689241	1.143032076e-08	1.650893737e-05	1.051900636e-08	
1.213521519e-05	0.9999878362	1.011427042e-08	9.109867435e-09	9.316849754e-09	
0.9882934816	0.01170632167	8.991308826e-08	5.123686633e-08	5.560862557e-08	
1.214287529e-05	0.9999878282	1.011440436e-08	9.453719665e-09	9.319329341e-09	
8.560845632e-09	0.9999999656	9.175818233e-09	8.246024275e-09	8.43714325e-09	
8.570929215e-09	0.9999999652	9.176051354e-09	8.577640724e-09	8.456606331e-09	
1.027192417e-08	0.9999849852	1.036983734e-08	1.498459902e-05	9.547595669e-09	
8.570067883e-09	0.9999999655	9.175851571e-09	8.268683247e-09	8.456422744e-09	
1.212082565e-05	0.9999878503	1.011435999e-08	9.424930729e-09	9.29571685e-09	
1.213510226e-05	0.9999878357	1.011461681e-08	9.803957129e-09	9.317160383e-09	
1.213388277e-05	0.9999878372	1.011439661e-08	9.450829055e-09	9.316958126e-09	
0.9882922092	0.01170759208	8.99239678e-08	5.31603142e-08	5.561530729e-08	
8.555365509e-09	0.9999999653	9.176010897e-09	8.551519479e-09	8.435179545e-09	
8.554505742e-09	0.9999999656	9.175811114e-09	8.243502861e-09	8.434996423e-09	
8.564581857e-09	0.9999999652	9.176044235e-09	8.57501791e-09	8.454454551e-09	
1.026431716e-08	0.9999849898	1.036982935e-08	1.49800172e-05	9.545166331e-09	
0.9999812941	3.239068807e-09	1.869115241e-05	5.668197351e-09	5.802549468e-09	
0.9999890239	2.989829864e-09	1.096229328e-05	5.218154282e-09	5.591797111e-09	
0.999993958	2.824196195e-09	6.029153645e-06	4.930526542e-09	5.0473935e-09	
0.999994207	2.81582469e-09	5.780188379e-06	4.91600841e-09	5.032531238e-09	
0.9999854182	1.456126881e-05	7.747127683e-09	6.338114699e-09	6.481960909e-09	
0.9999937842	2.830039506e-09	6.202931576e-06	4.940659287e-09	5.057766427e-09	
0.9999939066	2.825924599e-09	6.080555812e-06	4.933523805e-09	5.050461808e-09	
0.999978472	3.333071373e-09	2.151256291e-05	5.832706928e-09	6.30448731e-09	
0.9999926337	2.868255335e-09	7.353114305e-06	5.007829791e-09	5.340946559e-09	
0.9999939336	2.825017293e-09	6.053572844e-06	4.931950435e-09	5.048851144e-09	
0.9999906434	2.935980099e-09	9.343285292e-06	5.123687992e-09	5.245133249e-09	
0.9999961311	3.034630566e-09	3.85609524e-06	4.804276362e-09	4.917893297e-09	
0.9999999025	7.937954029e-08	8.527536082e-09	4.58251117e-09	4.975988077e-09	
0.9999773152	3.371472265e-09	2.266944235e-05	5.899898686e-09	6.039742934e-09	
0.9652753461	3.579526257e-09	0.03472463739	6.259274008e-09	6.707466359e-09	
0.9805986944	3.434882569e-09	0.01940129001	6.008115917e-09	6.150525389e-09	
0.981384934	3.42744592e-09	0.0186150504	5.995226383e-09	6.137330323e-09	
0.9800506445	3.440066295e-09	0.01994933991	6.01709947e-09	6.159721889e-09	
0.9804365217	3.436416476e-09	0.01956346274	6.01077432e-09	6.153246807e-09	
0.9340588974	3.861458047e-09	0.06594108462	6.770251997e-09	7.317866848e-09	
0.976438654	3.473674084e-09	0.02356132996	6.076434058e-09	6.480634252e-09	
0.9805216457	3.435611333e-09	0.01947833875	6.009378941e-09	6.151818353e-09	
0.9702512687	3.53316961e-09	0.02974871523	6.177631882e-09	6.324059179e-09	
0.9875040527	3.716802552e-09	0.01249593163	5.895486051e-09	6.034909828e-09	
0.9307582529	3.892148797e-09	0.06924172938	6.824052652e-09	6.985802753e-09	
0.9885292619	3.196193455e-09	0.0114707234	5.575773424e-09	5.975023685e-09	
0.9889977203	3.188228648e-09	0.01100226501	5.5619885e-09	5.960251685e-09	
0.999968405	1.667008718e-05	1.490993079e-05	7.250573649e-09	7.762101763e-09	
0.9882025403	3.201748423e-09	0.01179744492	5.585386539e-09	5.98532515e-09	
0.9884325977	3.197836951e-09	0.01156738758	5.578617656e-09	5.978071579e-09	
0.9602419857	3.664212864e-09	0.03975799701	6.40737082e-09	7.249701566e-09	
0.986045501	3.23790428e-09	0.01395448376	5.648971419e-09	6.306649585e-09	
0.988483338	3.196974257e-09	0.0115166472	5.577124688e-09	5.976471707e-09	
0.9823353066	3.30189277e-09	0.01766467817	5.757927013e-09	6.1702201e-09	
0.9926331575	3.448596054e-09	0.007366827704	5.455544508e-09	5.845879694e-09	
0.9581932621	3.698525324e-09	0.0418067208	6.467362163e-09	6.930454754e-09	
0.9939187694	3.026574065e-09	0.006081216911	5.281532186e-09	5.40671922e-09	
0.9999760392	1.574662307e-05	8.200337646e-06	6.850936255e-09	7.00642155e-09	
0.9934769084	3.04050177e-09	0.006523077845	5.305658437e-09	5.431417351e-09	
0.993604778	3.036471248e-09	0.006395208246	5.298677061e-09	5.424270491e-09	
0.9777352316	3.524256535e-09	0.022264752	6.164454841e-09	6.663069123e-09	
0.9922766948	3.077840332e-09	0.007723291059	5.371300571e-09	5.728595432e-09	
0.9936329767	3.03558241e-09	0.006367009502	5.297137425e-09	5.42269436e-09	
0.9902067848	3.143948002e-09	0.009793200937	5.484114864e-09	5.614103518e-09	
0.9959348468	3.268366286e-09	0.004065139508	5.171952123e-09	5.294264557e-09	
0.9999908774	8.584143037e-08	9.026403433e-06	4.953287297e-09	5.378601156e-09	
0.9765659338	3.560600919e-09	0.02343405007	6.228018329e-09	6.375640286e-09	
0.9999764245	1.569994895e-05	7.861717518e-06	6.830764332e-09	6.985791799e-09	
0.9937445862	3.032305126e-09	0.006255400101	5.291459719e-09	5.416882072e-09	
0.993867241	3.028269476e-09	0.006132745304	5.284469116e-09	5.409725766e-09	
0.9786349851	3.517042588e-09	0.02136499854	6.151957915e-09	6.649561364e-09	
0.9925932567	3.06969521e-09	0.007406729155	5.357191766e-09	5.713548108e-09	
0.9938942895	3.027379512e-09	0.006105696741	5.282927455e-09	5.408147562e-09	
0.990607385	3.135896058e-09	0.009392600745	5.470177439e-09	5.599835726e-09	
0.9961020576	3.259224468e-09	0.00389792875	5.157587599e-09	5.279560312e-09	
0.9999912504	8.558698914e-08	8.653672102e-06	4.938702758e-09	5.362764304e-09	
0.9775118536	3.553484313e-09	0.02248813028	6.215692944e-09	6.36302274e-09	
0.9999757702	1.577920161e-05	8.436694679e-06	6.865014989e-09	7.020819818e-09	
0.9999759596	1.575625954e-05	8.270250232e-06	6.85510074e-09	7.010680553e-09	
0.9999739923	1.59922682e-05	1.000106815e-05	6.958343615e-09	7.413905024e-09	
0.9999760014	1.575120099e-05	8.233550436e-06	6.852914654e-09	7.00844485e-09	
0.9999709078	1.636985705e-05	1.270791216e-05	7.119319966e-09	7.280896141e-09	
0.9999778219	1.691991693e-05	5.244727947e-06	6.675509802e-09	6.826656198e-09	
0.9934216607	3.042193522e-09	0.006578325508	5.308588785e-09	5.434417159e-09	
0.9771081826	3.529284016e-09	0.022891801	6.173162948e-09	6.672481599e-09	
0.9920558538	3.083522553e-09	0.007944131952	5.381142195e-09	5.739091724e-09	
0.9934506616	3.04130548e-09	0.006549324657	5.307050582e-09	5.432842495e-09	
0.9899273574	3.149564404e-09	0.01007262832	5.493835498e-09	5.624054566e-09	
0.9958181667	3.274745461e-09	0.004181819521	5.181974752e-09	5.304524221e-09	
0.9999906171	8.601903035e-08	9.286570109e-06	4.963466388e-09	5.389654283e-09	
0.9759067649	3.565560154e-09	0.02409321889	6.236606171e-09	6.384431695e-09	
0.9775496716	3.525744294e-09	0.02245031202	6.167031889e-09	6.665854619e-09	
0.9922113615	3.07952135e-09	0.007788624317	5.374212185e-09	5.731700727e-09	
0.9935790424	3.037275466e-09	0.006420943876	5.300070119e-09	5.42569657e-09	
0.9901241159	3.145609618e-09	0.009875869812	5.486990807e-09	5.617047631e-09	
0.9959003309	3.27025335e-09	0.004099655397	5.174917062e-09	5.297299617e-09	
0.9999908004	8.589396301e-08	9.103358727e-06	4.956298269e-09	5.381870668e-09	
0.976370864	3.562068517e-09	0.02362911981	6.230559849e-09	6.37824205e-09	
0.9729781248	3.561827207e-09	0.02702185843	6.230649489e-09	7.016293918e-09	
0.9776470704	3.524963383e-09	0.02235291324	6.16567923e-09	6.664392548e-09	
0.965913702	3.619463983e-09	0.03408628117	6.328525748e-09	6.840410764e-09	
0.9856448411	3.81747958e-09	0.01435514247	6.055187572e-09	6.544620989e-09	
0.9211304185	3.963686788e-09	0.07886956309	6.949491302e-09	7.511604206e-09	
0.9922456564	3.078638947e-09	0.007754329457	5.372683823e-09	5.730070699e-09	
0.9880818793	3.186147765e-09	0.01191810599	5.558151918e-09	5.927875814e-09	
0.9950465849	3.316398646e-09	0.004953400922	5.248362392e-09	5.597186375e-09	
0.9999888936	8.718055025e-08	1.100853227e-05	5.030944082e-09	5.691413279e-09	
0.9715662591	3.597639765e-09	0.0284337243	6.293287454e-09	6.711912766e-09	
0.9901675103	3.144737407e-09	0.009832475471	5.485481183e-09	5.615502223e-09	
0.9959184493	3.269262774e-09	0.004081536982	5.173360686e-09	5.295706432e-09	
0.9999908408	8.586638661e-08	9.062961944e-06	4.954717702e-09	5.380154384e-09	
0.9764732539	3.561298191e-09	0.02352672994	6.229225844e-09	6.376876425e-09	
0.9937143273	3.390166507e-09	0.006285658409	5.362606537e-09	5.489427628e-09	
0.9641463286	3.654469693e-09	0.03585365483	6.389723675e-09	6.54117832e-09	
0.9999941246	9.223768119e-08	5.773067125e-06	4.826459494e-09	5.240608838e-09	
0.9848845174	3.858487166e-09	0.01511546633	6.120224584e-09	6.264963424e-09	
