4.616420481e-09	4.535976366e-09	0.9999999833	4.36537544e-09	3.181770027e-09	
4.616420481e-09	4.53597639e-09	0.9999999833	4.365375463e-09	3.181770031e-09	
4.616420481e-09	4.53597639e-09	0.9999999833	4.365375463e-09	3.181770031e-09	
4.616420481e-09	4.535976366e-09	0.9999999833	4.36537544e-09	3.181770027e-09	
4.61675249e-09	4.968574875e-09	0.9999999828	4.365686943e-09	3.27694813e-09	
4.616420481e-09	4.535976366e-09	0.9999999833	4.36537544e-09	3.181770027e-09	
4.616473899e-09	4.536028667e-09	0.9999999832	4.451558766e-09	3.181805392e-09	
4.616420481e-09	4.53597639e-09	0.9999999833	4.365375463e-09	3.181770031e-09	
4.616473899e-09	4.536028667e-09	0.9999999832	4.451558766e-09	3.181805392e-09	
4.616420481e-09	4.535976366e-09	0.9999999833	4.36537544e-09	3.181770027e-09	
4.616473899e-09	4.536028667e-09	0.9999999832	4.451558766e-09	3.181805392e-09	
4.616420481e-09	4.53597639e-09	0.9999999833	4.365375463e-09	3.181770031e-09	
4.616473899e-09	4.536028667e-09	0.9999999832	4.451558766e-09	3.181805392e-09	
1.498739508e-08	1.464424786e-08	0.9998587179	0.0001412421905	1.027220727e-08	
4.616367063e-09	4.53592409e-09	0.9999999834	4.280860667e-09	3.181734666e-09	
4.616367063e-09	4.53592409e-09	0.9999999834	4.280860667e-09	3.181734666e-09	
4.616367063e-09	4.535924065e-09	0.9999999834	4.280860645e-09	3.181734662e-09	
4.616699068e-09	4.968517586e-09	0.9999999829	4.281166117e-09	3.276911707e-09	
4.616367063e-09	4.535924065e-09	0.9999999834	4.280860645e-09	3.181734662e-09	
4.616420481e-09	4.535976366e-09	0.9999999833	4.36537544e-09	3.181770027e-09	
4.616367063e-09	4.53592409e-09	0.9999999834	4.280860667e-09	3.181734666e-09	
4.616420481e-09	4.535976366e-09	0.9999999833	4.36537544e-09	3.181770027e-09	
4.616367063e-09	4.535924065e-09	0.9999999834	4.280860645e-09	3.181734662e-09	
4.616420481e-09	4.535976366e-09	0.9999999833	4.36537544e-09	3.181770027e-09	
4.616367063e-09	4.53592409e-09	0.9999999834	4.280860667e-09	3.181734666e-09	
4.616420481e-09	4.535976366e-09	0.9999999833	4.36537544e-09	3.181770027e-09	
4.616367063e-09	4.535924114e-09	0.9999999834	4.28086069e-09	3.18173467e-09	
4.616367063e-09	4.53592409e-09	0.9999999834	4.280860667e-09	3.181734666e-09	
4.616699068e-09	4.968517613e-09	0.9999999829	4.28116614e-09	3.276911711e-09	
4.616367063e-09	4.53592409e-09	0.9999999834	4.280860667e-09	3.181734666e-09	
4.616420481e-09	4.53597639e-09	0.9999999833	4.365375463e-09	3.181770031e-09	
4.616367063e-09	4.535924114e-09	0.9999999834	4.28086069e-09	3.18173467e-09	
4.616420481e-09	4.53597639e-09	0.9999999833	4.365375463e-09	3.181770031e-09	
4.616367063e-09	4.53592409e-09	0.9999999834	4.280860667e-09	3.181734666e-09	
4.616420481e-09	4.53597639e-09	0.9999999833	4.365375463e-09	3.181770031e-09	
4.616420481e-09	4.53597639e-09	0.9999999833	4.365375463e-09	3.181770031e-09	
4.616367063e-09	4.53592409e-09	0.9999999834	4.280860667e-09	3.181734666e-09	
4.616699068e-09	4.968517613e-09	0.9999999829	4.28116614e-09	3.276911711e-09	
4.616367063e-09	4.53592409e-09	0.9999999834	4.280860667e-09	3.181734666e-09	
4.616420481e-09	4.53597639e-09	0.9999999833	4.365375463e-09	3.181770031e-09	
4.616420481e-09	4.53597639e-09	0.9999999833	4.365375463e-09	3.181770031e-09	
4.616367063e-09	4.53592409e-09	0.9999999834	4.280860667e-09	3.181734666e-09	
4.616420481e-09	4.53597639e-09	0.9999999833	4.365375463e-09	3.181770031e-09	
4.616367063e-09	4.535924114e-09	0.9999999834	4.28086069e-09	3.18173467e-09	
4.616420481e-09	4.53597639e-09	0.9999999833	4.365375463e-09	3.181770031e-09	
4.616699068e-09	4.968517586e-09	0.9999999829	4.281166117e-09	3.276911707e-09	
4.616367063e-09	4.535924065e-09	0.9999999834	4.280860645e-09	3.181734662e-09	
4.616420481e-09	4.535976366e-09	0.9999999833	4.36537544e-09	3.181770027e-09	
4.616367063e-09	4.53592409e-09	0.9999999834	4.280860667e-09	3.181734666e-09	
4.616420481e-09	4.535976366e-09	0.9999999833	4.36537544e-09	3.181770027e-09	
4.616367063e-09	4.535924065e-09	0.9999999834	4.280860645e-09	3.181734662e-09	
4.616420481e-09	4.535976366e-09	0.9999999833	4.36537544e-09	3.181770027e-09	
4.616367063e-09	4.53592409e-09	0.9999999834	4.280860667e-09	3.181734666e-09	
4.616420481e-09	4.535976366e-09	0.9999999833	4.36537544e-09	3.181770027e-09	
4.616699068e-09	4.968517586e-09	0.9999999829	4.281166117e-09	3.276911707e-09	
4.61675249e-09	4.968574875e-09	0.9999999828	4.365686943e-09	3.27694813e-09	
4.616699068e-09	4.968517613e-09	0.9999999829	4.28116614e-09	3.276911711e-09	
4.61675249e-09	4.968574875e-09	0.9999999828	4.365686943e-09	3.27694813e-09	
4.616699068e-09	4.968517586e-09	0.9999999829	4.281166117e-09	3.276911707e-09	
4.61675249e-09	4.968574875e-09	0.9999999828	4.365686943e-09	3.27694813e-09	
4.616699068e-09	4.968517613e-09	0.9999999829	4.28116614e-09	3.276911711e-09	
4.61675249e-09	4.968574875e-09	0.9999999828	4.365686943e-09	3.27694813e-09	
6.812495881e-08	0.0006666890536	0.9991201986	6.377834261e-08	0.000212980453	
4.616420481e-09	4.535976366e-09	0.9999999833	4.36537544e-09	3.181770027e-09	
4.616367063e-09	4.53592409e-09	0.9999999834	4.280860667e-09	3.181734666e-09	
4.616420481e-09	4.535976366e-09	0.9999999833	4.36537544e-09	3.181770027e-09	
4.616367063e-09	4.535924065e-09	0.9999999834	4.280860645e-09	3.181734662e-09	
4.616420481e-09	4.535976366e-09	0.9999999833	4.36537544e-09	3.181770027e-09	
4.616367063e-09	4.53592409e-09	0.9999999834	4.280860667e-09	3.181734666e-09	
4.616420481e-09	4.535976366e-09	0.9999999833	4.36537544e-09	3.181770027e-09	
4.616420481e-09	4.53597639e-09	0.9999999833	4.365375463e-09	3.181770031e-09	
4.616473899e-09	4.536028667e-09	0.9999999832	4.451558766e-09	3.181805392e-09	
4.616420481e-09	4.535976366e-09	0.9999999833	4.36537544e-09	3.181770027e-09	
4.616473899e-09	4.536028667e-09	0.9999999832	4.451558766e-09	3.181805392e-09	
4.616420481e-09	4.53597639e-09	0.9999999833	4.365375463e-09	3.181770031e-09	
4.616473899e-09	4.536028667e-09	0.9999999832	4.451558766e-09	3.181805392e-09	
1.498739508e-08	1.464424786e-08	0.9998587179	0.0001412421905	1.027220727e-08	
4.616420481e-09	4.53597639e-09	0.9999999833	4.365375463e-09	3.181770031e-09	
4.616367063e-09	4.53592409e-09	0.9999999834	4.280860667e-09	3.181734666e-09	
4.616420481e-09	4.53597639e-09	0.9999999833	4.365375463e-09	3.181770031e-09	
4.616367063e-09	4.535924114e-09	0.9999999834	4.28086069e-09	3.18173467e-09	
4.616420481e-09	4.53597639e-09	0.9999999833	4.365375463e-09	3.181770031e-09	
4.616420481e-09	4.535976366e-09	0.9999999833	4.36537544e-09	3.181770027e-09	
4.616473899e-09	4.536028667e-09	0.9999999832	4.451558766e-09	3.181805392e-09	
4.616420481e-09	4.53597639e-09	0.9999999833	4.365375463e-09	3.181770031e-09	
4.616473899e-09	4.536028667e-09	0.9999999832	4.451558766e-09	3.181805392e-09	
1.498739508e-08	1.464424786e-08	0.9998587179	0.0001412421905	1.027220727e-08	
4.616420481e-09	4.535976366e-09	0.9999999833	4.36537544e-09	3.181770027e-09	
4.616367063e-09	4.53592409e-09	0.9999999834	4.280860667e-09	3.181734666e-09	
4.616420481e-09	4.535976366e-09	0.9999999833	4.36537544e-09	3.181770027e-09	
4.616420481e-09	4.53597639e-09	0.9999999833	4.365375463e-09	3.181770031e-09	
4.616473899e-09	4.536028667e-09	0.9999999832	4.451558766e-09	3.181805392e-09	
1.498739508e-08	1.464424786e-08	0.9998587179	0.0001412421905	1.027220727e-08	
4.616420481e-09	4.53597639e-09	0.9999999833	4.365375463e-09	3.181770031e-09	
1.498739508e-08	1.464424786e-08	0.9998587179	0.0001412421905	1.027220727e-08	
2.681035628e-08	0.0006348455987	2.737643079e-08	2.566368084e-08	0.9993650746	
8.214351386e-09	0.9140627378	8.372450459e-09	7.699174604e-09	0.08593723793	
8.227334168e-09	0.9134284582	8.385703656e-09	7.711343156e-09	0.08657151748	
1.339123675e-08	0.8809169346	1.365758603e-08	6.060645168e-05	0.1190224319	
2.681035628e-08	0.0006348456427	2.737643079e-08	2.566368084e-08	0.9993650745	
8.586817494e-09	0.8958677058	8.748822865e-09	8.125285101e-09	0.1041322688	
9.713253469e-09	0.9348097941	7.937671953e-09	7.302090387e-09	0.06519018094	
9.250952578e-09	0.8959338532	9.306250188e-06	8.753753749e-09	0.1040568226	
8.249872998e-09	0.9123301948	8.408712233e-09	7.826115308e-09	0.08766978069	
8.05230243e-09	0.9219820988	8.205674932e-09	7.628736899e-09	0.07801787727	
8.391281791e-09	0.9054187303	8.554859866e-09	7.865008064e-09	0.09458124484	
2.42512294e-08	0.0005535184324	2.476832012e-08	2.296724774e-08	0.9994464096	
2.411170427e-08	0.0005490841514	2.46258803e-08	2.283510978e-08	0.9994508443	
2.854632287e-08	0.0003851767316	2.9173391e-08	0.0001305427167	0.9994842228	
6.810213956e-09	3.307668014e-08	6.968165865e-09	6.586905303e-09	0.9999999466	
2.092351935e-08	0.0004477565868	2.136169001e-08	2.000531592e-08	0.9995521811	
3.77955534e-08	0.0007460962208	3.094942721e-08	2.870962331e-08	0.9992538063	
2.255764225e-08	0.0004481039749	2.273869081e-05	2.156780153e-08	0.9995291132	
2.387505686e-08	0.0005415577807	2.438429054e-08	2.288483035e-08	0.9994583711	
2.618430946e-08	0.0006149490509	2.673737937e-08	2.506559322e-08	0.999384973	
2.251070995e-08	0.0004982025667	2.299626312e-08	2.131887887e-08	0.9995017306	
1.778038442e-08	0.0003478647301	1.815922056e-08	1.703866434e-08	0.9996520823	
8.428175914e-09	0.9019486078	8.592163179e-09	7.8156179e-09	0.09805136736	
2.42512294e-08	0.0005535184707	2.476832012e-08	2.296724774e-08	0.9994464095	
8.774066595e-09	0.882359113	8.941427692e-09	8.214216347e-09	0.117640861	
9.981350863e-09	0.9259353276	8.158424485e-09	7.423874806e-09	0.07406464687	
9.452784203e-09	0.8824335992	9.511227374e-06	8.849657214e-09	0.1175568713	
8.259127237e-09	0.9115266446	8.418155401e-09	7.741507714e-09	0.08847333098	
8.586141797e-09	0.893001165	8.755303434e-09	7.962102385e-09	0.1069988097	
9.283331149e-09	0.8535133037	9.463787248e-09	8.710694356e-09	0.1464866688	
2.411170427e-08	0.0005490841895	2.46258803e-08	2.283510978e-08	0.9994508442	
8.785684912e-09	0.8815211676	8.953289552e-09	8.225093336e-09	0.1184788064	
9.998084874e-09	0.9253815229	8.172122325e-09	7.436321143e-09	0.07461845148	
9.465307467e-09	0.8815961617	9.523851392e-06	8.861381449e-09	0.1183942961	
8.462361125e-09	0.8999985565	8.627071488e-09	7.94235636e-09	0.1000014185	
8.598249936e-09	0.8922297635	8.767671598e-09	7.973330513e-09	0.1077702111	
9.293459742e-09	0.852504238	9.474135932e-09	8.72019818e-09	0.1474957345	
2.854632287e-08	0.0003851767583	2.9173391e-08	0.0001305427167	0.9994842228	
1.411512922e-08	0.8391524169	1.439344484e-08	6.38083254e-05	0.1607837463	
1.520736524e-08	0.8392431619	1.531104187e-05	6.874608332e-05	0.1606727657	
1.369824729e-08	0.8632053636	1.39736457e-08	6.207976928e-05	0.1367325289	
1.344985792e-08	0.8775350064	1.371748284e-08	6.08746348e-05	0.1224040918	
1.475738368e-08	0.8020978707	1.505374107e-08	6.686295704e-05	0.1978352365	
1.529054552e-08	9.379566605e-05	1.562963039e-08	0.9998693404	3.683305241e-05	
1.534263469e-08	9.37395869e-05	1.562627286e-08	0.999869405	3.682446771e-05	
1.529053692e-08	9.373939846e-05	1.562624145e-08	0.9998694053	3.682439673e-05	
1.529051829e-08	9.3858845e-05	1.556905311e-08	0.9998692676	3.684271039e-05	
2.092351935e-08	0.0004477566179	2.136169001e-08	2.000531592e-08	0.9995521811	
3.77955534e-08	0.0007460962725	3.094942721e-08	2.870962331e-08	0.9992538063	
2.255764225e-08	0.0004481040059	2.273869081e-05	2.156780153e-08	0.9995291132	
2.387505686e-08	0.0005415578182	2.438429054e-08	2.288483035e-08	0.999458371	
2.618430946e-08	0.0006149490935	2.673737937e-08	2.506559322e-08	0.9993849729	
2.251070996e-08	0.0004982026012	2.299626312e-08	2.131887887e-08	0.9995017306	
1.778038442e-08	0.0003478647542	1.815922056e-08	1.703866434e-08	0.9996520823	
1.046271162e-08	0.9100065288	8.548684964e-09	7.856354228e-09	0.08999344429	
9.809553131e-09	0.8585793457	9.866522842e-06	9.271530112e-09	0.1414107687	
8.80585107e-09	0.880071268	8.973878725e-09	8.343814387e-09	0.1199287058	
8.628554908e-09	0.8928575985	8.791418016e-09	8.165164622e-09	0.1071423759	
8.931891902e-09	0.870976321	9.104470342e-09	8.361970747e-09	0.1290236526	
9.570047648e-09	0.8249535067	9.752440457e-09	9.065640996e-09	0.1750464649	
2.091832933e-08	0.0002187874263	2.134514459e-08	1.958359488e-08	0.9997811507	
1.127181021e-08	0.910063641	9.09325988e-06	8.463928066e-09	0.089927246	
1.00271393e-08	0.9244223518	8.195905489e-09	7.548253083e-09	0.07557762245	
9.772745804e-09	0.932840982	7.986352948e-09	7.347161516e-09	0.06715899285	
1.020967975e-08	0.9183788896	8.347076237e-09	7.593699576e-09	0.08162108428	
1.115569834e-08	0.8870723	9.11815568e-09	8.395707222e-09	0.1129276714	
0.001418628796	0.998384899	8.587795757e-08	7.835417226e-08	0.0001963080149	
9.487044366e-09	0.8801471383	9.545763482e-06	8.989296896e-09	0.1198432974	
9.295940031e-09	0.8929256291	9.351581319e-06	8.796738584e-09	0.1070650013	
9.622903863e-09	0.8710576112	9.684746382e-06	9.008922007e-09	0.1289326855	
1.031080201e-08	0.8250602488	1.03743891e-05	9.767386171e-09	0.1749293567	
2.255205142e-08	0.0002189572145	2.27210834e-05	2.111314683e-08	0.999758278	
8.294378521e-09	0.9097480209	8.454142235e-09	7.868706244e-09	0.09025195446	
9.311040702e-09	0.8507593579	9.492099205e-09	8.8425036e-09	0.1492406145	
8.434668162e-09	0.9026547107	8.599160753e-09	7.906046602e-09	0.09734526435	
9.156086238e-09	0.8661956721	9.332240476e-09	8.684013192e-09	0.1338043007	
1.777506566e-08	0.0001699685542	1.814422831e-08	1.667862929e-08	0.9998299788	
0.9999999829	4.614278979e-09	4.762501093e-09	4.447349739e-09	3.231723132e-09	
0.9999946493	5.337218045e-06	5.160507412e-09	4.71888694e-09	3.605503539e-09	
0.999999983	4.614484618e-09	4.762441691e-09	4.35461717e-09	3.23168451e-09	
0.999999983	4.614484618e-09	4.762441691e-09	4.35461717e-09	3.23168451e-09	
0.999999983	4.614791742e-09	4.762442056e-09	4.354890877e-09	3.231684752e-09	
0.999999983	4.614791742e-09	4.762442056e-09	4.354890877e-09	3.231684752e-09	
0.9999999829	4.61454457e-09	4.762503876e-09	4.451487026e-09	3.231724946e-09	
0.999999983	4.614791742e-09	4.762442056e-09	4.354890877e-09	3.231684752e-09	
0.999999983	4.610805552e-09	4.762439624e-09	4.354888675e-09	3.231683114e-09	
0.9999949464	5.000652112e-09	5.160648607e-09	5.039932905e-06	3.501886924e-09	
0.999999983	4.614484618e-09	4.762441691e-09	4.35461717e-09	3.23168451e-09	
0.999999983	4.614791742e-09	4.762442056e-09	4.354890877e-09	3.231684752e-09	
0.9999999829	4.614278979e-09	4.762501093e-09	4.447349739e-09	3.231723132e-09	
0.9999946494	5.336980199e-06	5.16057178e-09	4.819376719e-09	3.605546628e-09	
0.9999999829	4.614278979e-09	4.762501093e-09	4.447349739e-09	3.231723132e-09	
0.9999999829	4.614278979e-09	4.762501093e-09	4.447349739e-09	3.231723132e-09	
0.9999999829	4.614586089e-09	4.762501458e-09	4.447629276e-09	3.231723373e-09	
0.9999999829	4.614586089e-09	4.762501458e-09	4.447629276e-09	3.231723373e-09	
0.9999999828	4.614338928e-09	4.762563279e-09	4.546282462e-09	3.231763568e-09	
0.9999999829	4.614586089e-09	4.762501458e-09	4.447629276e-09	3.231723373e-09	
0.9999999829	4.610600077e-09	4.762499026e-09	4.447627027e-09	3.231721735e-09	
0.9999948391	5.000428727e-09	5.160712423e-09	5.147258878e-06	3.501928399e-09	
0.9999999829	4.614278979e-09	4.762501093e-09	4.447349739e-09	3.231723132e-09	
0.9999999829	4.614586089e-09	4.762501458e-09	4.447629276e-09	3.231723373e-09	
0.9999999828	4.614073348e-09	4.762560496e-09	4.54205707e-09	3.231761753e-09	
0.9998473585	1.55137637e-08	1.617760828e-08	0.0001525989066	1.087407527e-08	
0.9999946493	5.337218045e-06	5.160507412e-09	4.71888694e-09	3.605503539e-09	
0.9999946493	5.337218045e-06	5.160507412e-09	4.71888694e-09	3.605503539e-09	
0.9999946489	5.33757327e-06	5.160507806e-09	4.719183542e-09	3.605503807e-09	
0.9999946489	5.33757327e-06	5.160507806e-09	4.719183542e-09	3.605503807e-09	
0.9999946491	5.337287386e-06	5.160574794e-09	4.823860094e-09	3.605548652e-09	
0.9999946489	5.33757327e-06	5.160507806e-09	4.719183542e-09	3.605503807e-09	
0.9999887451	5.783863148e-06	5.591993354e-09	5.46152555e-06	3.906957719e-09	
0.9999946493	5.337218045e-06	5.160507412e-09	4.71888694e-09	3.605503539e-09	
0.9999946489	5.33757327e-06	5.160507806e-09	4.719183542e-09	3.605503807e-09	
0.9999946494	5.336980199e-06	5.16057178e-09	4.819376719e-09	3.605546628e-09	
0.999999983	4.614484618e-09	4.762441691e-09	4.35461717e-09	3.23168451e-09	
0.999999983	4.614791742e-09	4.762442056e-09	4.354890877e-09	3.231684752e-09	
0.999999983	4.614791742e-09	4.762442056e-09	4.354890877e-09	3.231684752e-09	
0.9999999829	4.61454457e-09	4.762503876e-09	4.451487026e-09	3.231724946e-09	
0.999999983	4.614791742e-09	4.762442056e-09	4.354890877e-09	3.231684752e-09	
0.999999983	4.610805552e-09	4.762439624e-09	4.354888675e-09	3.231683114e-09	
0.9999949464	5.000652112e-09	5.160648607e-09	5.039932905e-06	3.501886924e-09	
0.999999983	4.614484618e-09	4.762441691e-09	4.35461717e-09	3.23168451e-09	
0.999999983	4.614791742e-09	4.762442056e-09	4.354890877e-09	3.231684752e-09	
0.9999999829	4.614278979e-09	4.762501093e-09	4.447349739e-09	3.231723132e-09	
0.999999983	4.614791742e-09	4.762442056e-09	4.354890877e-09	3.231684752e-09	
0.999999983	4.614791742e-09	4.762442056e-09	4.354890877e-09	3.231684752e-09	
0.9999999829	4.61454457e-09	4.762503876e-09	4.451487026e-09	3.231724946e-09	
0.999999983	4.614791742e-09	4.762442056e-09	4.354890877e-09	3.231684752e-09	
0.999999983	4.610805552e-09	4.762439624e-09	4.354888675e-09	3.231683114e-09	
0.9999949464	5.000652112e-09	5.160648607e-09	5.039932905e-06	3.501886924e-09	
0.999999983	4.614484618e-09	4.762441691e-09	4.35461717e-09	3.23168451e-09	
0.999999983	4.614791742e-09	4.762442056e-09	4.354890877e-09	3.231684752e-09	
0.9999999829	4.614278979e-09	4.762501093e-09	4.447349739e-09	3.231723132e-09	
0.999999983	4.615098887e-09	4.762442422e-09	4.355164602e-09	3.231684994e-09	
0.9999999829	4.614851698e-09	4.762504241e-09	4.451766823e-09	3.231725188e-09	
0.999999983	4.615098887e-09	4.762442422e-09	4.355164602e-09	3.231684994e-09	
0.999999983	4.611112432e-09	4.762439989e-09	4.3551624e-09	3.231683356e-09	
0.9999949461	5.000984936e-09	5.160649002e-09	5.040249687e-06	3.501887185e-09	
0.999999983	4.614791742e-09	4.762442056e-09	4.354890877e-09	3.231684752e-09	
0.9999999829	4.614586089e-09	4.762501458e-09	4.447629276e-09	3.231723373e-09	
0.9999999829	4.614851698e-09	4.762504241e-09	4.451766823e-09	3.231725188e-09	
0.999999983	4.611112432e-09	4.762439989e-09	4.3551624e-09	3.231683356e-09	
0.9999949461	5.000984936e-09	5.160649002e-09	5.040249687e-06	3.501887185e-09	
0.999999983	4.614791742e-09	4.762442056e-09	4.354890877e-09	3.231684752e-09	
0.999999983	4.615098887e-09	4.762442422e-09	4.355164602e-09	3.231684994e-09	
0.9999999829	4.614586089e-09	4.762501458e-09	4.447629276e-09	3.231723373e-09	
0.9999999829	4.614851698e-09	4.762504241e-09	4.451766823e-09	3.231725188e-09	
0.9999999829	4.610865456e-09	4.762501809e-09	4.451764572e-09	3.23172355e-09	
0.9999999829	4.61454457e-09	4.762503876e-09	4.451487026e-09	3.231724946e-09	
0.9999999829	4.614851698e-09	4.762504241e-09	4.451766823e-09	3.231725188e-09	
0.9999999828	4.614338928e-09	4.762563279e-09	4.546282462e-09	3.231763568e-09	
0.9998472166	1.551465445e-08	1.617761543e-08	0.0001527408448	1.087407983e-08	
0.999999983	4.611112432e-09	4.762439989e-09	4.3551624e-09	3.231683356e-09	
0.9999949461	5.000984936e-09	5.160649002e-09	5.040249687e-06	3.501887185e-09	
0.999999983	4.614791742e-09	4.762442056e-09	4.354890877e-09	3.231684752e-09	
0.999999983	4.615098887e-09	4.762442422e-09	4.355164602e-09	3.231684994e-09	
0.9999999829	4.614586089e-09	4.762501458e-09	4.447629276e-09	3.231723373e-09	
0.9999949461	4.996665158e-09	5.160646366e-09	5.040247138e-06	3.50188541e-09	
0.999999983	4.610805552e-09	4.762439624e-09	4.354888675e-09	3.231683114e-09	
0.999999983	4.611112432e-09	4.762439989e-09	4.3551624e-09	3.231683356e-09	
0.9999999829	4.610600077e-09	4.762499026e-09	4.447627027e-09	3.231721735e-09	
0.9999949464	5.000652112e-09	5.160648607e-09	5.039932905e-06	3.501886924e-09	
0.9999949461	5.000984936e-09	5.160649002e-09	5.040249687e-06	3.501887185e-09	
0.9999948391	5.000428727e-09	5.160712423e-09	5.147258878e-06	3.501928399e-09	
0.001064016535	6.787143179e-08	7.009886554e-08	0.9989357979	4.756719555e-08	
0.999999983	4.614791742e-09	4.762442056e-09	4.354890877e-09	3.231684752e-09	
0.9999999829	4.614278979e-09	4.762501093e-09	4.447349739e-09	3.231723132e-09	
0.9999999829	4.614586089e-09	4.762501458e-09	4.447629276e-09	3.231723373e-09	
0.9998473585	1.55137637e-08	1.617760828e-08	0.0001525989066	1.087407527e-08	
6.803026152e-09	6.684478513e-09	6.909815786e-09	6.308593934e-09	0.9999999733	
6.803026152e-09	6.684478513e-09	6.909815786e-09	6.308593934e-09	0.9999999733	
6.803026152e-09	6.684478513e-09	6.909815786e-09	6.308593934e-09	0.9999999733	
6.803026152e-09	6.684478513e-09	6.909815786e-09	6.308593934e-09	0.9999999733	
6.803026152e-09	6.684478513e-09	6.909815786e-09	6.308593934e-09	0.9999999733	
6.803026151e-09	6.684477975e-09	6.909815764e-09	6.308593933e-09	0.9999999733	
6.803026152e-09	6.684478513e-09	6.909815786e-09	6.308593934e-09	0.9999999733	
6.803026151e-09	6.684477975e-09	6.909815764e-09	6.308593933e-09	0.9999999733	
6.803026151e-09	6.684477975e-09	6.909815764e-09	6.308593933e-09	0.9999999733	
6.803026152e-09	6.684478513e-09	6.909815786e-09	6.308593934e-09	0.9999999733	
6.803026152e-09	6.684478513e-09	6.909815786e-09	6.308593934e-09	0.9999999733	
6.803026152e-09	6.684478513e-09	6.909815786e-09	6.308593934e-09	0.9999999733	
6.803026152e-09	6.684478513e-09	6.909815786e-09	6.308593934e-09	0.9999999733	
6.803372369e-09	7.263996326e-09	6.9319672e-09	6.308912897e-09	0.9999999727	
6.803026152e-09	6.684478513e-09	6.909815786e-09	6.308593934e-09	0.9999999733	
6.803026152e-09	6.684478513e-09	6.909815786e-09	6.308593934e-09	0.9999999733	
6.803026152e-09	6.684478513e-09	6.909815786e-09	6.308593934e-09	0.9999999733	
6.803026152e-09	6.684478513e-09	6.909815786e-09	6.308593934e-09	0.9999999733	
6.803026151e-09	6.684477975e-09	6.909815764e-09	6.308593933e-09	0.9999999733	
6.803026152e-09	6.684478513e-09	6.909815786e-09	6.308593934e-09	0.9999999733	
6.803026151e-09	6.684477975e-09	6.909815764e-09	6.308593933e-09	0.9999999733	
6.803026151e-09	6.684477975e-09	6.909815764e-09	6.308593933e-09	0.9999999733	
6.803026152e-09	6.684478513e-09	6.909815786e-09	6.308593934e-09	0.9999999733	
6.803026152e-09	6.684478513e-09	6.909815786e-09	6.308593934e-09	0.9999999733	
6.803026152e-09	6.684478513e-09	6.909815786e-09	6.308593934e-09	0.9999999733	
6.803026152e-09	6.684478513e-09	6.909815786e-09	6.308593934e-09	0.9999999733	
6.803372369e-09	7.263996326e-09	6.9319672e-09	6.308912897e-09	0.9999999727	
6.803026152e-09	6.684478513e-09	6.909815786e-09	6.308593934e-09	0.9999999733	
6.803026152e-09	6.684478513e-09	6.909815786e-09	6.308593934e-09	0.9999999733	
6.803026152e-09	6.684478513e-09	6.909815786e-09	6.308593934e-09	0.9999999733	
6.803026151e-09	6.684477975e-09	6.909815764e-09	6.308593933e-09	0.9999999733	
6.803026152e-09	6.684478513e-09	6.909815786e-09	6.308593934e-09	0.9999999733	
6.803026151e-09	6.684477975e-09	6.909815764e-09	6.308593933e-09	0.9999999733	
6.803026151e-09	6.684477975e-09	6.909815764e-09	6.308593933e-09	0.9999999733	
6.803026152e-09	6.684478513e-09	6.909815786e-09	6.308593934e-09	0.9999999733	
6.803026152e-09	6.684478513e-09	6.909815786e-09	6.308593934e-09	0.9999999733	
6.803026152e-09	6.684478513e-09	6.909815786e-09	6.308593934e-09	0.9999999733	
6.803026152e-09	6.684478513e-09	6.909815786e-09	6.308593934e-09	0.9999999733	
6.803372369e-09	7.263996326e-09	6.9319672e-09	6.308912897e-09	0.9999999727	
6.803026152e-09	6.684478513e-09	6.909815786e-09	6.308593934e-09	0.9999999733	
6.803026152e-09	6.684478513e-09	6.909815786e-09	6.308593934e-09	0.9999999733	
6.803026151e-09	6.684477975e-09	6.909815764e-09	6.308593933e-09	0.9999999733	
6.803026152e-09	6.684478513e-09	6.909815786e-09	6.308593934e-09	0.9999999733	
6.803026151e-09	6.684477975e-09	6.909815764e-09	6.308593933e-09	0.9999999733	
6.803026151e-09	6.684477975e-09	6.909815764e-09	6.308593933e-09	0.9999999733	
6.803026152e-09	6.684478513e-09	6.909815786e-09	6.308593934e-09	0.9999999733	
6.803026152e-09	6.684478513e-09	6.909815786e-09	6.308593934e-09	0.9999999733	
6.803026152e-09	6.684478513e-09	6.909815786e-09	6.308593934e-09	0.9999999733	
6.803026152e-09	6.684478513e-09	6.909815786e-09	6.308593934e-09	0.9999999733	
6.803372369e-09	7.263996326e-09	6.9319672e-09	6.308912897e-09	0.9999999727	
6.803026152e-09	6.684478513e-09	6.909815786e-09	6.308593934e-09	0.9999999733	
6.803026151e-09	6.684477975e-09	6.909815764e-09	6.308593933e-09	0.9999999733	
6.803026152e-09	6.684478513e-09	6.909815786e-09	6.308593934e-09	0.9999999733	
6.803026151e-09	6.684477975e-09	6.909815764e-09	6.308593933e-09	0.9999999733	
6.803026151e-09	6.684477975e-09	6.909815764e-09	6.308593933e-09	0.9999999733	
6.803026152e-09	6.684478513e-09	6.909815786e-09	6.308593934e-09	0.9999999733	
6.803026152e-09	6.684478513e-09	6.909815786e-09	6.308593934e-09	0.9999999733	
6.803026152e-09	6.684478513e-09	6.909815786e-09	6.308593934e-09	0.9999999733	
6.803026152e-09	6.684478513e-09	6.909815786e-09	6.308593934e-09	0.9999999733	
6.803372369e-09	7.263996326e-09	6.9319672e-09	6.308912897e-09	0.9999999727	
6.803026151e-09	6.684477975e-09	6.909815764e-09	6.308593933e-09	0.9999999733	
6.803026152e-09	6.684478513e-09	6.909815786e-09	6.308593934e-09	0.9999999733	
6.803026151e-09	6.684477975e-09	6.909815764e-09	6.308593933e-09	0.9999999733	
6.803026151e-09	6.684477975e-09	6.909815764e-09	6.308593933e-09	0.9999999733	
6.803026152e-09	6.684478513e-09	6.909815786e-09	6.308593934e-09	0.9999999733	
6.803026152e-09	6.684478513e-09	6.909815786e-09	6.308593934e-09	0.9999999733	
6.803026152e-09	6.684478513e-09	6.909815786e-09	6.308593934e-09	0.9999999733	
6.803026152e-09	6.684478513e-09	6.909815786e-09	6.308593934e-09	0.9999999733	
6.803372369e-09	7.263996326e-09	6.9319672e-09	6.308912897e-09	0.9999999727	
6.803026151e-09	6.684477975e-09	6.909815764e-09	6.308593933e-09	0.9999999733	
6.80302615e-09	6.684477437e-09	6.909815742e-09	6.308593932e-09	0.9999999733	
6.80302615e-09	6.684477437e-09	6.909815742e-09	6.308593932e-09	0.9999999733	
6.803026151e-09	6.684477975e-09	6.909815764e-09	6.308593933e-09	0.9999999733	
6.803026151e-09	6.684477975e-09	6.909815764e-09	6.308593933e-09	0.9999999733	
6.803026151e-09	6.684477975e-09	6.909815764e-09	6.308593933e-09	0.9999999733	
6.803026151e-09	6.684477975e-09	6.909815764e-09	6.308593933e-09	0.9999999733	
6.803026151e-09	6.684477975e-09	6.909815764e-09	6.308593933e-09	0.9999999733	
6.803026151e-09	6.684477975e-09	6.909815764e-09	6.308593933e-09	0.9999999733	
6.803026152e-09	6.684478513e-09	6.909815786e-09	6.308593934e-09	0.9999999733	
6.803026152e-09	6.684478513e-09	6.909815786e-09	6.308593934e-09	0.9999999733	
6.803026152e-09	6.684478513e-09	6.909815786e-09	6.308593934e-09	0.9999999733	
6.803026152e-09	6.684478513e-09	6.909815786e-09	6.308593934e-09	0.9999999733	
6.803372369e-09	7.263996326e-09	6.9319672e-09	6.308912897e-09	0.9999999727	
6.80302615e-09	6.684477437e-09	6.909815742e-09	6.308593932e-09	0.9999999733	
6.803026151e-09	6.684477975e-09	6.909815764e-09	6.308593933e-09	0.9999999733	
6.803026151e-09	6.684477975e-09	6.909815764e-09	6.308593933e-09	0.9999999733	
6.803026151e-09	6.684477975e-09	6.909815764e-09	6.308593933e-09	0.9999999733	
6.803026151e-09	6.684477975e-09	6.909815764e-09	6.308593933e-09	0.9999999733	
6.803026151e-09	6.684477975e-09	6.909815764e-09	6.308593933e-09	0.9999999733	
6.803026151e-09	6.684477975e-09	6.909815764e-09	6.308593933e-09	0.9999999733	
6.803026151e-09	6.684477975e-09	6.909815764e-09	6.308593933e-09	0.9999999733	
6.803026151e-09	6.684477975e-09	6.909815764e-09	6.308593933e-09	0.9999999733	
6.803026152e-09	6.684478513e-09	6.909815786e-09	6.308593934e-09	0.9999999733	
6.803026152e-09	6.684478513e-09	6.909815786e-09	6.308593934e-09	0.9999999733	
6.803026152e-09	6.684478513e-09	6.909815786e-09	6.308593934e-09	0.9999999733	
6.803372369e-09	7.263996326e-09	6.9319672e-09	6.308912897e-09	0.9999999727	
6.803026152e-09	6.684478513e-09	6.909815786e-09	6.308593934e-09	0.9999999733	
6.803026152e-09	6.684478513e-09	6.909815786e-09	6.308593934e-09	0.9999999733	
6.803372369e-09	7.263996326e-09	6.9319672e-09	6.308912897e-09	0.9999999727	
6.803026152e-09	6.684478513e-09	6.909815786e-09	6.308593934e-09	0.9999999733	
6.803372369e-09	7.263996326e-09	6.9319672e-09	6.308912897e-09	0.9999999727	
6.803372369e-09	7.263996326e-09	6.9319672e-09	6.308912897e-09	0.9999999727	
5.056370517e-09	5.021714599e-09	5.155714321e-09	0.9999999813	3.499686236e-09	
5.07461651e-09	5.021725158e-09	5.155725247e-09	0.9999999812	3.499693347e-09	
5.784750301e-09	5.022113277e-09	5.156124984e-09	0.9999999805	3.499955542e-09	
5.056370517e-09	5.021714599e-09	5.155714321e-09	0.9999999813	3.499686236e-09	
5.07461651e-09	5.021725158e-09	5.155725247e-09	0.9999999812	3.499693347e-09	
7.409172037e-09	7.317426622e-09	3.397857857e-05	0.9999660016	5.09957818e-09	
5.073651909e-09	5.07276726e-09	5.174710994e-09	0.9999999812	3.513659022e-09	
5.056382712e-09	5.021726651e-09	5.177037661e-09	0.9999999812	3.499694369e-09	
5.056383088e-09	5.021727504e-09	5.178467491e-09	0.9999999812	3.499694922e-09	
5.05642371e-09	5.072757062e-09	5.174700594e-09	0.9999999812	3.513652248e-09	
5.0736092e-09	5.02173531e-09	5.17466731e-09	0.9999999812	3.499700183e-09	
5.056370483e-09	5.02171459e-09	5.155714312e-09	0.9999999813	3.499686234e-09	
5.074628094e-09	5.021736512e-09	5.175787917e-09	0.9999999812	3.499701003e-09	
5.05638196e-09	5.021725965e-09	5.175776898e-09	0.9999999812	3.499693894e-09	
5.056382712e-09	5.021726686e-09	5.177037647e-09	0.9999999812	3.499694376e-09	
5.056418246e-09	5.079221673e-09	5.155763126e-09	0.9999999812	3.515400156e-09	
5.075717985e-09	4.968226261e-09	5.156935742e-09	0.9999999813	3.484971988e-09	
5.074559943e-09	4.968213662e-09	5.13569446e-09	0.9999999813	3.484963441e-09	
5.784685817e-09	4.968597645e-09	5.136092645e-09	0.9999999806	3.485224532e-09	
5.074559943e-09	4.968213662e-09	5.13569446e-09	0.9999999813	3.484963441e-09	
5.073595353e-09	5.01871186e-09	5.154606445e-09	0.9999999813	3.498870335e-09	
5.056326348e-09	4.968215139e-09	5.156924072e-09	0.9999999813	3.484964458e-09	
5.056326724e-09	4.968215983e-09	5.158348347e-09	0.9999999813	3.484965009e-09	
5.056367345e-09	5.01870177e-09	5.154596085e-09	0.9999999813	3.49886359e-09	
5.073552644e-09	4.968223706e-09	5.154562931e-09	0.9999999813	3.484970248e-09	
5.056314119e-09	4.968203206e-09	5.135683568e-09	0.9999999814	3.484956357e-09	
5.074571527e-09	4.968224895e-09	5.155679184e-09	0.9999999813	3.484971064e-09	
5.056325596e-09	4.96821446e-09	5.155668207e-09	0.9999999813	3.484963985e-09	
5.056326348e-09	4.968215174e-09	5.156924058e-09	0.9999999813	3.484964465e-09	
5.056361882e-09	5.025097495e-09	5.135732192e-09	0.9999999813	3.500604141e-09	
5.094033794e-09	4.968236708e-09	5.156946671e-09	0.9999999813	3.484979069e-09	
5.075717985e-09	4.968226261e-09	5.156935742e-09	0.9999999813	3.484971988e-09	
5.094033794e-09	4.968236708e-09	5.156946671e-09	0.9999999813	3.484979069e-09	
7.4375221e-09	7.239485657e-09	3.398662804e-05	0.9999659936	5.078137229e-09	
5.093065503e-09	5.01873514e-09	5.175936916e-09	0.9999999812	3.498886026e-09	
5.075730227e-09	4.968238185e-09	5.178264134e-09	0.9999999813	3.484980087e-09	
5.075730604e-09	4.968239029e-09	5.179694303e-09	0.9999999813	3.484980637e-09	
5.075771382e-09	5.018725049e-09	5.175926513e-09	0.9999999812	3.498879281e-09	
5.093022629e-09	4.968246752e-09	5.175893222e-09	0.9999999813	3.484985877e-09	
5.075717951e-09	4.968226252e-09	5.156935734e-09	0.9999999813	3.484971986e-09	
5.094045423e-09	4.96824794e-09	5.177014094e-09	0.9999999813	3.484986693e-09	
3.151921155e-05	7.109479295e-09	7.449855206e-09	0.9999684612	4.986943689e-09	
5.075729472e-09	4.968237506e-09	5.177003072e-09	0.9999999813	3.484979613e-09	
5.075730227e-09	4.96823822e-09	5.17826412e-09	0.9999999813	3.484980093e-09	
5.075765897e-09	5.025120804e-09	5.156984559e-09	0.9999999812	3.50061984e-09	
5.805559948e-09	4.968608093e-09	5.136103529e-09	0.9999999806	3.485231614e-09	
5.074559943e-09	4.968213662e-09	5.13569446e-09	0.9999999813	3.484963441e-09	
5.092871573e-09	4.96822411e-09	5.135705344e-09	0.9999999813	3.484970522e-09	
5.091903502e-09	5.018722413e-09	5.154617369e-09	0.9999999812	3.498877445e-09	
5.074572182e-09	4.968225587e-09	5.156935001e-09	0.9999999813	3.48497154e-09	
5.074572559e-09	4.96822643e-09	5.158359279e-09	0.9999999813	3.484972091e-09	
5.074613327e-09	5.018712323e-09	5.154607009e-09	0.9999999813	3.4988707e-09	
5.091860639e-09	4.968234153e-09	5.154573854e-09	0.9999999813	3.48497733e-09	
5.074559908e-09	4.968213654e-09	5.135694452e-09	0.9999999813	3.484963439e-09	
5.092883199e-09	4.968235342e-09	5.15569011e-09	0.9999999813	3.484978146e-09	
3.151202056e-05	7.109461318e-09	7.419169502e-09	0.9999684685	4.986931495e-09	
5.074571427e-09	4.968224907e-09	5.155679133e-09	0.9999999813	3.484971066e-09	
5.074572182e-09	4.968225621e-09	5.156934987e-09	0.9999999813	3.484971547e-09	
5.074607844e-09	5.025108061e-09	5.135743075e-09	0.9999999813	3.500611254e-09	
5.784685817e-09	4.968597645e-09	5.136092645e-09	0.9999999806	3.485224532e-09	
5.805559948e-09	4.968608093e-09	5.136103529e-09	0.9999999806	3.485231614e-09	
5.804456407e-09	5.019110299e-09	5.15501702e-09	0.9999999805	3.499139578e-09	
5.784699769e-09	4.96860957e-09	5.157334832e-09	0.9999999806	3.485232632e-09	
5.784746672e-09	5.019100208e-09	5.155006659e-09	0.9999999805	3.499132833e-09	
5.804407545e-09	4.968618137e-09	5.154973503e-09	0.9999999806	3.485238422e-09	
5.784685778e-09	4.968597636e-09	5.136092636e-09	0.9999999806	3.48522453e-09	
5.805573201e-09	4.968619326e-09	5.156089845e-09	0.9999999806	3.485239238e-09	
5.784698909e-09	4.968608891e-09	5.156078867e-09	0.9999999806	3.485232158e-09	
5.784699769e-09	4.968609605e-09	5.157334818e-09	0.9999999806	3.485232638e-09	
5.784740421e-09	5.025496441e-09	5.136141264e-09	0.9999999806	3.500873518e-09	
5.074559943e-09	4.968213662e-09	5.13569446e-09	0.9999999813	3.484963441e-09	
5.073595353e-09	5.01871186e-09	5.154606445e-09	0.9999999813	3.498870335e-09	
5.056326348e-09	4.968215139e-09	5.156924072e-09	0.9999999813	3.484964458e-09	
5.056326724e-09	4.968215983e-09	5.158348347e-09	0.9999999813	3.484965009e-09	
5.056367345e-09	5.01870177e-09	5.154596085e-09	0.9999999813	3.49886359e-09	
5.073552644e-09	4.968223706e-09	5.154562931e-09	0.9999999813	3.484970248e-09	
5.056314119e-09	4.968203206e-09	5.135683568e-09	0.9999999814	3.484956357e-09	
5.074571527e-09	4.968224895e-09	5.155679184e-09	0.9999999813	3.484971064e-09	
5.056325596e-09	4.96821446e-09	5.155668207e-09	0.9999999813	3.484963985e-09	
5.056326348e-09	4.968215174e-09	5.156924058e-09	0.9999999813	3.484964465e-09	
5.056361882e-09	5.025097495e-09	5.135732192e-09	0.9999999813	3.500604141e-09	
5.091903502e-09	5.018722413e-09	5.154617369e-09	0.9999999812	3.498877445e-09	
5.074572182e-09	4.968225587e-09	5.156935001e-09	0.9999999813	3.48497154e-09	
5.074572559e-09	4.96822643e-09	5.158359279e-09	0.9999999813	3.484972091e-09	
5.074613327e-09	5.018712323e-09	5.154607009e-09	0.9999999813	3.4988707e-09	
5.091860639e-09	4.968234153e-09	5.154573854e-09	0.9999999813	3.48497733e-09	
5.074559908e-09	4.968213654e-09	5.135694452e-09	0.9999999813	3.484963439e-09	
5.092883199e-09	4.968235342e-09	5.15569011e-09	0.9999999813	3.484978146e-09	
3.151202056e-05	7.109461318e-09	7.419169502e-09	0.9999684685	4.986931495e-09	
5.074571427e-09	4.968224907e-09	5.155679133e-09	0.9999999813	3.484971066e-09	
5.074572182e-09	4.968225621e-09	5.156934987e-09	0.9999999813	3.484971547e-09	
5.074607844e-09	5.025108061e-09	5.135743075e-09	0.9999999813	3.500611254e-09	
7.43441189e-09	7.313051213e-09	3.39712774e-05	0.9999660089	5.098389325e-09	
7.409107257e-09	7.239469453e-09	3.398655113e-05	0.9999659937	5.078126258e-09	
7.409107738e-09	7.239470614e-09	3.399593745e-05	0.9999659843	5.078127012e-09	
7.409167444e-09	7.313036511e-09	3.397120912e-05	0.999966009	5.098379496e-09	
7.43434931e-09	7.239482048e-09	3.397099063e-05	0.9999660093	5.078134774e-09	
7.435842239e-09	7.239483727e-09	3.397834701e-05	0.9999660019	5.078135925e-09	
4.600763707e-05	1.035927491e-08	4.889426946e-05	0.9999050805	7.266493531e-09	
7.409106217e-09	7.239468522e-09	3.397827467e-05	0.999966002	5.07812561e-09	
7.409107258e-09	7.239469503e-09	3.398655104e-05	0.9999659937	5.078126267e-09	
5.07360759e-09	5.018723905e-09	5.175925203e-09	0.9999999812	3.498878466e-09	
5.073607967e-09	5.018724757e-09	5.177354726e-09	0.9999999812	3.498879019e-09	
5.073648727e-09	5.069723802e-09	5.173588638e-09	0.9999999812	3.512833091e-09	
5.09089276e-09	5.018732559e-09	5.173555362e-09	0.9999999812	3.498884279e-09	
5.073595318e-09	5.018711851e-09	5.154606437e-09	0.9999999813	3.498870333e-09	
3.150603083e-05	7.181723749e-09	7.446490335e-09	0.9999684743	5.006832086e-09	
5.073606835e-09	5.018723219e-09	5.174664711e-09	0.9999999812	3.498877991e-09	
5.07360759e-09	5.01872394e-09	5.175925189e-09	0.9999999812	3.498878473e-09	
5.073643245e-09	5.076184548e-09	5.154655239e-09	0.9999999812	3.514580592e-09	
5.056338919e-09	4.968227907e-09	5.179682582e-09	0.9999999813	3.484973108e-09	
5.056379541e-09	5.018713815e-09	5.1759148e-09	0.9999999813	3.498871721e-09	
5.07356488e-09	4.96823563e-09	5.175881509e-09	0.9999999813	3.484978347e-09	
5.056326314e-09	4.968215131e-09	5.156924064e-09	0.9999999813	3.484964457e-09	
5.074583766e-09	4.968236819e-09	5.177002379e-09	0.9999999813	3.484979163e-09	
5.056337791e-09	4.968226384e-09	5.176991357e-09	0.9999999813	3.484972084e-09	
5.056338544e-09	4.968227098e-09	5.178252402e-09	0.9999999813	3.484972564e-09	
5.056379916e-09	5.018714667e-09	5.17734432e-09	0.9999999812	3.498872274e-09	
5.073565257e-09	4.968236474e-09	5.17731102e-09	0.9999999813	3.484978898e-09	
5.056326689e-09	4.968215974e-09	5.158348339e-09	0.9999999813	3.484965007e-09	
5.074584143e-09	4.968237663e-09	5.178432199e-09	0.9999999813	3.484979714e-09	
5.056338167e-09	4.968227228e-09	5.178421174e-09	0.9999999813	3.484972635e-09	
5.056374452e-09	5.025110409e-09	5.158397177e-09	0.9999999813	3.50061283e-09	
5.073606017e-09	5.018722469e-09	5.173544964e-09	0.9999999812	3.498877534e-09	
5.056367311e-09	5.018701761e-09	5.154596076e-09	0.9999999813	3.498863588e-09	
5.074624911e-09	5.01872367e-09	5.174665328e-09	0.9999999812	3.498878353e-09	
5.056378789e-09	5.018713129e-09	5.17465431e-09	0.9999999813	3.498871246e-09	
5.056379541e-09	5.01871385e-09	5.175914786e-09	0.9999999813	3.498871728e-09	
5.056415074e-09	5.076174342e-09	5.154644879e-09	0.9999999812	3.514573816e-09	
5.073552609e-09	4.968223697e-09	5.154562922e-09	0.9999999813	3.484970247e-09	
5.091872262e-09	4.968245386e-09	5.174632044e-09	0.9999999813	3.484984953e-09	
3.150576562e-05	7.109475735e-09	7.446427475e-09	0.9999684747	4.986941267e-09	
5.073564126e-09	4.968234951e-09	5.174621027e-09	0.9999999813	3.484977874e-09	
5.073564881e-09	4.968235665e-09	5.175881495e-09	0.9999999813	3.484978354e-09	
5.073600535e-09	5.02511822e-09	5.154611725e-09	0.9999999812	3.500618092e-09	
5.074571492e-09	4.968224886e-09	5.155679175e-09	0.9999999813	3.484971062e-09	
5.056325562e-09	4.968214451e-09	5.155668199e-09	0.9999999813	3.484963983e-09	
5.056326314e-09	4.968215165e-09	5.15692405e-09	0.9999999813	3.484964463e-09	
5.056361847e-09	5.025097486e-09	5.135732183e-09	0.9999999813	3.500604139e-09	
3.151209249e-05	7.109477391e-09	7.448039999e-09	0.9999684684	4.986942403e-09	
5.074583011e-09	4.96823614e-09	5.175741624e-09	0.9999999813	3.48497869e-09	
5.074583766e-09	4.968236853e-09	5.177002365e-09	0.9999999813	3.48497917e-09	
5.074619428e-09	5.025119422e-09	5.155727989e-09	0.9999999812	3.500618912e-09	
5.056337792e-09	4.968226419e-09	5.176991343e-09	0.9999999813	3.484972091e-09	
5.056373325e-09	5.025108868e-09	5.155717012e-09	0.9999999813	3.500611801e-09	
5.056374077e-09	5.02510959e-09	5.156972874e-09	0.9999999813	3.500612283e-09	
