4.748670625e-09	2.61207008e-09	4.951124945e-09	4.577621614e-09	0.9999999831	
4.734388995e-09	2.633025494e-09	4.948597518e-09	4.577694463e-09	0.9999999831	
4.775108218e-09	2.750054829e-09	4.948769779e-09	4.590132496e-09	0.9999999829	
4.747781346e-09	2.612073616e-09	4.950973105e-09	4.589966413e-09	0.9999999831	
4.734364705e-09	2.612064959e-09	4.948571713e-09	4.577612179e-09	0.9999999831	
4.746989904e-09	2.612073158e-09	4.95083168e-09	4.589237236e-09	0.9999999831	
4.734394975e-09	2.631706497e-09	4.948603814e-09	4.590037612e-09	0.9999999831	
4.746306944e-09	2.629509272e-09	4.950727491e-09	4.58866022e-09	0.9999999831	
4.734373305e-09	2.612069444e-09	4.948580774e-09	4.59172839e-09	0.9999999831	
4.746989904e-09	2.612073158e-09	4.95083168e-09	4.589237236e-09	0.9999999831	
4.748670625e-09	2.61207008e-09	4.951124945e-09	4.577621614e-09	0.9999999831	
4.748678688e-09	2.612074266e-09	4.951133404e-09	4.590793202e-09	0.9999999831	
4.746306944e-09	2.629509272e-09	4.950727491e-09	4.58866022e-09	0.9999999831	
4.734372725e-09	2.612069146e-09	4.948580166e-09	4.590783695e-09	0.9999999831	
2.683281138e-05	3.662668831e-09	3.40404661e-07	6.418531666e-09	0.9999728167	
4.734388995e-09	2.633025494e-09	4.948597518e-09	4.577694463e-09	0.9999999831	
4.748678694e-09	2.612074259e-09	4.951133408e-09	4.590793194e-09	0.9999999831	
4.775108218e-09	2.750054829e-09	4.948769779e-09	4.590132496e-09	0.9999999829	
4.747781346e-09	2.612073616e-09	4.950973105e-09	4.589966413e-09	0.9999999831	
4.734364705e-09	2.612064959e-09	4.948571713e-09	4.577612179e-09	0.9999999831	
4.746989904e-09	2.612073158e-09	4.95083168e-09	4.589237236e-09	0.9999999831	
4.734394975e-09	2.631706497e-09	4.948603814e-09	4.590037612e-09	0.9999999831	
4.746306944e-09	2.629509272e-09	4.950727491e-09	4.58866022e-09	0.9999999831	
4.734373305e-09	2.612069444e-09	4.948580774e-09	4.59172839e-09	0.9999999831	
4.746989904e-09	2.612073158e-09	4.95083168e-09	4.589237236e-09	0.9999999831	
4.748670625e-09	2.61207008e-09	4.951124945e-09	4.577621614e-09	0.9999999831	
4.746306944e-09	2.629509272e-09	4.950727491e-09	4.58866022e-09	0.9999999831	
4.734372725e-09	2.612069146e-09	4.948580166e-09	4.590783695e-09	0.9999999831	
2.683281138e-05	3.662668831e-09	3.40404661e-07	6.418531666e-09	0.9999728167	
4.73439704e-09	2.633029707e-09	4.948605976e-09	4.590866252e-09	0.9999999831	
4.760747077e-09	2.77211723e-09	4.946243554e-09	4.590205544e-09	0.9999999829	
4.73350239e-09	2.633029058e-09	4.948445755e-09	4.590039458e-09	0.9999999831	
4.7201261e-09	2.633020332e-09	4.946045589e-09	4.577685028e-09	0.9999999831	
4.732713329e-09	2.633028597e-09	4.948304402e-09	4.589310269e-09	0.9999999831	
4.720156279e-09	2.652819445e-09	4.946077674e-09	4.590110659e-09	0.9999999831	
4.732032422e-09	2.650604592e-09	4.948200266e-09	4.588733244e-09	0.9999999831	
4.732713329e-09	2.633028597e-09	4.948304402e-09	4.589310269e-09	0.9999999831	
4.734388995e-09	2.633025494e-09	4.948597518e-09	4.577694463e-09	0.9999999831	
4.734397034e-09	2.633029714e-09	4.948605972e-09	4.59086626e-09	0.9999999831	
4.732032422e-09	2.650604592e-09	4.948200266e-09	4.588733244e-09	0.9999999831	
4.720134095e-09	2.633024552e-09	4.946054037e-09	4.590856753e-09	0.9999999831	
1.235315486e-08	6.175674951e-05	1.294344079e-08	1.476261638e-08	0.9999382032	
4.775116332e-09	2.75005923e-09	4.948778238e-09	4.603340075e-09	0.9999999829	
4.747789414e-09	2.612077796e-09	4.950981567e-09	4.603173513e-09	0.9999999831	
4.73437275e-09	2.612069139e-09	4.948580171e-09	4.590783732e-09	0.9999999831	
4.746997971e-09	2.612077338e-09	4.950840142e-09	4.602442238e-09	0.9999999831	
4.746315009e-09	2.62951348e-09	4.950735953e-09	4.601863562e-09	0.9999999831	
4.73438135e-09	2.612073624e-09	4.948589232e-09	4.60494056e-09	0.9999999831	
4.746997971e-09	2.612077338e-09	4.950840142e-09	4.602442238e-09	0.9999999831	
4.748678694e-09	2.612074259e-09	4.951133408e-09	4.590793194e-09	0.9999999831	
4.748686757e-09	2.612078446e-09	4.951141867e-09	4.604002681e-09	0.9999999831	
4.746315009e-09	2.62951348e-09	4.950735953e-09	4.601863562e-09	0.9999999831	
6.323322629e-09	3.522510716e-09	6.607147606e-09	2.210619297e-05	0.9999778774	
4.73438077e-09	2.612073325e-09	4.948588624e-09	4.603993147e-09	0.9999999831	
2.683285697e-05	3.662674692e-09	3.404052428e-07	6.437000253e-09	0.9999728166	
4.760722652e-09	2.750049439e-09	4.946217762e-09	4.590123036e-09	0.999999983	
4.77341814e-09	2.750058071e-09	4.948476654e-09	4.601779864e-09	0.9999999829	
4.76075309e-09	2.770728557e-09	4.946249848e-09	4.602582428e-09	0.9999999829	
4.772731377e-09	2.768415261e-09	4.948372514e-09	4.601201272e-09	0.9999999829	
4.7607313e-09	2.750054161e-09	4.946226818e-09	4.604277827e-09	0.9999999829	
4.77341814e-09	2.750058071e-09	4.948476654e-09	4.601779864e-09	0.9999999829	
4.775108218e-09	2.750054829e-09	4.948769779e-09	4.590132496e-09	0.9999999829	
4.775116326e-09	2.750059237e-09	4.948778234e-09	4.603340083e-09	0.9999999829	
4.772731377e-09	2.768415261e-09	4.948372514e-09	4.601201272e-09	0.9999999829	
6.358516103e-09	3.708584318e-09	6.603993431e-09	2.210301156e-05	0.9999778803	
4.760730716e-09	2.750053846e-09	4.946226211e-09	4.60333055e-09	0.9999999829	
7.111959161e-05	0.0004185882455	6.205307614e-08	6.014921132e-08	0.99951017	
4.733478105e-09	2.612068496e-09	4.948419951e-09	4.589956952e-09	0.9999999831	
4.74610094e-09	2.612076695e-09	4.950679848e-09	4.601613359e-09	0.9999999831	
4.733508369e-09	2.63171006e-09	4.948452051e-09	4.602415894e-09	0.9999999831	
4.745418107e-09	2.629512832e-09	4.950575662e-09	4.601034787e-09	0.9999999831	
4.733486704e-09	2.612072981e-09	4.948429011e-09	4.604111231e-09	0.9999999831	
4.74610094e-09	2.612076695e-09	4.950679848e-09	4.601613359e-09	0.9999999831	
4.747781346e-09	2.612073616e-09	4.950973105e-09	4.589966413e-09	0.9999999831	
4.747789407e-09	2.612077802e-09	4.950981563e-09	4.603173521e-09	0.9999999831	
4.745418107e-09	2.629512832e-09	4.950575662e-09	4.601034787e-09	0.9999999831	
6.322127749e-09	3.522509862e-09	6.606933712e-09	2.210221183e-05	0.9999778813	
4.733486123e-09	2.612072682e-09	4.948428403e-09	4.603163988e-09	0.9999999831	
2.682778656e-05	3.662673808e-09	3.403942232e-07	6.435841011e-09	0.9999728217	
4.732689047e-09	2.612068038e-09	4.948278599e-09	4.589227777e-09	0.9999999831	
4.720132062e-09	2.631701338e-09	4.946051882e-09	4.590028152e-09	0.9999999831	
4.732008145e-09	2.629504117e-09	4.948174464e-09	4.588650763e-09	0.9999999831	
4.720110457e-09	2.612064324e-09	4.946028854e-09	4.591718926e-09	0.9999999831	
4.732689047e-09	2.612068038e-09	4.948278599e-09	4.589227777e-09	0.9999999831	
4.734364705e-09	2.612064959e-09	4.948571713e-09	4.577612179e-09	0.9999999831	
4.734372744e-09	2.612069146e-09	4.948580168e-09	4.59078374e-09	0.9999999831	
4.732008145e-09	2.629504117e-09	4.948174464e-09	4.588650763e-09	0.9999999831	
4.720109879e-09	2.612064025e-09	4.946028246e-09	4.590774233e-09	0.9999999831	
4.732719307e-09	2.631709599e-09	4.948310698e-09	4.601684739e-09	0.9999999831	
4.744627059e-09	2.629512371e-09	4.950434249e-09	4.600303852e-09	0.9999999831	
4.732697644e-09	2.612072523e-09	4.948287659e-09	4.603379807e-09	0.9999999831	
4.745309778e-09	2.612076237e-09	4.950538432e-09	4.600882331e-09	0.9999999831	
4.746989904e-09	2.612073158e-09	4.95083168e-09	4.589237236e-09	0.9999999831	
4.746997964e-09	2.612077345e-09	4.950840138e-09	4.602442246e-09	0.9999999831	
4.744627059e-09	2.629512371e-09	4.950434249e-09	4.600303852e-09	0.9999999831	
6.32107389e-09	3.522509257e-09	6.606745008e-09	2.209870068e-05	0.9999778848	
4.732697064e-09	2.612072224e-09	4.948287051e-09	4.602432715e-09	0.9999999831	
2.682331456e-05	3.662673182e-09	3.403845014e-07	6.434818621e-09	0.9999728262	
4.732038399e-09	2.64927679e-09	4.948206562e-09	4.601106159e-09	0.9999999831	
4.720140636e-09	2.631705857e-09	4.946060938e-09	4.60418265e-09	0.9999999831	
4.732719307e-09	2.631709599e-09	4.948310698e-09	4.601684739e-09	0.9999999831	
4.734394975e-09	2.631706497e-09	4.948603814e-09	4.590037612e-09	0.9999999831	
4.734403014e-09	2.631710715e-09	4.948612269e-09	4.603244926e-09	0.9999999831	
4.732038399e-09	2.64927679e-09	4.948206562e-09	4.601106159e-09	0.9999999831	
6.304302505e-09	3.548985768e-09	6.603771959e-09	2.210255468e-05	0.999977881	
4.720140057e-09	2.631705556e-09	4.946060331e-09	4.603235393e-09	0.9999999831	
1.235317084e-08	6.172581479e-05	1.294345766e-08	1.480242229e-08	0.9999382341	
4.73201674e-09	2.629508632e-09	4.948183523e-09	4.602801013e-09	0.9999999831	
4.744627059e-09	2.629512371e-09	4.950434249e-09	4.600303852e-09	0.9999999831	
4.746306944e-09	2.629509272e-09	4.950727491e-09	4.58866022e-09	0.9999999831	
4.746315003e-09	2.629513486e-09	4.950735949e-09	4.60186357e-09	0.9999999831	
4.743944439e-09	2.647064895e-09	4.950330068e-09	4.599725445e-09	0.9999999831	
6.32016448e-09	3.546022725e-09	6.606605988e-09	2.209592222e-05	0.9999778876	
4.73201616e-09	2.629508332e-09	4.948182916e-09	4.60185404e-09	0.9999999831	
2.681945553e-05	3.687122277e-09	3.403773393e-07	6.434009581e-09	0.99997283	
1.238425266e-08	6.167428276e-05	1.294901297e-08	1.479798109e-08	0.9999382856	
4.732697644e-09	2.612072523e-09	4.948287659e-09	4.603379807e-09	0.9999999831	
4.734373305e-09	2.612069444e-09	4.948580774e-09	4.59172839e-09	0.9999999831	
4.734381344e-09	2.612073631e-09	4.948589228e-09	4.604940568e-09	0.9999999831	
4.73201674e-09	2.629508632e-09	4.948183523e-09	4.602801013e-09	0.9999999831	
6.304273598e-09	3.522504207e-09	6.603741158e-09	2.211069615e-05	0.9999778729	
4.746989904e-09	2.612073158e-09	4.95083168e-09	4.589237236e-09	0.9999999831	
4.746997964e-09	2.612077345e-09	4.950840138e-09	4.602442246e-09	0.9999999831	
4.744627059e-09	2.629512371e-09	4.950434249e-09	4.600303852e-09	0.9999999831	
6.32107389e-09	3.522509257e-09	6.606745008e-09	2.209870068e-05	0.9999778848	
4.732697064e-09	2.612072224e-09	4.948287051e-09	4.602432715e-09	0.9999999831	
2.682331456e-05	3.662673182e-09	3.403845014e-07	6.434818621e-09	0.9999728262	
4.746306944e-09	2.629509272e-09	4.950727491e-09	4.58866022e-09	0.9999999831	
4.734372725e-09	2.612069146e-09	4.948580166e-09	4.590783695e-09	0.9999999831	
2.683281138e-05	3.662668831e-09	3.40404661e-07	6.418531666e-09	0.9999728167	
4.746315003e-09	2.629513486e-09	4.950735949e-09	4.60186357e-09	0.9999999831	
6.323322621e-09	3.522510725e-09	6.607147601e-09	2.210619301e-05	0.9999778774	
4.734380763e-09	2.612073332e-09	4.94858862e-09	4.603993155e-09	0.9999999831	
2.683285694e-05	3.662674701e-09	3.404052425e-07	6.437000264e-09	0.9999728166	
6.32016448e-09	3.546022725e-09	6.606605988e-09	2.209592222e-05	0.9999778876	
4.73201616e-09	2.629508332e-09	4.948182916e-09	4.60185404e-09	0.9999999831	
2.681945553e-05	3.687122277e-09	3.403773393e-07	6.434009581e-09	0.99997283	
1.238425266e-08	6.167428277e-05	1.294901297e-08	1.479798109e-08	0.9999382856	
6.304272854e-09	3.52250382e-09	6.603740377e-09	2.210614723e-05	0.9999778774	
1.649788308e-08	8.261343199e-05	1.728027089e-08	7.10808024e-05	0.999846272	
2.015379275e-08	1.09762721e-08	2.051860678e-08	0.9997807159	0.0002192324498	
2.044760086e-08	1.09791907e-08	2.051679935e-08	0.9997801732	0.0002197748847	
1.993123876e-08	1.094042971e-08	2.054695364e-08	0.9997807216	0.0002192269945	
1.986342659e-08	1.094041436e-08	2.056160842e-08	0.9997807231	0.0002192255601	
0.9996428799	9.555253957e-09	0.0001729713534	1.670615723e-08	0.0001841225173	
0.9994398833	9.681064151e-09	0.0003719734515	1.69653239e-08	0.0001881166454	
0.9997179851	9.496485707e-09	9.955828119e-05	1.660723904e-08	0.0001824305542	
0.9998149248	1.618420239e-07	8.847504409e-07	1.64753851e-08	0.0001840121076	
2.079843674e-08	0.9997629538	2.174679124e-08	0.0001197771643	0.0001172264978	
1.382259027e-08	0.9999226069	1.446563899e-08	1.649885073e-08	7.734833552e-05	
1.38214887e-08	0.9999226625	1.446564964e-08	1.653095488e-08	7.729267378e-05	
1.382154158e-08	0.999922662	1.4465706e-08	1.66411709e-08	7.729302259e-05	
4.342572607e-08	0.9999226177	1.447668927e-08	1.700741398e-08	7.730742989e-05	
1.463700511e-08	0.9999227073	1.446617167e-08	1.662753601e-08	7.724695922e-05	
1.51977882e-08	0.999922705	1.446645999e-08	1.66264797e-08	7.724874607e-05	
1.382259027e-08	0.9999226069	1.446563899e-08	1.649885074e-08	7.734833568e-05	
8.361568031e-06	0.9999916109	9.58857439e-09	8.88493733e-09	9.020599647e-09	
8.495031325e-09	0.999999966	8.878537458e-09	8.217252535e-09	8.416851344e-09	
8.494294883e-09	0.9999999659	8.878593436e-09	8.217428188e-09	8.507618733e-09	
8.493617474e-09	0.9999999659	8.878599481e-09	8.233417546e-09	8.501495972e-09	
8.494252596e-09	0.999999966	8.878547969e-09	8.234395567e-09	8.416861182e-09	
8.49364997e-09	0.9999999658	8.878634075e-09	8.288311809e-09	8.50153434e-09	
2.668609174e-08	0.9999999475	8.885375523e-09	8.470723283e-09	8.503119235e-09	
1.008628287e-08	0.9999999643	8.879422565e-09	8.28579844e-09	8.41768667e-09	
8.494288226e-09	0.9999999659	8.878585779e-09	8.294572863e-09	8.416896914e-09	
8.994770345e-09	0.9999999653	8.878919482e-09	8.281520427e-09	8.496467397e-09	
9.339384241e-09	0.999999965	8.879096466e-09	8.280994338e-09	8.496663952e-09	
8.494294883e-09	0.9999999659	8.878593436e-09	8.217428196e-09	8.50761875e-09	
8.49503112e-09	0.999999966	8.878537458e-09	8.217252606e-09	8.416851344e-09	
1.258145426e-05	0.9999228808	1.441630096e-08	6.450947079e-05	1.382000134e-08	
8.361568233e-06	0.9999916109	9.58857439e-09	8.884937251e-09	9.020599647e-09	
8.360843366e-06	0.9999916116	9.58863485e-09	8.885127184e-09	9.11787787e-09	
8.360176605e-06	0.9999916122	9.588641386e-09	8.902415747e-09	9.111315923e-09	
8.360801744e-06	0.9999916117	9.588585748e-09	8.90347323e-09	9.020610198e-09	
8.360208591e-06	0.9999916121	9.588678746e-09	8.961770389e-09	9.111357043e-09	
2.626636409e-05	0.9999737058	9.595787669e-09	9.158839689e-09	9.112892608e-09	
9.927804529e-06	0.9999900446	9.589515276e-09	8.959038769e-09	9.021480777e-09	
8.360836814e-06	0.9999916116	9.588626582e-09	8.968540173e-09	9.020648493e-09	
8.85345164e-06	0.9999911189	9.588982253e-09	8.954422767e-09	9.105922156e-09	
9.192648121e-06	0.9999907797	9.589170141e-09	8.953850898e-09	9.106129724e-09	
8.360843367e-06	0.9999916116	9.58863485e-09	8.885127192e-09	9.117877888e-09	
8.361568031e-06	0.9999916109	9.58857439e-09	8.884937328e-09	9.020599647e-09	
0.9993818922	0.0006146125536	3.347671215e-06	7.321125152e-08	7.43293876e-08	
1.278030408e-08	0.9999397827	1.334902874e-08	6.017815987e-05	1.302487916e-08	
4.015422269e-08	0.999938431	1.335914669e-08	6.150249556e-05	1.302728994e-08	
1.5176722e-08	0.9999397987	1.335021446e-08	6.015991234e-05	1.289641954e-08	
1.278126388e-08	0.9999397374	1.334895552e-08	6.022361618e-05	1.289520877e-08	
1.35343352e-08	0.9999398312	1.33494585e-08	6.012885327e-05	1.301711692e-08	
1.405287211e-08	0.9999398345	1.334972464e-08	6.012503377e-05	1.30174181e-08	
1.512177956e-08	8.383058814e-05	1.533680047e-08	0.9999161242	1.479958584e-08	
1.465406684e-08	7.969990162e-05	1.532143358e-08	0.9999202553	1.479892285e-08	
1.466044202e-08	7.951025128e-05	1.552299042e-08	0.9999204448	1.479900745e-08	
1.476818835e-08	7.959062907e-05	1.548687604e-08	0.9999203643	1.479905428e-08	
8.494295088e-09	0.9999999659	8.878593436e-09	8.217428116e-09	8.507618733e-09	
8.493617679e-09	0.9999999659	8.878599482e-09	8.233417474e-09	8.501495972e-09	
8.494252801e-09	0.999999966	8.878547969e-09	8.234395494e-09	8.416861182e-09	
8.493650175e-09	0.9999999658	8.878634076e-09	8.288311736e-09	8.50153434e-09	
2.668609238e-08	0.9999999475	8.885375523e-09	8.470723209e-09	8.503119235e-09	
1.008628311e-08	0.9999999643	8.879422565e-09	8.285798367e-09	8.41768667e-09	
8.494288431e-09	0.9999999659	8.878585779e-09	8.29457279e-09	8.416896914e-09	
8.994770562e-09	0.9999999653	8.878919482e-09	8.281520354e-09	8.496467397e-09	
9.339384466e-09	0.999999965	8.879096466e-09	8.280994265e-09	8.496663952e-09	
8.494295088e-09	0.9999999659	8.878593436e-09	8.217428123e-09	8.50761875e-09	
8.495031325e-09	0.999999966	8.878537458e-09	8.217252534e-09	8.416851344e-09	
8.492881359e-09	0.9999999658	8.878655459e-09	8.233593473e-09	8.59317617e-09	
8.493516426e-09	0.9999999659	8.878603946e-09	8.234571514e-09	8.507628678e-09	
8.492913852e-09	0.9999999657	8.878690053e-09	8.288488909e-09	8.593214952e-09	
2.668377894e-08	0.9999999474	8.885431543e-09	8.47090428e-09	8.594816938e-09	
1.008540872e-08	0.9999999642	8.879478548e-09	8.285975486e-09	8.508463068e-09	
8.493552053e-09	0.9999999658	8.878641757e-09	8.294750097e-09	8.507664795e-09	
8.993990796e-09	0.9999999653	8.878975462e-09	8.281697381e-09	8.588093367e-09	
9.338574826e-09	0.9999999649	8.879152447e-09	8.281171281e-09	8.588292041e-09	
8.493558709e-09	0.9999999658	8.878649413e-09	8.21760378e-09	8.599364977e-09	
8.494294883e-09	0.9999999659	8.878593436e-09	8.217428187e-09	8.507618733e-09	
8.492839079e-09	0.9999999659	8.878609992e-09	8.25059423e-09	8.501505909e-09	
8.492236553e-09	0.9999999657	8.8786961e-09	8.304616536e-09	8.587030589e-09	
2.668165094e-08	0.9999999474	8.885437594e-09	8.487386849e-09	8.588631422e-09	
1.008460442e-08	0.9999999642	8.879484594e-09	8.302098223e-09	8.502339699e-09	
8.492874703e-09	0.9999999658	8.878647803e-09	8.310889907e-09	8.501542e-09	
8.993273537e-09	0.9999999652	8.878981508e-09	8.297811793e-09	8.581912689e-09	
9.337830087e-09	0.9999999649	8.879158493e-09	8.29728467e-09	8.58211122e-09	
8.492881359e-09	0.9999999658	8.878655459e-09	8.23359348e-09	8.593176187e-09	
8.493617474e-09	0.9999999659	8.878599481e-09	8.233417545e-09	8.501495972e-09	
9.645556307e-09	0.9999847839	1.004038283e-08	1.518674218e-05	9.636379965e-09	
8.492871572e-09	0.9999999658	8.878644586e-09	8.305603014e-09	8.501544278e-09	
2.66836461e-08	0.9999999474	8.885386042e-09	8.488395038e-09	8.503129174e-09	
1.008535852e-08	0.9999999643	8.879433077e-09	8.303084401e-09	8.41769651e-09	
8.49350977e-09	0.9999999659	8.87859629e-09	8.31187713e-09	8.416906753e-09	
8.993946022e-09	0.9999999653	8.878929994e-09	8.298797463e-09	8.496477328e-09	
9.338528336e-09	0.999999965	8.879106978e-09	8.298270277e-09	8.496673883e-09	
8.493516426e-09	0.9999999659	8.878603946e-09	8.234571522e-09	8.507628695e-09	
8.494252596e-09	0.999999966	8.878547969e-09	8.234395566e-09	8.416861182e-09	
9.64627755e-09	0.9999847822	1.004032456e-08	1.518854613e-05	9.540447069e-09	
2.668175302e-08	0.9999999473	8.885472214e-09	8.543974389e-09	8.588670184e-09	
1.008464301e-08	0.9999999642	8.879519192e-09	8.357450397e-09	8.502378071e-09	
8.492907196e-09	0.9999999658	8.878682397e-09	8.366300697e-09	8.501580369e-09	
8.993307945e-09	0.9999999652	8.879016104e-09	8.353135389e-09	8.581951421e-09	
9.337865813e-09	0.9999999648	8.87919309e-09	8.352604751e-09	8.582149953e-09	
8.492913852e-09	0.9999999657	8.878690053e-09	8.288488916e-09	8.593214969e-09	
8.49364997e-09	0.9999999658	8.878634075e-09	8.288311808e-09	8.50153434e-09	
3.168481259e-08	0.9999999424	8.886261281e-09	8.541383463e-09	8.503963094e-09	
2.668375803e-08	0.9999999474	8.885423881e-09	8.550428572e-09	8.503165272e-09	
2.82559608e-08	0.9999999457	8.885757831e-09	8.536973509e-09	8.583551298e-09	
2.93385228e-08	0.9999999447	8.885934945e-09	8.536431186e-09	8.583749861e-09	
2.668377894e-08	0.9999999474	8.885431543e-09	8.470904288e-09	8.594816955e-09	
2.668609174e-08	0.9999999475	8.885375523e-09	8.470723282e-09	8.503119235e-09	
0.0009852571769	0.9990146508	3.186486774e-08	3.002740309e-08	3.014198747e-08	
1.008540082e-08	0.9999999643	8.879470891e-09	8.363763679e-09	8.417732245e-09	
1.067963104e-08	0.9999999636	8.879804626e-09	8.350602362e-09	8.497310624e-09	
1.108879649e-08	0.9999999632	8.879981627e-09	8.350071884e-09	8.497507198e-09	
1.008540872e-08	0.9999999642	8.879478548e-09	8.285975493e-09	8.508463085e-09	
1.008628287e-08	0.9999999643	8.879422565e-09	8.285798439e-09	8.41768667e-09	
0.0003726164437	0.9996272924	3.186304652e-08	2.938988483e-08	2.985744303e-08	
8.993983748e-09	0.9999999653	8.878967805e-09	8.359445411e-09	8.496513398e-09	
9.338567508e-09	0.9999999649	8.87914479e-09	8.358914372e-09	8.496709954e-09	
8.493552053e-09	0.9999999658	8.878641757e-09	8.294750104e-09	8.507664812e-09	
8.494288226e-09	0.9999999659	8.878585779e-09	8.294572862e-09	8.416896914e-09	
9.888794428e-09	0.9999999643	8.879478514e-09	8.345760687e-09	8.577034962e-09	
8.993990797e-09	0.9999999653	8.878975462e-09	8.281697389e-09	8.588093384e-09	
8.994770345e-09	0.9999999653	8.878919482e-09	8.281520426e-09	8.496467397e-09	
0.0003323062154	0.9996676024	3.186252603e-08	2.937589514e-08	3.013809265e-08	
9.338574826e-09	0.9999999649	8.879152447e-09	8.281171289e-09	8.588292058e-09	
9.339384241e-09	0.999999965	8.879096466e-09	8.280994337e-09	8.496663952e-09	
0.0003450333695	0.9996548753	3.186275549e-08	2.937365506e-08	3.013840616e-08	
8.494294883e-09	0.9999999659	8.878593436e-09	8.217428195e-09	8.50761875e-09	
5.928272365e-09	2.684675442e-09	5.280410727e-09	0.9999999812	4.951668157e-09	
6.014699784e-09	2.685390759e-09	5.279948457e-09	0.9999999811	4.963922493e-09	
5.944764842e-09	2.854670272e-09	5.284122211e-09	0.9999999811	4.803597255e-09	
5.950899032e-09	2.684638774e-09	5.279970959e-09	0.9999999813	4.803410526e-09	
5.994283504e-09	2.685334713e-09	5.280119141e-09	0.9999999812	4.803429709e-09	
5.763376156e-09	2.707538799e-09	5.348248756e-09	0.9999999814	4.803388768e-09	
5.763612508e-09	2.675855552e-09	5.347772132e-09	0.9999999814	4.803352433e-09	
5.770679567e-09	2.68527636e-09	5.334187332e-09	0.9999999814	4.803359842e-09	
5.805734323e-09	2.710276098e-09	5.335806436e-09	0.9999999813	4.803404356e-09	
5.862807696e-09	2.675908774e-09	5.287705691e-09	0.9999999812	4.951544914e-09	
5.842860624e-09	2.675905016e-09	5.291477052e-09	0.9999999812	4.95151251e-09	
5.893029309e-09	2.675872179e-09	5.293290223e-09	0.9999999813	4.8033823e-09	
5.197147608e-09	2.693951822e-09	5.070115995e-09	0.9999999819	5.116643621e-09	
5.136718621e-09	2.863771e-09	5.074123879e-09	0.999999982	4.951385781e-09	
4.977820683e-09	2.722649681e-09	5.069018858e-09	0.9999999823	4.951143514e-09	
5.142019018e-09	2.693197439e-09	5.070137604e-09	0.9999999821	4.951193307e-09	
5.179506425e-09	2.693895597e-09	5.070279896e-09	0.9999999821	4.95121308e-09	
4.979985316e-09	2.71617047e-09	5.135701946e-09	0.9999999822	4.951170879e-09	
4.980189542e-09	2.684386216e-09	5.135244264e-09	0.9999999822	4.951133426e-09	
5.016585921e-09	2.718916495e-09	5.123754101e-09	0.9999999822	4.951186947e-09	
8.063876739e-09	2.323499884e-05	8.105707037e-09	0.9999767409	7.96674646e-09	
5.065901556e-09	2.684439608e-09	5.077564946e-09	0.9999999821	5.10388523e-09	
5.048665804e-09	2.684435838e-09	5.081186428e-09	0.9999999821	5.103851829e-09	
5.092015276e-09	2.684402897e-09	5.082927541e-09	0.9999999822	4.951164213e-09	
5.211606093e-09	2.864534036e-09	5.073679668e-09	0.9999999819	4.963639418e-09	
5.050391605e-09	2.723375116e-09	5.068575094e-09	0.9999999822	4.963396552e-09	
5.216983764e-09	2.693915027e-09	5.069693741e-09	0.9999999821	4.963446468e-09	
5.255017694e-09	2.694613371e-09	5.069836022e-09	0.999999982	4.963466291e-09	
5.052794999e-09	2.685101456e-09	5.134794702e-09	0.9999999822	4.963386439e-09	
5.058990489e-09	2.694554816e-09	5.121750923e-09	0.9999999822	4.963394095e-09	
8.181438772e-09	2.324118953e-05	8.104997377e-09	0.9999767345	7.986462431e-09	
5.139756597e-09	2.685154862e-09	5.077120434e-09	0.999999982	5.116516272e-09	
5.122269567e-09	2.685151091e-09	5.080741598e-09	0.999999982	5.116482788e-09	
5.166251025e-09	2.685118141e-09	5.082482559e-09	0.9999999821	4.963417302e-09	
4.991669e-09	2.895049056e-09	5.07258176e-09	0.9999999822	4.8030883e-09	
5.156324135e-09	2.863731886e-09	5.073701291e-09	0.9999999821	4.803136604e-09	
4.993839655e-09	2.888159579e-09	5.139311718e-09	0.9999999822	4.803114848e-09	
4.994044449e-09	2.854362732e-09	5.138853714e-09	0.9999999822	4.803078515e-09	
5.000167902e-09	2.864412005e-09	5.125799623e-09	0.9999999822	4.803085923e-09	
5.079994915e-09	2.854419505e-09	5.081133854e-09	0.999999982	4.951262545e-09	
5.062711212e-09	2.854415496e-09	5.084757882e-09	0.999999982	4.951230143e-09	
5.106181283e-09	2.854380469e-09	5.086500219e-09	0.9999999821	4.803108381e-09	
4.491300022e-08	0.0003299160674	4.539609262e-08	0.9996699505	4.308966769e-08	
4.996819725e-09	2.722612494e-09	5.068596696e-09	0.9999999824	4.802901591e-09	
5.03324857e-09	2.723318277e-09	5.068738945e-09	0.9999999824	4.802920772e-09	
4.839361498e-09	2.745836436e-09	5.134141112e-09	0.9999999825	4.802879835e-09	
4.839559957e-09	2.713705035e-09	5.133683569e-09	0.9999999825	4.802843504e-09	
4.845493988e-09	2.723259099e-09	5.120642612e-09	0.9999999825	4.802850912e-09	
4.874928582e-09	2.748612453e-09	5.122196898e-09	0.9999999825	4.802895422e-09	
7.836168632e-09	2.348876513e-05	8.103241509e-09	0.9999764876	7.728134851e-09	
4.922851653e-09	2.71375901e-09	5.076021781e-09	0.9999999823	4.951020284e-09	
4.9061026e-09	2.713755198e-09	5.079642162e-09	0.9999999823	4.950987883e-09	
4.948227979e-09	2.713721898e-09	5.081382746e-09	0.9999999825	4.802873368e-09	
5.199275249e-09	2.693858803e-09	5.069857629e-09	0.9999999822	4.802969075e-09	
4.99899262e-09	2.716133372e-09	5.13527423e-09	0.9999999823	4.802928137e-09	
4.999197625e-09	2.684349552e-09	5.134816586e-09	0.9999999824	4.802891805e-09	
5.005327396e-09	2.693800265e-09	5.121772751e-09	0.9999999824	4.802899214e-09	
5.035732919e-09	2.71887936e-09	5.12332738e-09	0.9999999823	4.802943724e-09	
8.094654455e-09	2.32346815e-05	8.105031974e-09	0.9999767414	7.728214534e-09	
5.08523678e-09	2.684402943e-09	5.077142072e-09	0.9999999822	4.951070076e-09	
5.067935243e-09	2.684399173e-09	5.080763252e-09	0.9999999822	4.951037674e-09	
5.111450169e-09	2.684366233e-09	5.08250422e-09	0.9999999823	4.80292167e-09	
5.035437307e-09	2.716837475e-09	5.135418351e-09	0.9999999823	4.802947319e-09	
5.035643806e-09	2.685045416e-09	5.134960694e-09	0.9999999823	4.802910987e-09	
5.041818266e-09	2.694498579e-09	5.121916493e-09	0.9999999823	4.802918395e-09	
5.072445458e-09	2.719584175e-09	5.123471166e-09	0.9999999823	4.802962905e-09	
8.153667725e-09	2.324070449e-05	8.105259391e-09	0.9999767353	7.728245352e-09	
5.122310222e-09	2.685098821e-09	5.077284561e-09	0.9999999822	4.951089849e-09	
5.10488255e-09	2.68509505e-09	5.080905843e-09	0.9999999822	4.951057448e-09	
5.148714717e-09	2.685062101e-09	5.08264686e-09	0.9999999823	4.802940852e-09	
4.841664467e-09	2.70724711e-09	5.201217323e-09	0.9999999824	4.80287005e-09	
4.847601079e-09	2.716778438e-09	5.188004812e-09	0.9999999824	4.802877458e-09	
4.877048472e-09	2.742071457e-09	5.189579545e-09	0.9999999824	4.802921968e-09	
4.924992383e-09	2.707300957e-09	5.142796992e-09	0.9999999823	4.951047649e-09	
4.908236047e-09	2.707297154e-09	5.146465e-09	0.9999999823	4.951015248e-09	
4.950379744e-09	2.707263933e-09	5.148228481e-09	0.9999999824	4.802899915e-09	
4.847799875e-09	2.684987069e-09	5.187542469e-09	0.9999999825	4.802841127e-09	
4.877248476e-09	2.709984114e-09	5.189117061e-09	0.9999999824	4.802885636e-09	
4.925194353e-09	2.675620493e-09	5.142338678e-09	0.9999999823	4.951010197e-09	
4.908437329e-09	2.675616735e-09	5.146006359e-09	0.9999999823	4.950977796e-09	
4.950582755e-09	2.675583902e-09	5.147769683e-09	0.9999999824	4.802863583e-09	
4.88322872e-09	2.719525078e-09	5.175935288e-09	0.9999999824	4.802893045e-09	
7.849512579e-09	2.324019948e-05	8.188256901e-09	0.999976736	7.728132946e-09	
4.931233385e-09	2.685040473e-09	5.129275735e-09	0.9999999823	4.951017834e-09	
4.914455815e-09	2.685036702e-09	5.132934098e-09	0.9999999823	4.950985433e-09	
4.956652917e-09	2.685003754e-09	5.134692943e-09	0.9999999824	4.802870991e-09	
4.961188814e-09	2.710038015e-09	5.130832641e-09	0.9999999822	4.951063716e-09	
4.944309327e-09	2.710034209e-09	5.134492115e-09	0.9999999823	4.951031315e-09	
4.986762761e-09	2.710000953e-09	5.136251494e-09	0.9999999824	4.802915501e-09	
3.319049886e-05	0.9996803222	2.882693143e-08	0.0002544673258	3.1991148e-05	
3.331517259e-05	0.9997341741	2.641604346e-08	0.000232459061	2.525290856e-08	
2.332389416e-08	0.9997891653	2.395239762e-08	0.0002107645377	2.289866663e-08	
1.917819628e-08	0.7280905983	1.972540363e-08	0.2719093439	1.885840523e-08	
4.992914446e-09	2.675669952e-09	5.08820616e-09	0.9999999821	5.103724798e-09	
5.035785219e-09	2.675637119e-09	5.089949679e-09	0.9999999822	4.951040983e-09	
5.018651932e-09	2.675633361e-09	5.093579994e-09	0.9999999823	4.951008582e-09	
8.600259585e-09	0.9999999658	8.878659654e-09	8.267915354e-09	8.457779075e-09	
8.60035956e-09	0.9999999658	8.878659707e-09	8.267915433e-09	8.457779148e-09	
1.223970491e-05	0.9999759218	1.068669344e-08	1.036441181e-08	1.181741315e-05	
1.228468555e-05	0.9999876871	9.792265333e-09	9.118663501e-09	9.327699443e-09	
1.228516376e-05	0.9999876862	9.792518974e-09	9.467620222e-09	9.327939384e-09	
8.590140914e-09	0.9999999658	8.878625928e-09	8.243872108e-09	8.438392237e-09	
8.600454236e-09	0.9999999655	8.878857555e-09	8.583676356e-09	8.457966261e-09	
9.710564731e-09	0.9999847646	1.004038568e-08	1.520604696e-05	9.564826986e-09	
8.600258475e-09	0.9999999658	8.878659653e-09	8.267915353e-09	8.457779074e-09	
8.593564009e-09	0.9999999658	8.87865247e-09	8.265230562e-09	8.455615094e-09	
1.22300339e-05	0.9999759345	1.068668487e-08	1.036104626e-08	1.181438963e-05	
1.227497895e-05	0.9999876968	9.792257446e-09	9.115702453e-09	9.325312898e-09	
8.600247148e-09	0.9999999658	8.878659647e-09	8.267915344e-09	8.457779066e-09	
1.227545679e-05	0.999987696	9.792511086e-09	9.464545859e-09	9.325552778e-09	
8.583353437e-09	0.9999999659	8.87861869e-09	8.241195045e-09	8.436233145e-09	
8.59365861e-09	0.9999999655	8.878850317e-09	8.580888948e-09	8.45580216e-09	
9.702892002e-09	0.9999847696	1.004037755e-08	1.520110912e-05	9.562379725e-09	
8.593463004e-09	0.9999999658	8.878652415e-09	8.265230482e-09	8.455615021e-09	
1.223017607e-05	0.9999759344	1.068668493e-08	1.036104636e-08	1.181438973e-05	
1.227512164e-05	0.9999876966	9.792257503e-09	9.115702539e-09	9.325312976e-09	
8.600347123e-09	0.9999999658	8.878659701e-09	8.267915423e-09	8.457779138e-09	
1.227559949e-05	0.9999876958	9.792511144e-09	9.464545948e-09	9.325552857e-09	
8.583453216e-09	0.9999999659	8.878618744e-09	8.241195124e-09	8.436233217e-09	
8.593758509e-09	0.9999999655	8.87885037e-09	8.58088903e-09	8.455802233e-09	
9.703004795e-09	0.9999847696	1.004037761e-08	1.520110926e-05	9.562379807e-09	
8.5935629e-09	0.9999999658	8.878652469e-09	8.265230561e-09	8.455615094e-09	
0.01716993665	0.9828172344	1.158423382e-08	1.123123019e-08	1.280613407e-05	
1.223968721e-05	0.9999759218	1.068669343e-08	1.036441179e-08	1.181741314e-05	
0.01717059356	0.9828165767	1.158452613e-08	1.166102368e-08	1.280645493e-05	
1.22303107e-05	0.9999759336	1.068692306e-08	1.075674629e-08	1.18146511e-05	
1.380885155e-05	0.9999537628	1.208489726e-08	1.905552379e-05	1.336069481e-05	
1.223003232e-05	0.9999759345	1.068668486e-08	1.036104626e-08	1.181438963e-05	
0.9933087422	0.006621812597	6.082021877e-08	5.803596767e-08	6.9326322e-05	
1.228466778e-05	0.9999876871	9.792265326e-09	9.11866349e-09	9.327699433e-09	
0.01723262898	0.98276734	1.061429681e-08	1.025879471e-08	1.010774281e-08	
1.226053695e-05	0.9999877113	9.792220391e-09	9.089193958e-09	9.303937642e-09	
1.227525677e-05	0.9999876962	9.792475707e-09	9.463841397e-09	9.325519281e-09	
1.385965179e-05	0.9999693535	1.107348816e-08	1.676521324e-05	1.054588012e-08	
1.227497737e-05	0.9999876968	9.792257445e-09	9.115702452e-09	9.325312897e-09	
0.9934015781	0.00659826094	5.553097393e-08	5.087814287e-08	5.452526383e-08	
1.2285146e-05	0.9999876863	9.792518967e-09	9.467620211e-09	9.327939374e-09	
8.590128492e-09	0.9999999658	8.878625921e-09	8.243872098e-09	8.438392228e-09	
8.600441799e-09	0.9999999655	8.878857548e-09	8.583676346e-09	8.457966252e-09	
9.710550689e-09	0.9999847646	1.004038568e-08	1.520604694e-05	9.564826976e-09	
8.600246038e-09	0.9999999658	8.878659647e-09	8.267915343e-09	8.457779065e-09	
1.226101423e-05	0.9999877105	9.792474031e-09	9.437022927e-09	9.304176972e-09	
1.227573462e-05	0.9999876953	9.792729353e-09	9.826007526e-09	9.325759166e-09	
1.227545521e-05	0.999987696	9.792511086e-09	9.464545858e-09	9.325552777e-09	
0.9934018314	0.006598005771	5.553026479e-08	5.28231255e-08	5.45245578e-08	
8.583547706e-09	0.9999999655	8.87881659e-09	8.555935569e-09	8.436419854e-09	
8.583352329e-09	0.9999999659	8.87861869e-09	8.241195044e-09	8.436233144e-09	
8.593657501e-09	0.9999999655	8.878850316e-09	8.580888947e-09	8.455802159e-09	
9.70289075e-09	0.9999847696	1.004037755e-08	1.520110912e-05	9.562379724e-09	
0.9999981797	2.674519195e-09	1.808115112e-06	4.677559883e-09	4.791219294e-09	
0.9999989946	2.650982082e-09	9.931998522e-07	4.625686801e-09	4.894940808e-09	
0.9999995605	2.629074726e-09	4.275723243e-07	4.587990188e-09	4.699473062e-09	
0.9999995831	2.628149149e-09	4.050159591e-07	4.586404764e-09	4.69784911e-09	
0.9999849952	1.498487742e-05	7.081489078e-09	6.367772278e-09	6.522419179e-09	
0.9999995447	2.629718068e-09	4.433521201e-07	4.589092072e-09	4.700601724e-09	
0.9999995558	2.629265254e-09	4.322371876e-07	4.588316523e-09	4.699807328e-09	
0.9999978513	2.686428959e-09	2.136299365e-06	4.698394931e-09	5.002135714e-09	
0.9999994163	2.634480765e-09	5.716199897e-07	4.59795431e-09	4.849597255e-09	
0.9999995583	2.629165263e-09	4.297881235e-07	4.58814526e-09	4.699631903e-09	
0.9999991871	2.644118651e-09	8.008685175e-07	4.613092716e-09	4.72518546e-09	
0.9999997749	2.84782755e-09	2.129630781e-07	4.572366239e-09	4.683467807e-09	
0.9999999406	4.489330008e-08	5.07935916e-09	4.561008764e-09	4.891168368e-09	
0.9999978353	2.686954875e-09	2.152489023e-06	4.699309839e-09	4.813497817e-09	
0.9996469927	2.72038572e-09	0.0003529947605	4.756443558e-09	5.033308945e-09	
0.9998479931	2.698445766e-09	0.0001519946387	4.718627275e-09	4.833284704e-09	
0.9998560104	2.697517336e-09	0.0001439773884	4.717034425e-09	4.831653144e-09	
0.9998423845	2.699090985e-09	0.0001576032042	4.719734133e-09	4.834418461e-09	
0.9998463351	2.698636858e-09	0.0001536526636	4.718955098e-09	4.833620494e-09	
0.9992410291	2.755644219e-09	0.0007589581256	4.829250502e-09	5.141451045e-09	
0.9997967968	2.703856384e-09	0.0002031907413	4.728633657e-09	4.987428825e-09	
0.9998472056	2.698536572e-09	0.0001527821973	4.718783056e-09	4.83344427e-09	
0.9997153303	2.713527568e-09	0.0002846573744	4.743816829e-09	4.859086241e-09	
0.9999242771	2.923193008e-09	7.571048676e-05	4.70291623e-09	4.817190189e-09	
0.9992352821	2.756167877e-09	0.0007647054022	4.830163188e-09	4.947530985e-09	
0.9999164912	2.674879146e-09	8.349649351e-05	4.666614644e-09	4.938251126e-09	
0.9999208957	2.673949162e-09	7.909202415e-05	4.665022494e-09	4.936566294e-09	
0.9999833565	1.524718943e-05	1.382988621e-06	6.477424348e-09	6.854378452e-09	
0.99991341	2.675525495e-09	8.657771289e-05	4.667721101e-09	4.939421991e-09	
0.9999155803	2.675070569e-09	8.440737337e-05	4.666942341e-09	4.938597899e-09	
0.9995829483	2.732325563e-09	0.000417038944	4.777325455e-09	5.254547563e-09	
0.9998883645	2.680304361e-09	0.000111623055	4.676618643e-09	5.095860448e-09	
0.9999160586	2.674970109e-09	8.392915954e-05	4.666770364e-09	4.93841591e-09	
0.9998436051	2.689990081e-09	0.0001563825811	4.691807085e-09	4.964909882e-09	
0.9999583983	2.897563951e-09	4.158924862e-05	4.650916864e-09	4.921637856e-09	
0.9995797893	2.732851871e-09	0.0004201980966	4.778240709e-09	5.056374945e-09	
0.9999659374	2.651969962e-09	3.405061399e-05	4.627211124e-09	4.739647141e-09	
0.9999842704	1.512119399e-05	5.953765132e-07	6.424639404e-09	6.580667545e-09	
0.9999627145	2.65354465e-09	3.727350364e-05	4.629907597e-09	4.742409143e-09	
0.9999636489	2.653090183e-09	3.633908248e-05	4.629129424e-09	4.741612059e-09	
0.9998204098	2.710388191e-09	0.0001795777252	4.73951605e-09	5.045915353e-09	
0.9999519311	2.658322174e-09	4.805672912e-05	4.638799227e-09	4.892677714e-09	
0.9999638548	2.652989825e-09	3.613319191e-05	4.62895758e-09	4.741436038e-09	
0.9999326593	2.667996471e-09	6.732862596e-05	4.653983482e-09	4.767069948e-09	
0.9999820832	2.873685314e-09	1.790457659e-05	4.613121294e-09	4.725213272e-09	
0.9999995181	4.530170553e-08	4.270474793e-07	4.601742054e-09	4.934850364e-09	
0.9998190493	2.710915151e-09	0.0001809383876	4.740432591e-09	4.855619932e-09	
0.9999843072	1.511587072e-05	5.639677296e-07	6.4224194e-09	6.578393618e-09	
0.9999646808	2.652615615e-09	3.530722714e-05	4.628316684e-09	4.740779568e-09	
0.9999655659	2.652161176e-09	3.442209748e-05	4.627538551e-09	4.739982525e-09	
0.9998298817	2.709459594e-09	0.0001701057994	4.737923043e-09	5.044219356e-09	
0.9999544662	2.657392978e-09	4.552163467e-05	4.637207898e-09	4.890999287e-09	
0.9999657609	2.652060825e-09	3.422706782e-05	4.627366715e-09	4.739806513e-09	
0.999936211	2.667066604e-09	6.37769629e-05	4.652391673e-09	4.765439455e-09	
0.9999830277	2.87267627e-09	1.69600452e-05	4.611531438e-09	4.723584779e-09	
0.9999995407	4.528575688e-08	4.045188021e-07	4.600151878e-09	4.933145074e-09	
0.999828593	2.709986569e-09	0.0001713947052	4.738839615e-09	4.853988244e-09	
0.9999842447	1.512489404e-05	6.173492104e-07	6.426182327e-09	6.582247943e-09	
0.9999842628	1.512228977e-05	6.018721378e-07	6.425096358e-09	6.581135596e-09	
0.9999840385	1.515228564e-05	7.959567708e-07	6.438591767e-09	6.790885709e-09	
0.9999842668	1.512171469e-05	5.984619199e-07	6.424856545e-09	6.580889959e-09	
0.999983664	1.520771598e-05	1.115175533e-06	6.459789389e-09	6.616671048e-09	
0.9999833112	1.637933751e-05	2.965417986e-07	6.402753413e-09	6.558247704e-09	
0.9999623078	2.653735884e-09	3.768014671e-05	4.630235052e-09	4.742744556e-09	
0.9998137836	2.711033506e-09	0.0001862039105	4.740622982e-09	5.047093849e-09	
0.9999501576	2.658967999e-09	4.9830202e-05	4.639905158e-09	4.893844175e-09	
0.9999625213	2.653635523e-09	3.746665819e-05	4.630063201e-09	4.742568529e-09	
0.9999301747	2.668642748e-09	6.981325419e-05	4.655089722e-09	4.768203071e-09	
0.9999814224	2.874386659e-09	1.856534303e-05	4.614226237e-09	4.726345067e-09	
0.9999995023	4.531279099e-08	4.428079054e-07	4.602847241e-09	4.936035556e-09	
0.9998123729	2.711560456e-09	0.0001876147702	4.741539499e-09	4.85675374e-09	
0.9998184509	2.710579313e-09	0.0001815365841	4.739843898e-09	5.046264397e-09	
0.9999514068	2.65851344e-09	4.858100832e-05	4.639126765e-09	4.893023179e-09	
0.9999634606	2.653181052e-09	3.652739496e-05	4.629285025e-09	4.741771441e-09	
0.9999319248	2.668187871e-09	6.806313934e-05	4.654311113e-09	4.767405541e-09	
0.9999818879	2.873893021e-09	1.809991414e-05	4.613448537e-09	4.725548467e-09	
0.9999995135	4.530498852e-08	4.317066165e-07	4.602069367e-09	4.935201372e-09	
0.9998170756	2.711106271e-09	0.0001829120861	4.740760432e-09	4.85595574e-09	
0.999759925	2.715797519e-09	0.0002400623626	4.749522595e-09	5.206792352e-09	
0.9998194793	2.710479011e-09	0.0001805081796	4.739671843e-09	5.046081218e-09	
0.9996636802	2.725471114e-09	0.0003363072105	4.764702388e-09	5.072729833e-09	
0.9999105361	2.936170743e-09	8.945121587e-05	4.723800859e-09	5.029182424e-09	
0.9990966081	2.768057931e-09	0.0009033791452	4.851006248e-09	5.164613323e-09	
0.999951682	2.658413062e-09	4.830576059e-05	4.638954871e-09	4.892841877e-09	
0.9999099784	2.673422287e-09	9.000938291e-05	4.663985807e-09	4.919242642e-09	
0.9999760512	2.87957738e-09	2.393642677e-05	4.623112775e-09	4.876131022e-09	
0.999999374	4.539485724e-08	5.709183262e-07	4.611736043e-09	5.092493661e-09	
0.9997581063	2.716324286e-09	0.0002418812069	4.750438894e-09	5.010427518e-09	
0.9999323104	2.668087423e-09	6.767751825e-05	4.654139171e-09	4.76722942e-09	
0.9999819904	2.873784014e-09	1.799736148e-05	4.613276797e-09	4.725372554e-09	
0.9999995159	4.530326557e-08	4.292605586e-07	4.601897591e-09	4.93501716e-09	
0.9998181118	2.71100597e-09	0.0001818758908	4.74058838e-09	4.855779507e-09	
0.9999664519	2.890084836e-09	3.353583033e-05	4.63829055e-09	4.75099401e-09	
0.9996611326	2.72599777e-09	0.0003388550115	4.765618139e-09	4.881417366e-09	
0.9999997287	4.907104516e-08	2.127016651e-07	4.586071258e-09	4.918043453e-09	
0.9999098584	2.936743607e-09	9.012905029e-05	4.724717587e-09	4.839521354e-09	
