4.7465383e-09	2.612516804e-09	4.891640845e-09	4.577353172e-09	0.9999999832	
4.729752142e-09	2.633484406e-09	4.891655469e-09	4.577367212e-09	0.9999999832	
4.771047652e-09	2.747392725e-09	4.891821814e-09	4.589818613e-09	0.999999983	
4.745490602e-09	2.612520346e-09	4.891647936e-09	4.589655141e-09	0.9999999832	
4.72972791e-09	2.612511659e-09	4.891630225e-09	4.577343696e-09	0.9999999832	
4.744559624e-09	2.61251987e-09	4.891646892e-09	4.588928522e-09	0.9999999832	
4.729758067e-09	2.63216455e-09	4.891661639e-09	4.589668378e-09	0.9999999832	
4.743752762e-09	2.629965963e-09	4.891666978e-09	4.588302572e-09	0.9999999831	
4.729736455e-09	2.612516128e-09	4.891639094e-09	4.591410841e-09	0.9999999832	
4.744559624e-09	2.61251987e-09	4.891646892e-09	4.588928522e-09	0.9999999832	
4.7465383e-09	2.612516804e-09	4.891640845e-09	4.577353172e-09	0.9999999832	
4.746546314e-09	2.612520977e-09	4.89164912e-09	4.590479025e-09	0.9999999832	
4.743752762e-09	2.629965963e-09	4.891666978e-09	4.588302572e-09	0.9999999831	
4.729735876e-09	2.612515832e-09	4.891638501e-09	4.590469477e-09	0.9999999832	
2.738960168e-05	3.663243874e-09	6.859012254e-09	6.418286159e-09	0.9999725935	
4.729752142e-09	2.633484406e-09	4.891655469e-09	4.577367212e-09	0.9999999832	
4.746546324e-09	2.61252097e-09	4.89164912e-09	4.590479018e-09	0.9999999832	
4.771047652e-09	2.747392725e-09	4.891821814e-09	4.589818613e-09	0.999999983	
4.745490602e-09	2.612520346e-09	4.891647936e-09	4.589655141e-09	0.9999999832	
4.72972791e-09	2.612511659e-09	4.891630225e-09	4.577343696e-09	0.9999999832	
4.744559624e-09	2.61251987e-09	4.891646892e-09	4.588928522e-09	0.9999999832	
4.729758067e-09	2.63216455e-09	4.891661639e-09	4.589668378e-09	0.9999999832	
4.743752762e-09	2.629965963e-09	4.891666978e-09	4.588302572e-09	0.9999999831	
4.729736455e-09	2.612516128e-09	4.891639094e-09	4.591410841e-09	0.9999999832	
4.744559624e-09	2.61251987e-09	4.891646892e-09	4.588928522e-09	0.9999999832	
4.7465383e-09	2.612516804e-09	4.891640845e-09	4.577353172e-09	0.9999999832	
4.743752762e-09	2.629965963e-09	4.891666978e-09	4.588302572e-09	0.9999999831	
4.729735876e-09	2.612515832e-09	4.891638501e-09	4.590469477e-09	0.9999999832	
2.738960168e-05	3.663243874e-09	6.859012254e-09	6.418286159e-09	0.9999725935	
4.729760137e-09	2.633488606e-09	4.891663744e-09	4.590493099e-09	0.9999999832	
4.754174817e-09	2.769442818e-09	4.891836438e-09	4.589832691e-09	0.999999983	
4.728708149e-09	2.633487977e-09	4.89166256e-09	4.589669219e-09	0.9999999832	
4.713001202e-09	2.63347922e-09	4.891644849e-09	4.577357736e-09	0.9999999832	
4.727780463e-09	2.633487497e-09	4.891661516e-09	4.588942598e-09	0.9999999832	
4.713031252e-09	2.653289842e-09	4.891676263e-09	4.589682456e-09	0.9999999832	
4.726976455e-09	2.651073609e-09	4.891681602e-09	4.588316646e-09	0.9999999831	
4.727780463e-09	2.633487497e-09	4.891661516e-09	4.588942598e-09	0.9999999832	
4.729752142e-09	2.633484406e-09	4.891655469e-09	4.577367212e-09	0.9999999832	
4.729760127e-09	2.633488613e-09	4.891663744e-09	4.590493106e-09	0.9999999832	
4.726976455e-09	2.651073609e-09	4.891681602e-09	4.588316646e-09	0.9999999831	
4.713009139e-09	2.633483427e-09	4.891653125e-09	4.590483558e-09	0.9999999832	
1.233237743e-08	6.176791037e-05	1.279983241e-08	1.226474862e-08	0.9999381947	
4.771055718e-09	2.747397107e-09	4.89183009e-09	4.602980205e-09	0.999999983	
4.745498624e-09	2.612524512e-09	4.891656212e-09	4.602816264e-09	0.9999999831	
4.729735906e-09	2.612515825e-09	4.891638501e-09	4.590469515e-09	0.9999999832	
4.744567645e-09	2.612524036e-09	4.891655168e-09	4.602087561e-09	0.9999999831	
4.743760782e-09	2.629970157e-09	4.891675254e-09	4.601459816e-09	0.9999999831	
4.72974445e-09	2.612520295e-09	4.891647369e-09	4.604576998e-09	0.9999999832	
4.744567645e-09	2.612524036e-09	4.891655168e-09	4.602087561e-09	0.9999999831	
4.746546324e-09	2.61252097e-09	4.89164912e-09	4.590479018e-09	0.9999999832	
4.746554338e-09	2.612525144e-09	4.891657396e-09	4.603642511e-09	0.9999999831	
4.743760782e-09	2.629970157e-09	4.891675254e-09	4.601459816e-09	0.9999999831	
6.314512741e-09	3.522982427e-09	6.530666166e-09	2.210114984e-05	0.9999778825	
4.729743871e-09	2.612519998e-09	4.891646777e-09	4.603632935e-09	0.9999999832	
2.738964798e-05	3.663249716e-09	6.859023858e-09	6.436690996e-09	0.9999725934	
4.75415046e-09	2.747387314e-09	4.891811194e-09	4.589809111e-09	0.999999983	
4.769058759e-09	2.747395949e-09	4.891827861e-09	4.601425486e-09	0.999999983	
4.754180773e-09	2.768054822e-09	4.891842608e-09	4.602167357e-09	0.999999983	
4.768247731e-09	2.765742729e-09	4.891847948e-09	4.600797831e-09	0.999999983	
4.754159049e-09	2.747392015e-09	4.891820063e-09	4.603914565e-09	0.999999983	
4.769058759e-09	2.747395949e-09	4.891827861e-09	4.601425486e-09	0.999999983	
4.771047652e-09	2.747392725e-09	4.891821814e-09	4.589818613e-09	0.999999983	
4.771055708e-09	2.747397114e-09	4.89183009e-09	4.602980212e-09	0.999999983	
4.768247731e-09	2.765742729e-09	4.891847948e-09	4.600797831e-09	0.999999983	
6.347107818e-09	3.704856891e-09	6.530896743e-09	2.209797035e-05	0.9999778854	
4.754158467e-09	2.747391703e-09	4.89181947e-09	4.602970638e-09	0.999999983	
7.173733219e-05	0.0004177651168	6.136962914e-08	6.017497748e-08	0.999510376	
4.728683923e-09	2.612515201e-09	4.891637317e-09	4.58964564e-09	0.9999999832	
4.743512362e-09	2.612523411e-09	4.891653984e-09	4.601261601e-09	0.9999999832	
4.728714073e-09	2.632168118e-09	4.89166873e-09	4.602003446e-09	0.9999999831	
4.742705679e-09	2.629969528e-09	4.89167407e-09	4.600633969e-09	0.9999999831	
4.728692465e-09	2.61251967e-09	4.891646185e-09	4.603750591e-09	0.9999999832	
4.743512362e-09	2.612523411e-09	4.891653984e-09	4.601261601e-09	0.9999999832	
4.745490602e-09	2.612520346e-09	4.891647936e-09	4.589655141e-09	0.9999999832	
4.745498614e-09	2.612524519e-09	4.891656212e-09	4.602816272e-09	0.9999999831	
4.742705679e-09	2.629969528e-09	4.89167407e-09	4.600633969e-09	0.9999999831	
6.313108298e-09	3.522981598e-09	6.530664611e-09	2.209718333e-05	0.9999778864	
4.728691886e-09	2.612519374e-09	4.891645592e-09	4.602806698e-09	0.9999999832	
2.738355617e-05	3.663248862e-09	6.85902224e-09	6.435535809e-09	0.9999725995	
4.727756242e-09	2.612514724e-09	4.891636272e-09	4.588919022e-09	0.9999999832	
4.713007107e-09	2.632159366e-09	4.891651019e-09	4.589658877e-09	0.9999999832	
4.726952238e-09	2.629960784e-09	4.891656358e-09	4.588293074e-09	0.9999999832	
4.712985571e-09	2.612510983e-09	4.891628474e-09	4.591401336e-09	0.9999999832	
4.727756242e-09	2.612514724e-09	4.891636272e-09	4.588919022e-09	0.9999999832	
4.72972791e-09	2.612511659e-09	4.891630225e-09	4.577343696e-09	0.9999999832	
4.729735896e-09	2.612515832e-09	4.891638501e-09	4.590469522e-09	0.9999999832	
4.726952238e-09	2.629960784e-09	4.891656358e-09	4.588293074e-09	0.9999999832	
4.712984994e-09	2.612510687e-09	4.891627881e-09	4.590459974e-09	0.9999999832	
4.727786386e-09	2.632167639e-09	4.891667686e-09	4.601274871e-09	0.9999999831	
4.741775247e-09	2.629969049e-09	4.891673025e-09	4.599905611e-09	0.9999999831	
4.727764783e-09	2.612519194e-09	4.891645141e-09	4.60302174e-09	0.9999999832	
4.742581772e-09	2.612522935e-09	4.891652939e-09	4.600533144e-09	0.9999999832	
4.744559624e-09	2.61251987e-09	4.891646892e-09	4.588928522e-09	0.9999999832	
4.744567634e-09	2.612524043e-09	4.891655168e-09	4.602087569e-09	0.9999999831	
4.741775247e-09	2.629969049e-09	4.891673025e-09	4.599905611e-09	0.9999999831	
6.311869805e-09	3.522980969e-09	6.53066324e-09	2.209368505e-05	0.9999778899	
4.727764204e-09	2.612518898e-09	4.891644548e-09	4.602077996e-09	0.9999999832	
2.737818417e-05	3.663248214e-09	6.859020812e-09	6.43451699e-09	0.9999726049	
4.726982377e-09	2.649744938e-09	4.891687772e-09	4.600647237e-09	0.9999999831	
4.713015621e-09	2.632163869e-09	4.891659888e-09	4.603763869e-09	0.9999999832	
4.727786386e-09	2.632167639e-09	4.891667686e-09	4.601274871e-09	0.9999999831	
4.729758067e-09	2.63216455e-09	4.891661639e-09	4.589668378e-09	0.9999999832	
4.729766053e-09	2.632168754e-09	4.891669914e-09	4.602829546e-09	0.9999999831	
4.726982377e-09	2.649744938e-09	4.891687772e-09	4.600647237e-09	0.9999999831	
6.292178703e-09	3.549471792e-09	6.530682904e-09	2.209724705e-05	0.9999778864	
4.713015044e-09	2.632163571e-09	4.891659295e-09	4.602819972e-09	0.9999999832	
1.233239327e-08	6.173695528e-05	1.279984895e-08	1.229770915e-08	0.9999382256	
4.726960777e-09	2.629965283e-09	4.891665227e-09	4.602393868e-09	0.9999999831	
4.741775247e-09	2.629969049e-09	4.891673025e-09	4.599905611e-09	0.9999999831	
4.743752762e-09	2.629965963e-09	4.891666978e-09	4.588302572e-09	0.9999999831	
4.743760772e-09	2.629970164e-09	4.891675254e-09	4.601459824e-09	0.9999999831	
4.74096886e-09	2.647531666e-09	4.891693112e-09	4.599278164e-09	0.9999999831	
6.310796425e-09	3.546507023e-09	6.530690076e-09	2.209067144e-05	0.9999778929	
4.726960199e-09	2.629964985e-09	4.891664634e-09	4.601450253e-09	0.9999999831	
2.737352835e-05	3.687710963e-09	6.859049009e-09	6.433639324e-09	0.9999726095	
1.236888374e-08	6.168539099e-05	1.279986358e-08	1.22940502e-08	0.9999382771	
4.727764783e-09	2.612519194e-09	4.891645141e-09	4.60302174e-09	0.9999999832	
4.729736455e-09	2.612516128e-09	4.891639094e-09	4.591410841e-09	0.9999999832	
4.72974444e-09	2.612520302e-09	4.891647369e-09	4.604577006e-09	0.9999999832	
4.726960777e-09	2.629965283e-09	4.891665227e-09	4.602393868e-09	0.9999999831	
6.292149898e-09	3.522975882e-09	6.53065275e-09	2.210563606e-05	0.999977878	
4.744559624e-09	2.61251987e-09	4.891646892e-09	4.588928522e-09	0.9999999832	
4.744567634e-09	2.612524043e-09	4.891655168e-09	4.602087569e-09	0.9999999831	
4.741775247e-09	2.629969049e-09	4.891673025e-09	4.599905611e-09	0.9999999831	
6.311869805e-09	3.522980969e-09	6.53066324e-09	2.209368505e-05	0.9999778899	
4.727764204e-09	2.612518898e-09	4.891644548e-09	4.602077996e-09	0.9999999832	
2.737818417e-05	3.663248214e-09	6.859020812e-09	6.43451699e-09	0.9999726049	
4.743752762e-09	2.629965963e-09	4.891666978e-09	4.588302572e-09	0.9999999831	
4.729735876e-09	2.612515832e-09	4.891638501e-09	4.590469477e-09	0.9999999832	
2.738960168e-05	3.663243874e-09	6.859012254e-09	6.418286159e-09	0.9999725935	
4.743760772e-09	2.629970164e-09	4.891675254e-09	4.601459824e-09	0.9999999831	
6.314512728e-09	3.522982436e-09	6.530666166e-09	2.210114988e-05	0.9999778825	
4.729743861e-09	2.612520005e-09	4.891646776e-09	4.603632943e-09	0.9999999832	
2.738964793e-05	3.663249725e-09	6.859023858e-09	6.436691006e-09	0.9999725934	
6.310796425e-09	3.546507023e-09	6.530690076e-09	2.209067144e-05	0.9999778929	
4.726960199e-09	2.629964985e-09	4.891664634e-09	4.601450253e-09	0.9999999831	
2.737352835e-05	3.687710963e-09	6.859049009e-09	6.433639324e-09	0.9999726095	
1.236888374e-08	6.168539099e-05	1.279986358e-08	1.22940502e-08	0.9999382771	
6.292149157e-09	3.522975498e-09	6.530651989e-09	2.210110391e-05	0.9999778826	
1.646350992e-08	8.262602061e-05	1.708756054e-08	5.904580886e-05	0.9998582946	
1.954670526e-08	1.097946669e-08	2.028762188e-08	0.9997806968	0.0002192523421	
1.954672564e-08	1.098220308e-08	2.028764315e-08	0.9997801715	0.0002197777302	
1.954666464e-08	1.094417173e-08	2.028757969e-08	0.9997806974	0.0002192518681	
1.954666464e-08	1.094417173e-08	2.028757969e-08	0.9997806974	0.0002192518668	
0.9998239561	9.208540519e-09	1.720605689e-08	1.610037191e-08	0.0001760013818	
0.9998236153	9.189294554e-09	1.720613765e-08	1.610036323e-08	0.000176342205	
0.9998242485	9.207267304e-09	1.720600692e-08	1.610035953e-08	0.0001757090336	
0.9998210469	2.869801641e-08	1.721919391e-08	1.611274448e-08	0.0001788910746	
2.075251734e-08	0.9997833172	2.14954398e-08	9.945767059e-05	0.0001171828342	
1.37962192e-08	0.999922624	1.430259811e-08	1.370468707e-08	7.73342434e-05	
1.379516402e-08	0.9999226795	1.430260891e-08	1.373176974e-08	7.727862263e-05	
1.379521109e-08	0.9999226792	1.43026579e-08	1.381171741e-08	7.727889112e-05	
1.439320778e-08	0.9999227253	1.430300381e-08	1.380532153e-08	7.72321704e-05	
1.434597765e-08	0.9999227255	1.430297915e-08	1.380527668e-08	7.723200145e-05	
1.43468749e-08	0.9999227255	1.430297961e-08	1.380527717e-08	7.723200473e-05	
1.37962192e-08	0.999922624	1.430259811e-08	1.370468707e-08	7.73342434e-05	
8.344854894e-06	0.9999916278	9.40893452e-09	8.878098613e-09	9.018861772e-09	
8.479865035e-09	0.9999999661	8.779375611e-09	8.215295647e-09	8.415411456e-09	
8.479162103e-09	0.999999966	8.779430584e-09	8.215347083e-09	8.506123023e-09	
8.47851312e-09	0.999999966	8.779436721e-09	8.23158147e-09	8.500004729e-09	
8.479119378e-09	0.9999999661	8.779386149e-09	8.232696352e-09	8.415421477e-09	
8.478542048e-09	0.999999966	8.7794668e-09	8.279506523e-09	8.500034263e-09	
8.846070638e-09	0.9999999656	8.779678723e-09	8.275672098e-09	8.494894979e-09	
8.843510194e-09	0.9999999657	8.779633117e-09	8.279663081e-09	8.415657216e-09	
8.479150396e-09	0.999999966	8.779418397e-09	8.284091636e-09	8.415452485e-09	
8.817042978e-09	0.9999999656	8.779663579e-09	8.275645211e-09	8.494876393e-09	
8.817594427e-09	0.9999999656	8.779663867e-09	8.275645504e-09	8.494876754e-09	
8.479162103e-09	0.999999966	8.779430584e-09	8.215347083e-09	8.506123023e-09	
8.479865035e-09	0.9999999661	8.779375611e-09	8.215295647e-09	8.415411456e-09	
1.255232523e-05	0.9999229846	1.414181858e-08	6.443510492e-05	1.381436379e-08	
8.344854894e-06	0.9999916278	9.40893452e-09	8.878098613e-09	9.018861772e-09	
8.344163159e-06	0.9999916284	9.408993441e-09	8.878154205e-09	9.116078069e-09	
8.343524514e-06	0.9999916291	9.409000024e-09	8.895698375e-09	9.109521051e-09	
8.344121114e-06	0.9999916286	9.40894582e-09	8.896903199e-09	9.018872519e-09	
8.343552982e-06	0.999991629	9.40903226e-09	8.94748998e-09	9.109552703e-09	
8.705226908e-06	0.9999912673	9.40925598e-09	8.943342965e-09	9.104041603e-09	
8.702707252e-06	0.9999912699	9.409207127e-09	8.947655958e-09	9.019121931e-09	
8.344151639e-06	0.9999916285	9.40898038e-09	8.95244501e-09	9.01890575e-09	
8.676661663e-06	0.9999912959	9.409240018e-09	8.943314164e-09	9.104021944e-09	
8.677204328e-06	0.9999912953	9.409240322e-09	8.943314475e-09	9.104022326e-09	
8.344163159e-06	0.9999916284	9.408993441e-09	8.878154205e-09	9.116078069e-09	
8.344854894e-06	0.9999916278	9.40893452e-09	8.878098613e-09	9.018861772e-09	
0.9993907494	0.0006090263334	7.725996185e-08	7.290083033e-08	7.40566821e-08	
1.275352638e-08	0.9999398698	1.319582869e-08	6.009118114e-05	1.301977703e-08	
1.330636773e-08	0.9999398971	1.319614758e-08	6.006335322e-05	1.301190538e-08	
1.33025159e-08	0.9999398683	1.319607865e-08	6.009231733e-05	1.289053396e-08	
1.275444104e-08	0.9999398367	1.319575549e-08	6.012445707e-05	1.289021996e-08	
1.326270398e-08	0.9999398974	1.319612482e-08	6.006315809e-05	1.301187691e-08	
1.326353347e-08	0.9999398974	1.319612525e-08	6.006316022e-05	1.301187747e-08	
1.462985306e-08	8.35582055e-05	1.515358967e-08	0.9999163972	1.480272312e-08	
1.462947267e-08	7.976010917e-05	1.515319282e-08	0.9999201953	1.480233866e-08	
1.462945256e-08	7.956712545e-05	1.515317203e-08	0.9999203883	1.480231822e-08	
1.462946078e-08	7.964673719e-05	1.51531806e-08	0.9999203087	1.480232665e-08	
8.479162103e-09	0.999999966	8.779430584e-09	8.215347083e-09	8.506123023e-09	
8.47851312e-09	0.999999966	8.779436721e-09	8.23158147e-09	8.500004729e-09	
8.479119378e-09	0.9999999661	8.779386149e-09	8.232696352e-09	8.415421477e-09	
8.478542048e-09	0.999999966	8.7794668e-09	8.279506523e-09	8.500034263e-09	
8.846070638e-09	0.9999999656	8.779678723e-09	8.275672098e-09	8.494894979e-09	
8.843510194e-09	0.9999999657	8.779633117e-09	8.279663081e-09	8.415657216e-09	
8.479150396e-09	0.999999966	8.779418397e-09	8.284091636e-09	8.415452485e-09	
8.817042978e-09	0.9999999656	8.779663579e-09	8.275645211e-09	8.494876393e-09	
8.817594427e-09	0.9999999656	8.779663867e-09	8.275645504e-09	8.494876754e-09	
8.479162103e-09	0.999999966	8.779430584e-09	8.215347083e-09	8.506123023e-09	
8.479865035e-09	0.9999999661	8.779375611e-09	8.215295647e-09	8.415411456e-09	
8.4778103e-09	0.9999999659	8.779491693e-09	8.231633008e-09	8.591628145e-09	
8.478416507e-09	0.999999966	8.779441122e-09	8.232747897e-09	8.506133152e-09	
8.477839226e-09	0.9999999659	8.779521773e-09	8.279558361e-09	8.591657997e-09	
8.845337349e-09	0.9999999655	8.779733697e-09	8.275723912e-09	8.586463316e-09	
8.842777117e-09	0.9999999656	8.779688091e-09	8.27971492e-09	8.506371431e-09	
8.478447523e-09	0.999999966	8.779473369e-09	8.284143503e-09	8.506164494e-09	
8.816312096e-09	0.9999999655	8.779718554e-09	8.275697025e-09	8.58644453e-09	
8.816863499e-09	0.9999999655	8.779718841e-09	8.275697317e-09	8.586444894e-09	
8.478459229e-09	0.9999999659	8.779485557e-09	8.215398519e-09	8.597812389e-09	
8.479162103e-09	0.999999966	8.779430584e-09	8.215347083e-09	8.506123023e-09	
8.477767581e-09	0.999999966	8.779447259e-09	8.24901667e-09	8.500014851e-09	
8.477190344e-09	0.9999999659	8.77952791e-09	8.295919637e-09	8.58547818e-09	
8.84466034e-09	0.9999999655	8.779739835e-09	8.292077611e-09	8.580287234e-09	
8.842100304e-09	0.9999999656	8.779694228e-09	8.296076506e-09	8.500252959e-09	
8.477798595e-09	0.9999999659	8.779479506e-09	8.30051384e-09	8.500046171e-09	
8.815637308e-09	0.9999999655	8.779724691e-09	8.29205067e-09	8.580268462e-09	
8.816188669e-09	0.9999999655	8.779724978e-09	8.292050963e-09	8.580268826e-09	
8.4778103e-09	0.9999999659	8.779491693e-09	8.231633008e-09	8.591628145e-09	
8.47851312e-09	0.999999966	8.779436721e-09	8.23158147e-09	8.500004729e-09	
9.628177268e-09	0.999984713	9.933506791e-09	1.525779832e-05	9.640063806e-09	
8.477796507e-09	0.9999999659	8.779477338e-09	8.297043233e-09	8.500044385e-09	
8.845292779e-09	0.9999999656	8.779689261e-09	8.293200686e-09	8.494905094e-09	
8.84273256e-09	0.9999999657	8.779643655e-09	8.297200122e-09	8.415667237e-09	
8.478404801e-09	0.999999966	8.779428935e-09	8.301638057e-09	8.415462507e-09	
8.816267672e-09	0.9999999656	8.779674118e-09	8.293173741e-09	8.494886509e-09	
8.816819073e-09	0.9999999656	8.779674405e-09	8.293174035e-09	8.49488687e-09	
8.478416507e-09	0.999999966	8.779441122e-09	8.232747897e-09	8.506133152e-09	
8.479119378e-09	0.9999999661	8.779386149e-09	8.232696352e-09	8.415421477e-09	
9.628865713e-09	0.999984711	9.933449552e-09	1.52598648e-05	9.544135846e-09	
8.844690518e-09	0.9999999655	8.779769915e-09	8.340354878e-09	8.580317047e-09	
8.842130473e-09	0.9999999655	8.779724308e-09	8.344377055e-09	8.500282494e-09	
8.477827521e-09	0.9999999659	8.779509586e-09	8.348840223e-09	8.500075705e-09	
8.815667387e-09	0.9999999655	8.779754771e-09	8.340327781e-09	8.580298275e-09	
8.81621875e-09	0.9999999655	8.779755059e-09	8.340328076e-09	8.580298639e-09	
8.477839226e-09	0.9999999659	8.779521773e-09	8.279558361e-09	8.591657997e-09	
8.478542048e-09	0.999999966	8.7794668e-09	8.279506523e-09	8.500034263e-09	
9.225419925e-09	0.9999999652	8.779936237e-09	8.340512586e-09	8.495143059e-09	
8.845325137e-09	0.9999999655	8.77972151e-09	8.344973688e-09	8.494936395e-09	
9.197809715e-09	0.9999999651	8.779966701e-09	8.336465187e-09	8.575110461e-09	
9.198384979e-09	0.9999999651	8.779966989e-09	8.336465482e-09	8.575110826e-09	
8.845337349e-09	0.9999999655	8.779733697e-09	8.275723912e-09	8.586463316e-09	
8.846070638e-09	0.9999999656	8.779678723e-09	8.275672098e-09	8.494894979e-09	
0.000325351058	0.9996745586	3.104154382e-08	2.925951453e-08	3.003460753e-08	
8.842764908e-09	0.9999999656	8.779675903e-09	8.348998093e-09	8.415698246e-09	
9.195147462e-09	0.9999999652	8.779921093e-09	8.340485489e-09	8.495124473e-09	
9.195722559e-09	0.9999999652	8.779921381e-09	8.340485784e-09	8.495124834e-09	
8.842777117e-09	0.9999999656	8.779688091e-09	8.27971492e-09	8.506371431e-09	
8.843510194e-09	0.9999999657	8.779633117e-09	8.279663081e-09	8.415657216e-09	
0.0003252569177	0.999674653	3.10413855e-08	2.927362783e-08	2.975445678e-08	
8.816299924e-09	0.9999999656	8.779706366e-09	8.344946576e-09	8.49491781e-09	
8.816851326e-09	0.9999999656	8.779706654e-09	8.344946871e-09	8.494918171e-09	
8.478447523e-09	0.999999966	8.779473369e-09	8.284143503e-09	8.506164494e-09	
8.479150396e-09	0.999999966	8.779418397e-09	8.284091636e-09	8.415452485e-09	
9.168201228e-09	0.9999999651	8.779951844e-09	8.336438398e-09	8.575092064e-09	
8.816312096e-09	0.9999999655	8.779718554e-09	8.275697025e-09	8.58644453e-09	
8.817042978e-09	0.9999999656	8.779663579e-09	8.275645211e-09	8.494876393e-09	
0.0003242837912	0.9996756259	3.104152341e-08	2.92594507e-08	3.003457389e-08	
8.816863499e-09	0.9999999655	8.779718841e-09	8.275697317e-09	8.586444894e-09	
8.817594427e-09	0.9999999656	8.779663867e-09	8.275645504e-09	8.494876754e-09	
0.0003243040665	0.9996756056	3.10415238e-08	2.925945114e-08	3.003457455e-08	
8.479162103e-09	0.999999966	8.779430584e-09	8.215347083e-09	8.506123023e-09	
4.827873955e-09	2.68481883e-09	5.01087233e-09	0.9999999825	4.950755834e-09	
4.827881525e-09	2.685489373e-09	5.010880218e-09	0.9999999825	4.962621796e-09	
4.827966315e-09	2.84396377e-09	5.010968979e-09	0.9999999825	4.803232429e-09	
4.827788162e-09	2.684773376e-09	5.010782897e-09	0.9999999827	4.803055195e-09	
4.827788936e-09	2.685440243e-09	5.010783701e-09	0.9999999827	4.803055992e-09	
4.827814878e-09	2.708113674e-09	5.010810875e-09	0.9999999827	4.803081876e-09	
4.827778126e-09	2.676142969e-09	5.010772475e-09	0.9999999827	4.803045286e-09	
4.827788936e-09	2.685440307e-09	5.010783701e-09	0.9999999827	4.803055886e-09	
4.827817973e-09	2.710823522e-09	5.010814108e-09	0.9999999826	4.803084993e-09	
4.827863919e-09	2.676188119e-09	5.010861907e-09	0.9999999825	4.950745128e-09	
4.827863919e-09	2.676188119e-09	5.010861907e-09	0.9999999825	4.950745098e-09	
4.827778126e-09	2.676142969e-09	5.010772475e-09	0.9999999827	4.803045286e-09	
4.827977357e-09	2.69419554e-09	5.010980076e-09	0.9999999824	5.115239845e-09	
4.828062148e-09	2.8531837e-09	5.011068839e-09	0.9999999824	4.950948695e-09	
4.827918275e-09	2.723483321e-09	5.010918574e-09	0.9999999825	4.950801302e-09	
4.827883991e-09	2.693477222e-09	5.010882753e-09	0.9999999825	4.95076601e-09	
4.827884765e-09	2.694146251e-09	5.010883557e-09	0.9999999825	4.950766832e-09	
4.827910708e-09	2.716893187e-09	5.010910731e-09	0.9999999825	4.950793512e-09	
4.827873955e-09	2.684818836e-09	5.01087233e-09	0.9999999825	4.950755797e-09	
4.827913803e-09	2.719611821e-09	5.010913965e-09	0.9999999825	4.950796725e-09	
7.814743103e-09	2.318576987e-05	8.006501041e-09	0.9999767904	7.959767836e-09	
4.82795975e-09	2.684864132e-09	5.010961765e-09	0.9999999824	5.102997928e-09	
4.82795975e-09	2.684864132e-09	5.010961765e-09	0.9999999824	5.102997897e-09	
4.827873955e-09	2.684818836e-09	5.01087233e-09	0.9999999825	4.950755797e-09	
4.828069719e-09	2.853896292e-09	5.011076726e-09	0.9999999823	4.962815119e-09	
4.827925845e-09	2.72416352e-09	5.010926461e-09	0.9999999825	4.962667373e-09	
4.827891561e-09	2.694149927e-09	5.01089064e-09	0.9999999825	4.962631997e-09	
4.827892335e-09	2.694819123e-09	5.010891444e-09	0.9999999825	4.962632821e-09	
4.827881525e-09	2.685489379e-09	5.010880218e-09	0.9999999825	4.962621759e-09	
4.827892335e-09	2.694819187e-09	5.010891444e-09	0.9999999825	4.962632711e-09	
7.814755311e-09	2.319156046e-05	8.006513597e-09	0.9999767846	7.978845745e-09	
4.82796732e-09	2.685534686e-09	5.010969652e-09	0.9999999824	5.115228783e-09	
4.82796732e-09	2.685534686e-09	5.010969652e-09	0.9999999824	5.115228753e-09	
4.827881525e-09	2.685489379e-09	5.010880218e-09	0.9999999825	4.962621759e-09	
4.828010636e-09	2.884920132e-09	5.011015223e-09	0.9999999825	4.803276541e-09	
4.827976351e-09	2.853135396e-09	5.010979402e-09	0.9999999825	4.803242301e-09	
4.828003069e-09	2.877939363e-09	5.01100738e-09	0.9999999825	4.803268984e-09	
4.827966315e-09	2.843963776e-09	5.010968979e-09	0.9999999825	4.803232393e-09	
4.827977126e-09	2.85384415e-09	5.010980206e-09	0.9999999825	4.803242993e-09	
4.828052111e-09	2.844011757e-09	5.011058415e-09	0.9999999824	4.950937988e-09	
4.828052111e-09	2.844011757e-09	5.011058415e-09	0.9999999824	4.950937959e-09	
4.827966315e-09	2.843963776e-09	5.010968979e-09	0.9999999825	4.803232393e-09	
4.323615877e-08	0.0003271149888	4.465548387e-08	0.9996727542	4.290534028e-08	
4.827832481e-09	2.723437213e-09	5.01082914e-09	0.9999999826	4.803099306e-09	
4.827833255e-09	2.724113683e-09	5.010829944e-09	0.9999999826	4.803100103e-09	
4.827859198e-09	2.747113638e-09	5.010857117e-09	0.9999999826	4.803125988e-09	
4.827822445e-09	2.714682518e-09	5.010818717e-09	0.9999999826	4.803089397e-09	
4.827833255e-09	2.724113748e-09	5.010829944e-09	0.9999999826	4.803099997e-09	
4.827862292e-09	2.749862511e-09	5.010860351e-09	0.9999999826	4.803129105e-09	
7.814657711e-09	2.344366297e-05	8.006413313e-09	0.9999765328	7.722349517e-09	
4.827908239e-09	2.714728318e-09	5.01090815e-09	0.9999999825	4.950790595e-09	
4.827908239e-09	2.714728318e-09	5.01090815e-09	0.9999999825	4.950790566e-09	
4.827822445e-09	2.714682518e-09	5.010818717e-09	0.9999999826	4.803089397e-09	
4.827798972e-09	2.694100639e-09	5.010794124e-09	0.9999999827	4.803065865e-09	
4.827824914e-09	2.716847191e-09	5.010821297e-09	0.9999999826	4.803091749e-09	
4.827788162e-09	2.684773382e-09	5.010782897e-09	0.9999999827	4.803055159e-09	
4.827798972e-09	2.694100704e-09	5.010794124e-09	0.9999999827	4.803065759e-09	
4.827828009e-09	2.719565778e-09	5.010824531e-09	0.9999999826	4.803094866e-09	
7.814604235e-09	2.318537735e-05	8.006358147e-09	0.9999767911	7.722296463e-09	
4.827873955e-09	2.684818678e-09	5.01087233e-09	0.9999999825	4.950755304e-09	
4.827873955e-09	2.684818678e-09	5.01087233e-09	0.9999999825	4.950755274e-09	
4.827788162e-09	2.684773382e-09	5.010782897e-09	0.9999999827	4.803055159e-09	
4.827825688e-09	2.717522024e-09	5.010822101e-09	0.9999999826	4.803092546e-09	
4.827788936e-09	2.685440249e-09	5.010783701e-09	0.9999999827	4.803055956e-09	
4.827799746e-09	2.694769887e-09	5.010794928e-09	0.9999999827	4.803066556e-09	
4.827828783e-09	2.720241287e-09	5.010825334e-09	0.9999999826	4.803095663e-09	
7.814605443e-09	2.31911362e-05	8.006359385e-09	0.9999767853	7.722297701e-09	
4.827874729e-09	2.685485555e-09	5.010873134e-09	0.9999999825	4.950756126e-09	
4.827874729e-09	2.685485555e-09	5.010873134e-09	0.9999999825	4.950756096e-09	
4.827788936e-09	2.685440249e-09	5.010783701e-09	0.9999999827	4.803055956e-09	
4.827814878e-09	2.70811368e-09	5.010810875e-09	0.9999999827	4.80308184e-09	
4.827825688e-09	2.717522089e-09	5.010822101e-09	0.9999999826	4.80309244e-09	
4.827854725e-09	2.743208546e-09	5.010852508e-09	0.9999999826	4.803121548e-09	
4.827900671e-09	2.708159369e-09	5.010900308e-09	0.9999999825	4.950782806e-09	
4.827900671e-09	2.708159369e-09	5.010900308e-09	0.9999999825	4.950782777e-09	
4.827814878e-09	2.70811368e-09	5.010810875e-09	0.9999999827	4.80308184e-09	
4.827788936e-09	2.685440313e-09	5.010783701e-09	0.9999999827	4.80305585e-09	
4.827817973e-09	2.710823528e-09	5.010814108e-09	0.9999999826	4.803084957e-09	
4.827863919e-09	2.676188125e-09	5.010861907e-09	0.9999999825	4.950745091e-09	
4.827863919e-09	2.676188125e-09	5.010861907e-09	0.9999999825	4.950745061e-09	
4.827778126e-09	2.676142975e-09	5.010772474e-09	0.9999999827	4.80304525e-09	
4.827828783e-09	2.720241352e-09	5.010825334e-09	0.9999999826	4.803095557e-09	
7.814605443e-09	2.319113675e-05	8.006359385e-09	0.9999767853	7.722297531e-09	
4.827874729e-09	2.685485619e-09	5.010873134e-09	0.9999999825	4.950756017e-09	
4.827874729e-09	2.685485619e-09	5.010873134e-09	0.9999999825	4.950755987e-09	
4.827788936e-09	2.685440313e-09	5.010783701e-09	0.9999999827	4.80305585e-09	
4.827903766e-09	2.710869263e-09	5.010903541e-09	0.9999999825	4.950786019e-09	
4.827903766e-09	2.710869263e-09	5.010903541e-09	0.9999999825	4.95078599e-09	
4.827817973e-09	2.710823528e-09	5.010814108e-09	0.9999999826	4.803084957e-09	
3.354368673e-05	0.999678989	2.85726365e-08	0.0002553735689	3.206512542e-05	
3.366725458e-05	0.9997330124	2.618292562e-08	0.0002332688913	2.531114921e-08	
2.331628709e-08	0.999788652	2.371773347e-08	0.0002112780653	2.292878485e-08	
1.913197323e-08	0.7267131831	1.950554111e-08	0.2732867594	1.885793493e-08	
4.827949713e-09	2.676233275e-09	5.010951341e-09	0.9999999824	5.102986862e-09	
4.827863919e-09	2.676188125e-09	5.010861907e-09	0.9999999825	4.950745091e-09	
4.827863919e-09	2.676188125e-09	5.010861907e-09	0.9999999825	4.950745061e-09	
8.587939915e-09	0.9999999659	8.779498976e-09	8.266963751e-09	8.456399616e-09	
8.58793992e-09	0.9999999659	8.779498976e-09	8.266963751e-09	8.456399616e-09	
1.235626747e-05	0.9999757955	1.057776014e-08	1.03781756e-08	1.182726255e-05	
1.240070869e-05	0.9999875711	9.692408017e-09	9.126659858e-09	9.335407669e-09	
1.240126121e-05	0.9999875702	9.692665279e-09	9.479458707e-09	9.335655206e-09	
8.577663188e-09	0.999999966	8.779465433e-09	8.242476811e-09	8.436984896e-09	
8.588132962e-09	0.9999999656	8.779695245e-09	8.585435673e-09	8.456588381e-09	
9.694773374e-09	0.9999846929	9.933511318e-09	1.527794878e-05	9.568565131e-09	
8.587939915e-09	0.9999999659	8.779498976e-09	8.266963751e-09	8.456399616e-09	
8.581048503e-09	0.9999999659	8.779491765e-09	8.264228664e-09	8.454232369e-09	
1.234635231e-05	0.9999758085	1.057775159e-08	1.037474216e-08	1.182423155e-05	
1.239075783e-05	0.9999875811	9.692400153e-09	9.123640435e-09	9.333015239e-09	
8.587939915e-09	0.9999999659	8.779498976e-09	8.266963751e-09	8.456399616e-09	
1.23913099e-05	0.9999875802	9.692657414e-09	9.476322565e-09	9.333262712e-09	
8.570780016e-09	0.999999966	8.779458223e-09	8.239749824e-09	8.434822624e-09	
8.581241389e-09	0.9999999656	8.779688034e-09	8.582595221e-09	8.454421085e-09	
9.686993823e-09	0.9999846979	9.93350321e-09	1.527289422e-05	9.566112902e-09	
8.581048497e-09	0.9999999659	8.779491765e-09	8.264228664e-09	8.454232369e-09	
1.234635231e-05	0.9999758085	1.057775159e-08	1.037474216e-08	1.182423155e-05	
1.239075784e-05	0.9999875811	9.692400153e-09	9.123640435e-09	9.333015239e-09	
8.58793992e-09	0.9999999659	8.779498976e-09	8.266963751e-09	8.456399616e-09	
1.239130991e-05	0.9999875802	9.692657414e-09	9.476322565e-09	9.333262712e-09	
8.570780021e-09	0.999999966	8.779458223e-09	8.239749824e-09	8.434822624e-09	
8.581241394e-09	0.9999999656	8.779688034e-09	8.582595221e-09	8.454421085e-09	
9.686993829e-09	0.9999846979	9.93350321e-09	1.527289422e-05	9.566112902e-09	
8.581048502e-09	0.9999999659	8.779491765e-09	8.264228664e-09	8.454232369e-09	
0.0175158785	0.9824712738	1.147337186e-08	1.125327403e-08	1.28249732e-05	
1.235626747e-05	0.9999757955	1.057776014e-08	1.03781756e-08	1.182726255e-05	
0.01751664526	0.9824705063	1.147366744e-08	1.168826985e-08	1.282530326e-05	
1.234662983e-05	0.9999758075	1.057798805e-08	1.077441296e-08	1.182449548e-05	
1.393748051e-05	0.9999534982	1.196804919e-08	1.917314127e-05	1.337923213e-05	
1.234635231e-05	0.9999758085	1.057775159e-08	1.037474216e-08	1.182423155e-05	
0.9987382726	0.001193062643	5.906025907e-08	5.775531504e-08	6.854796402e-05	
1.240070869e-05	0.9999875711	9.692408017e-09	9.126659858e-09	9.335407669e-09	
0.01757856104	0.982421408	1.051267923e-08	1.027813367e-08	1.012254871e-08	
1.237593066e-05	0.999987596	9.692363266e-09	9.096616132e-09	9.311588068e-09	
1.239103636e-05	0.9999875805	9.692616827e-09	9.475114491e-09	9.333223568e-09	
1.398766275e-05	0.9999691297	1.096637301e-08	1.686109585e-05	1.056043758e-08	
1.239075783e-05	0.9999875811	9.692400153e-09	9.123640435e-09	9.333015239e-09	
0.998810954	0.001188887499	5.392693287e-08	5.061219895e-08	5.391579454e-08	
1.24012612e-05	0.9999875702	9.692665279e-09	9.479458707e-09	9.335655206e-09	
8.577663187e-09	0.999999966	8.779465433e-09	8.242476811e-09	8.436984896e-09	
8.588132961e-09	0.9999999656	8.779695245e-09	8.585435673e-09	8.456588381e-09	
9.694773373e-09	0.9999846929	9.933511318e-09	1.527794878e-05	9.568565131e-09	
8.587939914e-09	0.9999999659	8.779498976e-09	8.266963751e-09	8.456399616e-09	
1.237648207e-05	0.9999875951	9.692620527e-09	9.448253616e-09	9.311834973e-09	
1.239158844e-05	0.9999875795	9.692874094e-09	9.841383152e-09	9.333471047e-09	
1.23913099e-05	0.9999875802	9.692657414e-09	9.476322565e-09	9.333262712e-09	
0.998811005	0.00118883459	5.39259643e-08	5.256631741e-08	5.391482473e-08	
8.570972677e-09	0.9999999657	8.779654491e-09	8.557173372e-09	8.435010907e-09	
8.570780016e-09	0.999999966	8.779458223e-09	8.239749824e-09	8.434822624e-09	
8.581241389e-09	0.9999999656	8.779688034e-09	8.582595221e-09	8.454421085e-09	
9.686993823e-09	0.9999846979	9.93350321e-09	1.527289422e-05	9.566112902e-09	
0.9999999833	2.604573066e-09	4.866622496e-09	4.55388956e-09	4.664816322e-09	
0.9999999832	2.610065361e-09	4.86668614e-09	4.553960497e-09	4.779904556e-09	
0.9999999833	2.610035688e-09	4.866601857e-09	4.55389563e-09	4.664822656e-09	
0.9999999833	2.610035666e-09	4.866601495e-09	4.55389563e-09	4.664822655e-09	
0.999984901	1.507922386e-05	6.823485315e-09	6.385047494e-09	6.54058131e-09	
0.9999999833	2.610035703e-09	4.866602111e-09	4.55389563e-09	4.664822656e-09	
0.9999999833	2.610035692e-09	4.866601932e-09	4.55389563e-09	4.664822656e-09	
0.9999999832	2.60461118e-09	4.866710641e-09	4.553959592e-09	4.789162378e-09	
0.9999999832	2.609703719e-09	4.866670583e-09	4.553955662e-09	4.771963469e-09	
0.9999999833	2.61003569e-09	4.866601893e-09	4.55389563e-09	4.664822656e-09	
0.9999999833	2.610450721e-09	4.866610335e-09	4.553896095e-09	4.664823026e-09	
0.9999999831	2.821316937e-09	4.86684428e-09	4.554121733e-09	4.665054871e-09	
0.9999999776	8.134178913e-09	4.870416056e-09	4.55747329e-09	4.858397912e-09	
0.9999999833	2.604573068e-09	4.866627691e-09	4.553889564e-09	4.664816326e-09	
0.9999999832	2.604603122e-09	4.866713651e-09	4.553954432e-09	4.779898073e-09	
0.9999999833	2.60457351e-09	4.866629368e-09	4.553889566e-09	4.664816329e-09	
0.9999999833	2.604573489e-09	4.866629005e-09	4.553889566e-09	4.664816328e-09	
0.9999999833	2.604573525e-09	4.866629621e-09	4.553889566e-09	4.664816329e-09	
0.9999999833	2.604573515e-09	4.866629443e-09	4.553889566e-09	4.664816329e-09	
0.9999999832	2.599160355e-09	4.866738153e-09	4.553953527e-09	4.789155882e-09	
0.9999999832	2.604242236e-09	4.866698094e-09	4.553949597e-09	4.771956997e-09	
0.9999999833	2.604573512e-09	4.866629404e-09	4.553889566e-09	4.664816329e-09	
0.9999999833	2.604987675e-09	4.866637846e-09	4.553890031e-09	4.664816699e-09	
0.9999999831	2.815412598e-09	4.866871792e-09	4.554115668e-09	4.665048543e-09	
0.9999999833	2.599122322e-09	4.866655202e-09	4.553883499e-09	4.664809999e-09	
0.9999999832	2.610065807e-09	4.866693012e-09	4.553960503e-09	4.779904563e-09	
0.9999999832	2.610065785e-09	4.866692649e-09	4.553960503e-09	4.779904562e-09	
0.9999849007	1.507939787e-05	6.823613122e-09	6.385138452e-09	6.701938475e-09	
0.9999999832	2.610065822e-09	4.866693265e-09	4.553960503e-09	4.779904563e-09	
0.9999999832	2.610065811e-09	4.866693086e-09	4.553960503e-09	4.779904563e-09	
0.9999999831	2.604641236e-09	4.866801797e-09	4.554024466e-09	4.907311765e-09	
0.9999999831	2.609733834e-09	4.866761739e-09	4.554020535e-09	4.889688557e-09	
0.9999999832	2.610065809e-09	4.866693047e-09	4.553960503e-09	4.779904563e-09	
0.9999999832	2.610480845e-09	4.86670149e-09	4.553960968e-09	4.779904942e-09	
0.999999983	2.821349494e-09	4.866935438e-09	4.554186609e-09	4.780142506e-09	
0.9999999832	2.604603124e-09	4.866718846e-09	4.553954436e-09	4.779898077e-09	
0.9999999833	2.610036112e-09	4.866608366e-09	4.553895636e-09	4.664822662e-09	
0.999984901	1.507922644e-05	6.82349495e-09	6.385047503e-09	6.540581319e-09	
0.9999999833	2.610036148e-09	4.866608982e-09	4.553895636e-09	4.664822662e-09	
0.9999999833	2.610036138e-09	4.866608804e-09	4.553895636e-09	4.664822662e-09	
0.9999999832	2.604611624e-09	4.866717513e-09	4.553959598e-09	4.789162384e-09	
0.9999999832	2.609704164e-09	4.866677455e-09	4.553955668e-09	4.771963476e-09	
0.9999999833	2.610036135e-09	4.866608764e-09	4.553895636e-09	4.664822662e-09	
0.9999999833	2.610451166e-09	4.866617207e-09	4.553896101e-09	4.664823033e-09	
0.9999999831	2.821317418e-09	4.866851152e-09	4.554121739e-09	4.665054877e-09	
0.9999999776	8.134180301e-09	4.870422933e-09	4.557473296e-09	4.858397919e-09	
0.9999999833	2.604573512e-09	4.866634563e-09	4.55388957e-09	4.664816333e-09	
0.999984901	1.507922631e-05	6.823494442e-09	6.385047503e-09	6.540581318e-09	
0.9999999833	2.610036127e-09	4.86660862e-09	4.553895636e-09	4.664822662e-09	
0.9999999833	2.610036116e-09	4.866608441e-09	4.553895636e-09	4.664822662e-09	
0.9999999832	2.604611603e-09	4.86671715e-09	4.553959598e-09	4.789162384e-09	
0.9999999832	2.609704143e-09	4.866677092e-09	4.553955667e-09	4.771963475e-09	
0.9999999833	2.610036114e-09	4.866608402e-09	4.553895636e-09	4.664822662e-09	
0.9999999833	2.610451145e-09	4.866616844e-09	4.553896101e-09	4.664823032e-09	
0.9999999831	2.821317395e-09	4.866850789e-09	4.554121739e-09	4.665054877e-09	
0.9999999776	8.134180234e-09	4.87042257e-09	4.557473295e-09	4.858397918e-09	
0.9999999833	2.604573491e-09	4.866634201e-09	4.553889569e-09	4.664816332e-09	
0.999984901	1.507922652e-05	6.823495305e-09	6.385047503e-09	6.540581319e-09	
0.999984901	1.507922646e-05	6.823495055e-09	6.385047503e-09	6.540581319e-09	
0.9999849028	1.507730855e-05	6.823591324e-09	6.385131685e-09	6.690804234e-09	
0.999984901	1.507922645e-05	6.823495e-09	6.385047503e-09	6.540581319e-09	
0.9999848986	1.508162421e-05	6.823506821e-09	6.385048139e-09	6.540581823e-09	
0.9999836804	1.629986334e-05	6.823826524e-09	6.38535673e-09	6.540898926e-09	
0.9999999833	2.610036153e-09	4.866609057e-09	4.553895637e-09	4.664822662e-09	
0.9999999832	2.604611639e-09	4.866717766e-09	4.553959598e-09	4.789162384e-09	
0.9999999832	2.609704179e-09	4.866677708e-09	4.553955668e-09	4.771963476e-09	
0.9999999833	2.61003615e-09	4.866609018e-09	4.553895637e-09	4.664822662e-09	
0.9999999833	2.610451181e-09	4.86661746e-09	4.553896101e-09	4.664823033e-09	
0.9999999831	2.821317434e-09	4.866851405e-09	4.554121739e-09	4.665054877e-09	
0.9999999776	8.134180348e-09	4.870423187e-09	4.557473296e-09	4.858397919e-09	
0.9999999833	2.604573527e-09	4.866634816e-09	4.55388957e-09	4.664816333e-09	
0.9999999832	2.604611629e-09	4.866717588e-09	4.553959598e-09	4.789162384e-09	
0.9999999832	2.609704169e-09	4.86667753e-09	4.553955668e-09	4.771963476e-09	
0.9999999833	2.61003614e-09	4.866608839e-09	4.553895636e-09	4.664822662e-09	
0.9999999833	2.610451171e-09	4.866617282e-09	4.553896101e-09	4.664823033e-09	
0.9999999831	2.821317423e-09	4.866851226e-09	4.554121739e-09	4.665054877e-09	
0.9999999776	8.134180315e-09	4.870423008e-09	4.557473296e-09	4.858397919e-09	
0.9999999833	2.604573517e-09	4.866634638e-09	4.55388957e-09	4.664816333e-09	
0.9999999831	2.604280345e-09	4.86678624e-09	4.55401963e-09	4.89915901e-09	
0.9999999832	2.604611627e-09	4.866717549e-09	4.553959598e-09	4.789162384e-09	
0.9999999832	2.605025795e-09	4.866725991e-09	4.553960063e-09	4.789162765e-09	
0.999999983	2.815453798e-09	4.866959941e-09	4.554185704e-09	4.789400789e-09	
0.9999999832	2.599160356e-09	4.866743348e-09	4.553953531e-09	4.789155886e-09	
0.9999999832	2.609704166e-09	4.86667749e-09	4.553955668e-09	4.771963476e-09	
0.9999999832	2.610119145e-09	4.866685933e-09	4.553956133e-09	4.771963855e-09	
0.999999983	2.820958576e-09	4.866919881e-09	4.554181774e-09	4.772201024e-09	
0.9999999775	8.133145719e-09	4.870491713e-09	4.557533374e-09	4.969984734e-09	
0.9999999832	2.604242238e-09	4.866703289e-09	4.553949601e-09	4.771957001e-09	
0.9999999833	2.610451168e-09	4.866617243e-09	4.553896101e-09	4.664823033e-09	
0.9999999831	2.82131742e-09	4.866851187e-09	4.554121739e-09	4.665054877e-09	
0.9999999776	8.134180308e-09	4.870422969e-09	4.557473296e-09	4.858397919e-09	
0.9999999833	2.604573514e-09	4.866634599e-09	4.55388957e-09	4.664816333e-09	
0.9999999831	2.821766048e-09	4.86685963e-09	4.554122204e-09	4.665055248e-09	
0.9999999833	2.604987677e-09	4.866643041e-09	4.553890035e-09	4.664816703e-09	
0.9999999769	8.792638639e-09	4.870665544e-09	4.557699574e-09	4.858639768e-09	
0.9999999831	2.8154126e-09	4.866876987e-09	4.554115672e-09	4.665048547e-09	
