4.616420481e-09	4.535976341e-09	0.9999999833	4.36537544e-09	3.181770121e-09	
4.616420481e-09	4.535976366e-09	0.9999999833	4.365375463e-09	3.181770125e-09	
4.616420481e-09	4.535976366e-09	0.9999999833	4.365375463e-09	3.181770125e-09	
4.616420481e-09	4.535976341e-09	0.9999999833	4.36537544e-09	3.181770121e-09	
4.61675249e-09	4.968574905e-09	0.9999999828	4.365686943e-09	3.276948206e-09	
4.616420481e-09	4.535976341e-09	0.9999999833	4.36537544e-09	3.181770121e-09	
4.616473899e-09	4.536028642e-09	0.9999999832	4.451558766e-09	3.181805486e-09	
4.616420481e-09	4.535976366e-09	0.9999999833	4.365375463e-09	3.181770125e-09	
4.616473899e-09	4.536028642e-09	0.9999999832	4.451558766e-09	3.181805486e-09	
4.616420481e-09	4.535976341e-09	0.9999999833	4.36537544e-09	3.181770121e-09	
4.616473899e-09	4.536028642e-09	0.9999999832	4.451558766e-09	3.181805486e-09	
4.616420481e-09	4.535976366e-09	0.9999999833	4.365375463e-09	3.181770125e-09	
4.616473899e-09	4.536028642e-09	0.9999999832	4.451558766e-09	3.181805486e-09	
1.498739508e-08	1.464424778e-08	0.9998587179	0.0001412421905	1.027220757e-08	
4.616367063e-09	4.535924065e-09	0.9999999834	4.280860667e-09	3.18173476e-09	
4.616367063e-09	4.535924065e-09	0.9999999834	4.280860667e-09	3.18173476e-09	
4.616367063e-09	4.53592404e-09	0.9999999834	4.280860645e-09	3.181734756e-09	
4.616699068e-09	4.968517616e-09	0.9999999829	4.281166117e-09	3.276911783e-09	
4.616367063e-09	4.53592404e-09	0.9999999834	4.280860645e-09	3.181734756e-09	
4.616420481e-09	4.535976341e-09	0.9999999833	4.36537544e-09	3.181770121e-09	
4.616367063e-09	4.535924065e-09	0.9999999834	4.280860667e-09	3.18173476e-09	
4.616420481e-09	4.535976341e-09	0.9999999833	4.36537544e-09	3.181770121e-09	
4.616367063e-09	4.53592404e-09	0.9999999834	4.280860645e-09	3.181734756e-09	
4.616420481e-09	4.535976341e-09	0.9999999833	4.36537544e-09	3.181770121e-09	
4.616367063e-09	4.535924065e-09	0.9999999834	4.280860667e-09	3.18173476e-09	
4.616420481e-09	4.535976341e-09	0.9999999833	4.36537544e-09	3.181770121e-09	
4.616367063e-09	4.535924089e-09	0.9999999834	4.28086069e-09	3.181734764e-09	
4.616367063e-09	4.535924065e-09	0.9999999834	4.280860667e-09	3.18173476e-09	
4.616699068e-09	4.968517643e-09	0.9999999829	4.28116614e-09	3.276911787e-09	
4.616367063e-09	4.535924065e-09	0.9999999834	4.280860667e-09	3.18173476e-09	
4.616420481e-09	4.535976366e-09	0.9999999833	4.365375463e-09	3.181770125e-09	
4.616367063e-09	4.535924089e-09	0.9999999834	4.28086069e-09	3.181734764e-09	
4.616420481e-09	4.535976366e-09	0.9999999833	4.365375463e-09	3.181770125e-09	
4.616367063e-09	4.535924065e-09	0.9999999834	4.280860667e-09	3.18173476e-09	
4.616420481e-09	4.535976366e-09	0.9999999833	4.365375463e-09	3.181770125e-09	
4.616420481e-09	4.535976366e-09	0.9999999833	4.365375463e-09	3.181770125e-09	
4.616367063e-09	4.535924065e-09	0.9999999834	4.280860667e-09	3.18173476e-09	
4.616699068e-09	4.968517643e-09	0.9999999829	4.28116614e-09	3.276911787e-09	
4.616367063e-09	4.535924065e-09	0.9999999834	4.280860667e-09	3.18173476e-09	
4.616420481e-09	4.535976366e-09	0.9999999833	4.365375463e-09	3.181770125e-09	
4.616420481e-09	4.535976366e-09	0.9999999833	4.365375463e-09	3.181770125e-09	
4.616367063e-09	4.535924065e-09	0.9999999834	4.280860667e-09	3.18173476e-09	
4.616420481e-09	4.535976366e-09	0.9999999833	4.365375463e-09	3.181770125e-09	
4.616367063e-09	4.535924089e-09	0.9999999834	4.28086069e-09	3.181734764e-09	
4.616420481e-09	4.535976366e-09	0.9999999833	4.365375463e-09	3.181770125e-09	
4.616699068e-09	4.968517616e-09	0.9999999829	4.281166117e-09	3.276911783e-09	
4.616367063e-09	4.53592404e-09	0.9999999834	4.280860645e-09	3.181734756e-09	
4.616420481e-09	4.535976341e-09	0.9999999833	4.36537544e-09	3.181770121e-09	
4.616367063e-09	4.535924065e-09	0.9999999834	4.280860667e-09	3.18173476e-09	
4.616420481e-09	4.535976341e-09	0.9999999833	4.36537544e-09	3.181770121e-09	
4.616367063e-09	4.53592404e-09	0.9999999834	4.280860645e-09	3.181734756e-09	
4.616420481e-09	4.535976341e-09	0.9999999833	4.36537544e-09	3.181770121e-09	
4.616367063e-09	4.535924065e-09	0.9999999834	4.280860667e-09	3.18173476e-09	
4.616420481e-09	4.535976341e-09	0.9999999833	4.36537544e-09	3.181770121e-09	
4.616699068e-09	4.968517616e-09	0.9999999829	4.281166117e-09	3.276911783e-09	
4.61675249e-09	4.968574905e-09	0.9999999828	4.365686943e-09	3.276948206e-09	
4.616699068e-09	4.968517643e-09	0.9999999829	4.28116614e-09	3.276911787e-09	
4.61675249e-09	4.968574905e-09	0.9999999828	4.365686943e-09	3.276948206e-09	
4.616699068e-09	4.968517616e-09	0.9999999829	4.281166117e-09	3.276911783e-09	
4.61675249e-09	4.968574905e-09	0.9999999828	4.365686943e-09	3.276948206e-09	
4.616699068e-09	4.968517643e-09	0.9999999829	4.28116614e-09	3.276911787e-09	
4.61675249e-09	4.968574905e-09	0.9999999828	4.365686943e-09	3.276948206e-09	
6.812495881e-08	0.0006666891149	0.9991201986	6.377834252e-08	0.0002129804202	
4.616420481e-09	4.535976341e-09	0.9999999833	4.36537544e-09	3.181770121e-09	
4.616367063e-09	4.535924065e-09	0.9999999834	4.280860667e-09	3.18173476e-09	
4.616420481e-09	4.535976341e-09	0.9999999833	4.36537544e-09	3.181770121e-09	
4.616367063e-09	4.53592404e-09	0.9999999834	4.280860645e-09	3.181734756e-09	
4.616420481e-09	4.535976341e-09	0.9999999833	4.36537544e-09	3.181770121e-09	
4.616367063e-09	4.535924065e-09	0.9999999834	4.280860667e-09	3.18173476e-09	
4.616420481e-09	4.535976341e-09	0.9999999833	4.36537544e-09	3.181770121e-09	
4.616420481e-09	4.535976366e-09	0.9999999833	4.365375463e-09	3.181770125e-09	
4.616473899e-09	4.536028642e-09	0.9999999832	4.451558766e-09	3.181805486e-09	
4.616420481e-09	4.535976341e-09	0.9999999833	4.36537544e-09	3.181770121e-09	
4.616473899e-09	4.536028642e-09	0.9999999832	4.451558766e-09	3.181805486e-09	
4.616420481e-09	4.535976366e-09	0.9999999833	4.365375463e-09	3.181770125e-09	
4.616473899e-09	4.536028642e-09	0.9999999832	4.451558766e-09	3.181805486e-09	
1.498739508e-08	1.464424778e-08	0.9998587179	0.0001412421905	1.027220757e-08	
4.616420481e-09	4.535976366e-09	0.9999999833	4.365375463e-09	3.181770125e-09	
4.616367063e-09	4.535924065e-09	0.9999999834	4.280860667e-09	3.18173476e-09	
4.616420481e-09	4.535976366e-09	0.9999999833	4.365375463e-09	3.181770125e-09	
4.616367063e-09	4.535924089e-09	0.9999999834	4.28086069e-09	3.181734764e-09	
4.616420481e-09	4.535976366e-09	0.9999999833	4.365375463e-09	3.181770125e-09	
4.616420481e-09	4.535976341e-09	0.9999999833	4.36537544e-09	3.181770121e-09	
4.616473899e-09	4.536028642e-09	0.9999999832	4.451558766e-09	3.181805486e-09	
4.616420481e-09	4.535976366e-09	0.9999999833	4.365375463e-09	3.181770125e-09	
4.616473899e-09	4.536028642e-09	0.9999999832	4.451558766e-09	3.181805486e-09	
1.498739508e-08	1.464424778e-08	0.9998587179	0.0001412421905	1.027220757e-08	
4.616420481e-09	4.535976341e-09	0.9999999833	4.36537544e-09	3.181770121e-09	
4.616367063e-09	4.535924065e-09	0.9999999834	4.280860667e-09	3.18173476e-09	
4.616420481e-09	4.535976341e-09	0.9999999833	4.36537544e-09	3.181770121e-09	
4.616420481e-09	4.535976366e-09	0.9999999833	4.365375463e-09	3.181770125e-09	
4.616473899e-09	4.536028642e-09	0.9999999832	4.451558766e-09	3.181805486e-09	
1.498739508e-08	1.464424778e-08	0.9998587179	0.0001412421905	1.027220757e-08	
4.616420481e-09	4.535976366e-09	0.9999999833	4.365375463e-09	3.181770125e-09	
1.498739508e-08	1.464424778e-08	0.9998587179	0.0001412421905	1.027220757e-08	
2.681036007e-08	0.0006348480353	2.737643468e-08	2.566368457e-08	0.9993650721	
8.214350712e-09	0.9140627714	8.372449769e-09	7.69917396e-09	0.0859372043	
8.227333481e-09	0.9134284926	8.385702951e-09	7.711342499e-09	0.08657148305	
1.33912353e-08	0.8809169891	1.365758454e-08	6.060644502e-05	0.1190223774	
2.681036007e-08	0.0006348484638	2.737643468e-08	2.566368457e-08	0.9993650717	
8.586816711e-09	0.8958677484	8.748822063e-09	8.125284334e-09	0.1041322261	
9.713252641e-09	0.9348098173	7.937671394e-09	7.302089864e-09	0.06519015777	
9.250951734e-09	0.8959338958	9.306249336e-06	8.753752923e-09	0.1040567799	
8.249872259e-09	0.912330232	8.408711476e-09	7.826114579e-09	0.08766974349	
8.052301744e-09	0.9219821315	8.20567423e-09	7.628736224e-09	0.07801784466	
8.39128114e-09	0.9054187646	8.554859198e-09	7.865007441e-09	0.09458121056	
2.425123277e-08	0.0005535205597	2.476832357e-08	2.296725105e-08	0.9994464075	
2.411170774e-08	0.0005490862657	2.462588386e-08	2.283511319e-08	0.9994508422	
2.8546328e-08	0.0003851782474	2.917339625e-08	0.0001305427409	0.9994842213	
6.810213794e-09	3.307694026e-08	6.968165709e-09	6.586905217e-09	0.9999999466	
2.092352246e-08	0.000447758321	2.13616932e-08	2.000531897e-08	0.9995521794	
3.779555715e-08	0.0007460990519	3.094943076e-08	2.870962675e-08	0.9992538035	
2.25576456e-08	0.0004481057105	2.273869421e-05	2.156780482e-08	0.9995291115	
2.387506079e-08	0.0005415598821	2.438429456e-08	2.288483419e-08	0.999458369	
2.618431371e-08	0.0006149514298	2.673738372e-08	2.506559739e-08	0.9993849706	
2.251071254e-08	0.0004982044677	2.299626577e-08	2.131888143e-08	0.9995017287	
1.778038712e-08	0.0003478660877	1.815922332e-08	1.703866699e-08	0.9996520809	
8.428175193e-09	0.9019486467	8.59216244e-09	7.815617231e-09	0.09805132843	
2.425123278e-08	0.0005535209332	2.476832357e-08	2.296725106e-08	0.9994464071	
8.774065788e-09	0.882359161	8.941426866e-09	8.21421558e-09	0.1176408131	
9.981349974e-09	0.925935354	8.15842388e-09	7.423874258e-09	0.07406462048	
9.452783333e-09	0.8824336472	9.511226496e-06	8.849656387e-09	0.1175568233	
8.259126515e-09	0.9115266816	8.41815466e-09	7.741507023e-09	0.08847329403	
8.586141114e-09	0.8930012037	8.755302733e-09	7.962101751e-09	0.106998771	
9.283330213e-09	0.8535133652	9.463786289e-09	8.710693462e-09	0.1464866074	
2.411170774e-08	0.0005490866363	2.462588386e-08	2.283511319e-08	0.9994508418	
8.785684093e-09	0.8815212166	8.953288713e-09	8.225092558e-09	0.1184787574	
9.998083966e-09	0.92538155	8.172121705e-09	7.436320581e-09	0.0746184244	
9.465306585e-09	0.8815962107	9.523850501e-06	8.86138061e-09	0.1183942471	
8.46236034e-09	0.8999985995	8.627070684e-09	7.942355608e-09	0.1000013755	
8.598249239e-09	0.8922298032	8.767670884e-09	7.973329867e-09	0.1077701715	
9.293458796e-09	0.8525043007	9.474134964e-09	8.720197277e-09	0.1474956718	
2.8546328e-08	0.0003851785074	2.917339626e-08	0.0001305427409	0.999484221	
1.411512768e-08	0.8391524916	1.439344327e-08	6.380831837e-05	0.1607836716	
1.520736359e-08	0.8392432366	1.53110402e-05	6.874607574e-05	0.160672691	
1.369824574e-08	0.8632054299	1.397364412e-08	6.207976218e-05	0.1367324627	
1.344985642e-08	0.8775350655	1.37174813e-08	6.087462787e-05	0.1224040327	
1.475738208e-08	0.8020979632	1.505373942e-08	6.686294964e-05	0.197835144	
1.529054552e-08	9.379567669e-05	1.562963038e-08	0.9998693404	3.68330458e-05	
1.534263469e-08	9.373959753e-05	1.562627285e-08	0.999869405	3.682446109e-05	
1.529053692e-08	9.373940909e-05	1.562624145e-08	0.9998694053	3.682439011e-05	
1.529051829e-08	9.385885566e-05	1.556905311e-08	0.9998692676	3.684270376e-05	
2.092352246e-08	0.0004477586232	2.13616932e-08	2.000531897e-08	0.9995521791	
3.779555715e-08	0.0007460995554	3.094943076e-08	2.870962675e-08	0.999253803	
2.255764561e-08	0.0004481060129	2.273869421e-05	2.156780483e-08	0.9995291112	
2.387506079e-08	0.0005415602476	2.438429456e-08	2.288483419e-08	0.9994583686	
2.618431371e-08	0.0006149518448	2.673738372e-08	2.506559739e-08	0.9993849702	
2.251071254e-08	0.0004982048039	2.299626577e-08	2.131888144e-08	0.9995017284	
1.778038712e-08	0.0003478663225	1.815922333e-08	1.703866699e-08	0.9996520807	
1.046271057e-08	0.9100065628	8.548684233e-09	7.856353548e-09	0.08999341037	
9.80955218e-09	0.8585794054	9.866521884e-06	9.271529187e-09	0.141410709	
8.805850206e-09	0.8800713207	8.973877841e-09	8.34381354e-09	0.1199286532	
8.628554081e-09	0.8928576451	8.791417169e-09	8.165163814e-09	0.1071423293	
8.931891125e-09	0.8709763698	9.104469546e-09	8.361970007e-09	0.1290236038	
9.570046674e-09	0.8249535819	9.75243946e-09	9.065640044e-09	0.1750463897	
2.091833243e-08	0.0002187874829	2.134514775e-08	1.958359774e-08	0.9997811507	
1.127180908e-08	0.9100636749	9.093259104e-06	8.463927333e-09	0.08992721209	
1.002713832e-08	0.9244223813	8.195904813e-09	7.548252449e-09	0.07557759298	
9.772744907e-09	0.9328410077	7.986352334e-09	7.347160941e-09	0.06715896715	
1.020967888e-08	0.9183789163	8.34707565e-09	7.593699046e-09	0.08162105751	
1.115569707e-08	0.8870723444	9.118154776e-09	8.395706378e-09	0.1129276269	
0.001418628723	0.9983848991	8.587795442e-08	7.83541694e-08	0.000196307984	
9.487043435e-09	0.880147191	9.545762542e-06	8.989295983e-09	0.1198432448	
9.29593914e-09	0.8929256757	9.35158042e-06	8.796737713e-09	0.1070649546	
9.622903026e-09	0.87105766	9.684745536e-06	9.00892121e-09	0.1289326366	
1.031080096e-08	0.825060324	1.037438805e-05	9.767385145e-09	0.1749292815	
2.255205476e-08	0.0002189572712	2.272108678e-05	2.111314992e-08	0.999758278	
8.294377733e-09	0.9097480616	8.454141429e-09	7.868705468e-09	0.0902519138	
9.311039718e-09	0.850759425	9.492098198e-09	8.842502633e-09	0.1492405474	
8.434667463e-09	0.9026547485	8.599160037e-09	7.906045934e-09	0.09734522653	
9.156085273e-09	0.866195732	9.332239488e-09	8.684012246e-09	0.1338042408	
1.777506834e-08	0.0001699686032	1.814423105e-08	1.667863177e-08	0.9998299788	
0.9999999829	4.614278953e-09	4.762501093e-09	4.447349739e-09	3.231723227e-09	
0.9999946493	5.337218017e-06	5.160507412e-09	4.71888694e-09	3.605503622e-09	
0.999999983	4.614484593e-09	4.762441691e-09	4.35461717e-09	3.231684606e-09	
0.999999983	4.614484593e-09	4.762441691e-09	4.35461717e-09	3.231684606e-09	
0.999999983	4.614791717e-09	4.762442056e-09	4.354890877e-09	3.231684847e-09	
0.999999983	4.614791717e-09	4.762442056e-09	4.354890877e-09	3.231684847e-09	
0.9999999829	4.614544545e-09	4.762503876e-09	4.451487026e-09	3.231725042e-09	
0.999999983	4.614791717e-09	4.762442056e-09	4.354890877e-09	3.231684847e-09	
0.999999983	4.610805527e-09	4.762439624e-09	4.354888675e-09	3.231683209e-09	
0.9999949464	5.000652084e-09	5.160648607e-09	5.039932905e-06	3.501887027e-09	
0.999999983	4.614484593e-09	4.762441691e-09	4.35461717e-09	3.231684606e-09	
0.999999983	4.614791717e-09	4.762442056e-09	4.354890877e-09	3.231684847e-09	
0.9999999829	4.614278953e-09	4.762501093e-09	4.447349739e-09	3.231723227e-09	
0.9999946494	5.33698017e-06	5.16057178e-09	4.819376719e-09	3.605546711e-09	
0.9999999829	4.614278953e-09	4.762501093e-09	4.447349739e-09	3.231723227e-09	
0.9999999829	4.614278953e-09	4.762501093e-09	4.447349739e-09	3.231723227e-09	
0.9999999829	4.614586064e-09	4.762501458e-09	4.447629276e-09	3.231723469e-09	
0.9999999829	4.614586064e-09	4.762501458e-09	4.447629276e-09	3.231723469e-09	
0.9999999828	4.614338903e-09	4.762563279e-09	4.546282462e-09	3.231763663e-09	
0.9999999829	4.614586064e-09	4.762501458e-09	4.447629276e-09	3.231723469e-09	
0.9999999829	4.610600051e-09	4.762499026e-09	4.447627027e-09	3.231721831e-09	
0.9999948391	5.000428699e-09	5.160712423e-09	5.147258878e-06	3.501928502e-09	
0.9999999829	4.614278953e-09	4.762501093e-09	4.447349739e-09	3.231723227e-09	
0.9999999829	4.614586064e-09	4.762501458e-09	4.447629276e-09	3.231723469e-09	
0.9999999828	4.614073323e-09	4.762560496e-09	4.54205707e-09	3.231761849e-09	
0.9998473585	1.551376362e-08	1.617760828e-08	0.0001525989066	1.087407559e-08	
0.9999946493	5.337218017e-06	5.160507412e-09	4.71888694e-09	3.605503622e-09	
0.9999946493	5.337218017e-06	5.160507412e-09	4.71888694e-09	3.605503622e-09	
0.9999946489	5.337573242e-06	5.160507806e-09	4.719183542e-09	3.60550389e-09	
0.9999946489	5.337573242e-06	5.160507806e-09	4.719183542e-09	3.60550389e-09	
0.9999946491	5.337287358e-06	5.160574794e-09	4.823860094e-09	3.605548735e-09	
0.9999946489	5.337573242e-06	5.160507806e-09	4.719183542e-09	3.60550389e-09	
0.9999887451	5.783863118e-06	5.591993354e-09	5.46152555e-06	3.906957809e-09	
0.9999946493	5.337218017e-06	5.160507412e-09	4.71888694e-09	3.605503622e-09	
0.9999946489	5.337573242e-06	5.160507806e-09	4.719183542e-09	3.60550389e-09	
0.9999946494	5.33698017e-06	5.16057178e-09	4.819376719e-09	3.605546711e-09	
0.999999983	4.614484593e-09	4.762441691e-09	4.35461717e-09	3.231684606e-09	
0.999999983	4.614791717e-09	4.762442056e-09	4.354890877e-09	3.231684847e-09	
0.999999983	4.614791717e-09	4.762442056e-09	4.354890877e-09	3.231684847e-09	
0.9999999829	4.614544545e-09	4.762503876e-09	4.451487026e-09	3.231725042e-09	
0.999999983	4.614791717e-09	4.762442056e-09	4.354890877e-09	3.231684847e-09	
0.999999983	4.610805527e-09	4.762439624e-09	4.354888675e-09	3.231683209e-09	
0.9999949464	5.000652084e-09	5.160648607e-09	5.039932905e-06	3.501887027e-09	
0.999999983	4.614484593e-09	4.762441691e-09	4.35461717e-09	3.231684606e-09	
0.999999983	4.614791717e-09	4.762442056e-09	4.354890877e-09	3.231684847e-09	
0.9999999829	4.614278953e-09	4.762501093e-09	4.447349739e-09	3.231723227e-09	
0.999999983	4.614791717e-09	4.762442056e-09	4.354890877e-09	3.231684847e-09	
0.999999983	4.614791717e-09	4.762442056e-09	4.354890877e-09	3.231684847e-09	
0.9999999829	4.614544545e-09	4.762503876e-09	4.451487026e-09	3.231725042e-09	
0.999999983	4.614791717e-09	4.762442056e-09	4.354890877e-09	3.231684847e-09	
0.999999983	4.610805527e-09	4.762439624e-09	4.354888675e-09	3.231683209e-09	
0.9999949464	5.000652084e-09	5.160648607e-09	5.039932905e-06	3.501887027e-09	
0.999999983	4.614484593e-09	4.762441691e-09	4.35461717e-09	3.231684606e-09	
0.999999983	4.614791717e-09	4.762442056e-09	4.354890877e-09	3.231684847e-09	
0.9999999829	4.614278953e-09	4.762501093e-09	4.447349739e-09	3.231723227e-09	
0.999999983	4.615098862e-09	4.762442422e-09	4.355164602e-09	3.231685089e-09	
0.9999999829	4.614851673e-09	4.762504241e-09	4.451766823e-09	3.231725284e-09	
0.999999983	4.615098862e-09	4.762442422e-09	4.355164602e-09	3.231685089e-09	
0.999999983	4.611112406e-09	4.762439989e-09	4.3551624e-09	3.231683451e-09	
0.9999949461	5.000984909e-09	5.160649002e-09	5.040249687e-06	3.501887288e-09	
0.999999983	4.614791717e-09	4.762442056e-09	4.354890877e-09	3.231684847e-09	
0.9999999829	4.614586064e-09	4.762501458e-09	4.447629276e-09	3.231723469e-09	
0.9999999829	4.614851673e-09	4.762504241e-09	4.451766823e-09	3.231725284e-09	
0.999999983	4.611112406e-09	4.762439989e-09	4.3551624e-09	3.231683451e-09	
0.9999949461	5.000984909e-09	5.160649002e-09	5.040249687e-06	3.501887288e-09	
0.999999983	4.614791717e-09	4.762442056e-09	4.354890877e-09	3.231684847e-09	
0.999999983	4.615098862e-09	4.762442422e-09	4.355164602e-09	3.231685089e-09	
0.9999999829	4.614586064e-09	4.762501458e-09	4.447629276e-09	3.231723469e-09	
0.9999999829	4.614851673e-09	4.762504241e-09	4.451766823e-09	3.231725284e-09	
0.9999999829	4.610865431e-09	4.762501809e-09	4.451764572e-09	3.231723646e-09	
0.9999999829	4.614544545e-09	4.762503876e-09	4.451487026e-09	3.231725042e-09	
0.9999999829	4.614851673e-09	4.762504241e-09	4.451766823e-09	3.231725284e-09	
0.9999999828	4.614338903e-09	4.762563279e-09	4.546282462e-09	3.231763663e-09	
0.9998472166	1.551465436e-08	1.617761543e-08	0.0001527408448	1.087408015e-08	
0.999999983	4.611112406e-09	4.762439989e-09	4.3551624e-09	3.231683451e-09	
0.9999949461	5.000984909e-09	5.160649002e-09	5.040249687e-06	3.501887288e-09	
0.999999983	4.614791717e-09	4.762442056e-09	4.354890877e-09	3.231684847e-09	
0.999999983	4.615098862e-09	4.762442422e-09	4.355164602e-09	3.231685089e-09	
0.9999999829	4.614586064e-09	4.762501458e-09	4.447629276e-09	3.231723469e-09	
0.9999949461	4.996665131e-09	5.160646366e-09	5.040247138e-06	3.501885513e-09	
0.999999983	4.610805527e-09	4.762439624e-09	4.354888675e-09	3.231683209e-09	
0.999999983	4.611112406e-09	4.762439989e-09	4.3551624e-09	3.231683451e-09	
0.9999999829	4.610600051e-09	4.762499026e-09	4.447627027e-09	3.231721831e-09	
0.9999949464	5.000652084e-09	5.160648607e-09	5.039932905e-06	3.501887027e-09	
0.9999949461	5.000984909e-09	5.160649002e-09	5.040249687e-06	3.501887288e-09	
0.9999948391	5.000428699e-09	5.160712423e-09	5.147258878e-06	3.501928502e-09	
0.001064016535	6.787143142e-08	7.009886554e-08	0.9989357979	4.756719695e-08	
0.999999983	4.614791717e-09	4.762442056e-09	4.354890877e-09	3.231684847e-09	
0.9999999829	4.614278953e-09	4.762501093e-09	4.447349739e-09	3.231723227e-09	
0.9999999829	4.614586064e-09	4.762501458e-09	4.447629276e-09	3.231723469e-09	
0.9998473585	1.551376362e-08	1.617760828e-08	0.0001525989066	1.087407559e-08	
6.803025951e-09	6.68447828e-09	6.909815582e-09	6.308593748e-09	0.9999999733	
6.803025951e-09	6.68447828e-09	6.909815582e-09	6.308593748e-09	0.9999999733	
6.803025951e-09	6.68447828e-09	6.909815582e-09	6.308593748e-09	0.9999999733	
6.803025951e-09	6.68447828e-09	6.909815582e-09	6.308593748e-09	0.9999999733	
6.803025951e-09	6.68447828e-09	6.909815582e-09	6.308593748e-09	0.9999999733	
6.80302595e-09	6.684477742e-09	6.90981556e-09	6.308593747e-09	0.9999999733	
6.803025951e-09	6.68447828e-09	6.909815582e-09	6.308593748e-09	0.9999999733	
6.80302595e-09	6.684477742e-09	6.90981556e-09	6.308593747e-09	0.9999999733	
6.80302595e-09	6.684477742e-09	6.90981556e-09	6.308593747e-09	0.9999999733	
6.803025951e-09	6.68447828e-09	6.909815582e-09	6.308593748e-09	0.9999999733	
6.803025951e-09	6.68447828e-09	6.909815582e-09	6.308593748e-09	0.9999999733	
6.803025951e-09	6.68447828e-09	6.909815582e-09	6.308593748e-09	0.9999999733	
6.803025951e-09	6.68447828e-09	6.909815582e-09	6.308593748e-09	0.9999999733	
6.803372168e-09	7.263996293e-09	6.931967e-09	6.308912711e-09	0.9999999727	
6.803025951e-09	6.68447828e-09	6.909815582e-09	6.308593748e-09	0.9999999733	
6.803025951e-09	6.68447828e-09	6.909815582e-09	6.308593748e-09	0.9999999733	
6.803025951e-09	6.68447828e-09	6.909815582e-09	6.308593748e-09	0.9999999733	
6.803025951e-09	6.68447828e-09	6.909815582e-09	6.308593748e-09	0.9999999733	
6.80302595e-09	6.684477742e-09	6.90981556e-09	6.308593747e-09	0.9999999733	
6.803025951e-09	6.68447828e-09	6.909815582e-09	6.308593748e-09	0.9999999733	
6.80302595e-09	6.684477742e-09	6.90981556e-09	6.308593747e-09	0.9999999733	
6.80302595e-09	6.684477742e-09	6.90981556e-09	6.308593747e-09	0.9999999733	
6.803025951e-09	6.68447828e-09	6.909815582e-09	6.308593748e-09	0.9999999733	
6.803025951e-09	6.68447828e-09	6.909815582e-09	6.308593748e-09	0.9999999733	
6.803025951e-09	6.68447828e-09	6.909815582e-09	6.308593748e-09	0.9999999733	
6.803025951e-09	6.68447828e-09	6.909815582e-09	6.308593748e-09	0.9999999733	
6.803372168e-09	7.263996293e-09	6.931967e-09	6.308912711e-09	0.9999999727	
6.803025951e-09	6.68447828e-09	6.909815582e-09	6.308593748e-09	0.9999999733	
6.803025951e-09	6.68447828e-09	6.909815582e-09	6.308593748e-09	0.9999999733	
6.803025951e-09	6.68447828e-09	6.909815582e-09	6.308593748e-09	0.9999999733	
6.80302595e-09	6.684477742e-09	6.90981556e-09	6.308593747e-09	0.9999999733	
6.803025951e-09	6.68447828e-09	6.909815582e-09	6.308593748e-09	0.9999999733	
6.80302595e-09	6.684477742e-09	6.90981556e-09	6.308593747e-09	0.9999999733	
6.80302595e-09	6.684477742e-09	6.90981556e-09	6.308593747e-09	0.9999999733	
6.803025951e-09	6.68447828e-09	6.909815582e-09	6.308593748e-09	0.9999999733	
6.803025951e-09	6.68447828e-09	6.909815582e-09	6.308593748e-09	0.9999999733	
6.803025951e-09	6.68447828e-09	6.909815582e-09	6.308593748e-09	0.9999999733	
6.803025951e-09	6.68447828e-09	6.909815582e-09	6.308593748e-09	0.9999999733	
6.803372168e-09	7.263996293e-09	6.931967e-09	6.308912711e-09	0.9999999727	
6.803025951e-09	6.68447828e-09	6.909815582e-09	6.308593748e-09	0.9999999733	
6.803025951e-09	6.68447828e-09	6.909815582e-09	6.308593748e-09	0.9999999733	
6.80302595e-09	6.684477742e-09	6.90981556e-09	6.308593747e-09	0.9999999733	
6.803025951e-09	6.68447828e-09	6.909815582e-09	6.308593748e-09	0.9999999733	
6.80302595e-09	6.684477742e-09	6.90981556e-09	6.308593747e-09	0.9999999733	
6.80302595e-09	6.684477742e-09	6.90981556e-09	6.308593747e-09	0.9999999733	
6.803025951e-09	6.68447828e-09	6.909815582e-09	6.308593748e-09	0.9999999733	
6.803025951e-09	6.68447828e-09	6.909815582e-09	6.308593748e-09	0.9999999733	
6.803025951e-09	6.68447828e-09	6.909815582e-09	6.308593748e-09	0.9999999733	
6.803025951e-09	6.68447828e-09	6.909815582e-09	6.308593748e-09	0.9999999733	
6.803372168e-09	7.263996293e-09	6.931967e-09	6.308912711e-09	0.9999999727	
6.803025951e-09	6.68447828e-09	6.909815582e-09	6.308593748e-09	0.9999999733	
6.80302595e-09	6.684477742e-09	6.90981556e-09	6.308593747e-09	0.9999999733	
6.803025951e-09	6.68447828e-09	6.909815582e-09	6.308593748e-09	0.9999999733	
6.80302595e-09	6.684477742e-09	6.90981556e-09	6.308593747e-09	0.9999999733	
6.80302595e-09	6.684477742e-09	6.90981556e-09	6.308593747e-09	0.9999999733	
6.803025951e-09	6.68447828e-09	6.909815582e-09	6.308593748e-09	0.9999999733	
6.803025951e-09	6.68447828e-09	6.909815582e-09	6.308593748e-09	0.9999999733	
6.803025951e-09	6.68447828e-09	6.909815582e-09	6.308593748e-09	0.9999999733	
6.803025951e-09	6.68447828e-09	6.909815582e-09	6.308593748e-09	0.9999999733	
6.803372168e-09	7.263996293e-09	6.931967e-09	6.308912711e-09	0.9999999727	
6.80302595e-09	6.684477742e-09	6.90981556e-09	6.308593747e-09	0.9999999733	
6.803025951e-09	6.68447828e-09	6.909815582e-09	6.308593748e-09	0.9999999733	
6.80302595e-09	6.684477742e-09	6.90981556e-09	6.308593747e-09	0.9999999733	
6.80302595e-09	6.684477742e-09	6.90981556e-09	6.308593747e-09	0.9999999733	
6.803025951e-09	6.68447828e-09	6.909815582e-09	6.308593748e-09	0.9999999733	
6.803025951e-09	6.68447828e-09	6.909815582e-09	6.308593748e-09	0.9999999733	
6.803025951e-09	6.68447828e-09	6.909815582e-09	6.308593748e-09	0.9999999733	
6.803025951e-09	6.68447828e-09	6.909815582e-09	6.308593748e-09	0.9999999733	
6.803372168e-09	7.263996293e-09	6.931967e-09	6.308912711e-09	0.9999999727	
6.80302595e-09	6.684477742e-09	6.90981556e-09	6.308593747e-09	0.9999999733	
6.80302595e-09	6.684477204e-09	6.909815539e-09	6.308593746e-09	0.9999999733	
6.80302595e-09	6.684477204e-09	6.909815539e-09	6.308593746e-09	0.9999999733	
6.80302595e-09	6.684477742e-09	6.90981556e-09	6.308593747e-09	0.9999999733	
6.80302595e-09	6.684477742e-09	6.90981556e-09	6.308593747e-09	0.9999999733	
6.80302595e-09	6.684477742e-09	6.90981556e-09	6.308593747e-09	0.9999999733	
6.80302595e-09	6.684477742e-09	6.90981556e-09	6.308593747e-09	0.9999999733	
6.80302595e-09	6.684477742e-09	6.90981556e-09	6.308593747e-09	0.9999999733	
6.80302595e-09	6.684477742e-09	6.90981556e-09	6.308593747e-09	0.9999999733	
6.803025951e-09	6.68447828e-09	6.909815582e-09	6.308593748e-09	0.9999999733	
6.803025951e-09	6.68447828e-09	6.909815582e-09	6.308593748e-09	0.9999999733	
6.803025951e-09	6.68447828e-09	6.909815582e-09	6.308593748e-09	0.9999999733	
6.803025951e-09	6.68447828e-09	6.909815582e-09	6.308593748e-09	0.9999999733	
6.803372168e-09	7.263996293e-09	6.931967e-09	6.308912711e-09	0.9999999727	
6.80302595e-09	6.684477204e-09	6.909815539e-09	6.308593746e-09	0.9999999733	
6.80302595e-09	6.684477742e-09	6.90981556e-09	6.308593747e-09	0.9999999733	
6.80302595e-09	6.684477742e-09	6.90981556e-09	6.308593747e-09	0.9999999733	
6.80302595e-09	6.684477742e-09	6.90981556e-09	6.308593747e-09	0.9999999733	
6.80302595e-09	6.684477742e-09	6.90981556e-09	6.308593747e-09	0.9999999733	
6.80302595e-09	6.684477742e-09	6.90981556e-09	6.308593747e-09	0.9999999733	
6.80302595e-09	6.684477742e-09	6.90981556e-09	6.308593747e-09	0.9999999733	
6.80302595e-09	6.684477742e-09	6.90981556e-09	6.308593747e-09	0.9999999733	
6.80302595e-09	6.684477742e-09	6.90981556e-09	6.308593747e-09	0.9999999733	
6.803025951e-09	6.68447828e-09	6.909815582e-09	6.308593748e-09	0.9999999733	
6.803025951e-09	6.68447828e-09	6.909815582e-09	6.308593748e-09	0.9999999733	
6.803025951e-09	6.68447828e-09	6.909815582e-09	6.308593748e-09	0.9999999733	
6.803372168e-09	7.263996293e-09	6.931967e-09	6.308912711e-09	0.9999999727	
6.803025951e-09	6.68447828e-09	6.909815582e-09	6.308593748e-09	0.9999999733	
6.803025951e-09	6.68447828e-09	6.909815582e-09	6.308593748e-09	0.9999999733	
6.803372168e-09	7.263996293e-09	6.931967e-09	6.308912711e-09	0.9999999727	
6.803025951e-09	6.68447828e-09	6.909815582e-09	6.308593748e-09	0.9999999733	
6.803372168e-09	7.263996293e-09	6.931967e-09	6.308912711e-09	0.9999999727	
6.803372168e-09	7.263996293e-09	6.931967e-09	6.308912711e-09	0.9999999727	
5.056370517e-09	5.02171458e-09	5.155714321e-09	0.9999999813	3.499686335e-09	
5.07461651e-09	5.021725139e-09	5.155725247e-09	0.9999999812	3.499693447e-09	
5.784750301e-09	5.022113258e-09	5.156124984e-09	0.9999999805	3.499955641e-09	
5.056370517e-09	5.02171458e-09	5.155714321e-09	0.9999999813	3.499686335e-09	
5.07461651e-09	5.021725139e-09	5.155725247e-09	0.9999999812	3.499693447e-09	
7.409172037e-09	7.317426594e-09	3.397857857e-05	0.9999660016	5.099578324e-09	
5.073651909e-09	5.072767249e-09	5.174710994e-09	0.9999999812	3.513659118e-09	
5.056382712e-09	5.021726632e-09	5.177037661e-09	0.9999999812	3.499694468e-09	
5.056383088e-09	5.021727485e-09	5.178467491e-09	0.9999999812	3.499695021e-09	
5.05642371e-09	5.07275705e-09	5.174700594e-09	0.9999999812	3.513652344e-09	
5.0736092e-09	5.021735291e-09	5.17466731e-09	0.9999999812	3.499700283e-09	
5.056370483e-09	5.021714571e-09	5.155714312e-09	0.9999999813	3.499686333e-09	
5.074628094e-09	5.021736493e-09	5.175787917e-09	0.9999999812	3.499701102e-09	
5.05638196e-09	5.021725946e-09	5.175776898e-09	0.9999999812	3.499693993e-09	
5.056382712e-09	5.021726667e-09	5.177037647e-09	0.9999999812	3.499694475e-09	
5.056418246e-09	5.079221663e-09	5.155763126e-09	0.9999999812	3.515400252e-09	
5.075717985e-09	4.968226234e-09	5.156935742e-09	0.9999999813	3.48497209e-09	
5.074559943e-09	4.968213635e-09	5.13569446e-09	0.9999999813	3.484963544e-09	
5.784685817e-09	4.968597618e-09	5.136092645e-09	0.9999999806	3.485224635e-09	
5.074559943e-09	4.968213635e-09	5.13569446e-09	0.9999999813	3.484963544e-09	
5.073595353e-09	5.01871184e-09	5.154606445e-09	0.9999999813	3.498870435e-09	
5.056326348e-09	4.968215112e-09	5.156924072e-09	0.9999999813	3.484964561e-09	
5.056326724e-09	4.968215956e-09	5.158348347e-09	0.9999999813	3.484965112e-09	
5.056367345e-09	5.01870175e-09	5.154596085e-09	0.9999999813	3.498863689e-09	
5.073552644e-09	4.968223679e-09	5.154562931e-09	0.9999999813	3.484970351e-09	
5.056314119e-09	4.968203179e-09	5.135683568e-09	0.9999999814	3.48495646e-09	
5.074571527e-09	4.968224867e-09	5.155679184e-09	0.9999999813	3.484971167e-09	
5.056325596e-09	4.968214433e-09	5.155668207e-09	0.9999999813	3.484964088e-09	
5.056326348e-09	4.968215147e-09	5.156924058e-09	0.9999999813	3.484964568e-09	
5.056361882e-09	5.025097476e-09	5.135732192e-09	0.9999999813	3.50060424e-09	
5.094033794e-09	4.968236681e-09	5.156946671e-09	0.9999999813	3.484979172e-09	
5.075717985e-09	4.968226234e-09	5.156935742e-09	0.9999999813	3.48497209e-09	
5.094033794e-09	4.968236681e-09	5.156946671e-09	0.9999999813	3.484979172e-09	
7.4375221e-09	7.239485618e-09	3.398662804e-05	0.9999659936	5.078137378e-09	
5.093065503e-09	5.01873512e-09	5.175936916e-09	0.9999999812	3.498886125e-09	
5.075730227e-09	4.968238158e-09	5.178264134e-09	0.9999999813	3.484980189e-09	
5.075730604e-09	4.968239001e-09	5.179694303e-09	0.9999999813	3.48498074e-09	
5.075771382e-09	5.01872503e-09	5.175926513e-09	0.9999999812	3.49887938e-09	
5.093022629e-09	4.968246725e-09	5.175893222e-09	0.9999999813	3.484985979e-09	
5.075717951e-09	4.968226225e-09	5.156935734e-09	0.9999999813	3.484972089e-09	
5.094045423e-09	4.968247913e-09	5.177014094e-09	0.9999999813	3.484986795e-09	
3.151921155e-05	7.109479256e-09	7.449855206e-09	0.9999684612	4.986943836e-09	
5.075729472e-09	4.968237478e-09	5.177003072e-09	0.9999999813	3.484979716e-09	
5.075730227e-09	4.968238192e-09	5.17826412e-09	0.9999999813	3.484980196e-09	
5.075765897e-09	5.025120786e-09	5.156984559e-09	0.9999999812	3.500619939e-09	
5.805559948e-09	4.968608066e-09	5.136103529e-09	0.9999999806	3.485231717e-09	
5.074559943e-09	4.968213635e-09	5.13569446e-09	0.9999999813	3.484963544e-09	
5.092871573e-09	4.968224082e-09	5.135705344e-09	0.9999999813	3.484970625e-09	
5.091903502e-09	5.018722394e-09	5.154617369e-09	0.9999999812	3.498877544e-09	
5.074572182e-09	4.96822556e-09	5.156935001e-09	0.9999999813	3.484971643e-09	
5.074572559e-09	4.968226403e-09	5.158359279e-09	0.9999999813	3.484972193e-09	
5.074613327e-09	5.018712304e-09	5.154607009e-09	0.9999999813	3.498870799e-09	
5.091860639e-09	4.968234126e-09	5.154573854e-09	0.9999999813	3.484977433e-09	
5.074559908e-09	4.968213627e-09	5.135694452e-09	0.9999999813	3.484963542e-09	
5.092883199e-09	4.968235315e-09	5.15569011e-09	0.9999999813	3.484978249e-09	
3.151202056e-05	7.109461279e-09	7.419169502e-09	0.9999684685	4.986931642e-09	
5.074571427e-09	4.96822488e-09	5.155679133e-09	0.9999999813	3.484971169e-09	
5.074572182e-09	4.968225594e-09	5.156934987e-09	0.9999999813	3.484971649e-09	
5.074607844e-09	5.025108043e-09	5.135743075e-09	0.9999999813	3.500611354e-09	
5.784685817e-09	4.968597618e-09	5.136092645e-09	0.9999999806	3.485224635e-09	
5.805559948e-09	4.968608066e-09	5.136103529e-09	0.9999999806	3.485231717e-09	
5.804456407e-09	5.01911028e-09	5.15501702e-09	0.9999999805	3.499139678e-09	
5.784699769e-09	4.968609543e-09	5.157334832e-09	0.9999999806	3.485232734e-09	
5.784746672e-09	5.019100189e-09	5.155006659e-09	0.9999999805	3.499132932e-09	
5.804407545e-09	4.96861811e-09	5.154973503e-09	0.9999999806	3.485238525e-09	
5.784685778e-09	4.968597609e-09	5.136092636e-09	0.9999999806	3.485224633e-09	
5.805573201e-09	4.968619299e-09	5.156089845e-09	0.9999999806	3.485239341e-09	
5.784698909e-09	4.968608863e-09	5.156078867e-09	0.9999999806	3.485232261e-09	
5.784699769e-09	4.968609577e-09	5.157334818e-09	0.9999999806	3.485232741e-09	
5.784740421e-09	5.025496423e-09	5.136141264e-09	0.9999999806	3.500873617e-09	
5.074559943e-09	4.968213635e-09	5.13569446e-09	0.9999999813	3.484963544e-09	
5.073595353e-09	5.01871184e-09	5.154606445e-09	0.9999999813	3.498870435e-09	
5.056326348e-09	4.968215112e-09	5.156924072e-09	0.9999999813	3.484964561e-09	
5.056326724e-09	4.968215956e-09	5.158348347e-09	0.9999999813	3.484965112e-09	
5.056367345e-09	5.01870175e-09	5.154596085e-09	0.9999999813	3.498863689e-09	
5.073552644e-09	4.968223679e-09	5.154562931e-09	0.9999999813	3.484970351e-09	
5.056314119e-09	4.968203179e-09	5.135683568e-09	0.9999999814	3.48495646e-09	
5.074571527e-09	4.968224867e-09	5.155679184e-09	0.9999999813	3.484971167e-09	
5.056325596e-09	4.968214433e-09	5.155668207e-09	0.9999999813	3.484964088e-09	
5.056326348e-09	4.968215147e-09	5.156924058e-09	0.9999999813	3.484964568e-09	
5.056361882e-09	5.025097476e-09	5.135732192e-09	0.9999999813	3.50060424e-09	
5.091903502e-09	5.018722394e-09	5.154617369e-09	0.9999999812	3.498877544e-09	
5.074572182e-09	4.96822556e-09	5.156935001e-09	0.9999999813	3.484971643e-09	
5.074572559e-09	4.968226403e-09	5.158359279e-09	0.9999999813	3.484972193e-09	
5.074613327e-09	5.018712304e-09	5.154607009e-09	0.9999999813	3.498870799e-09	
5.091860639e-09	4.968234126e-09	5.154573854e-09	0.9999999813	3.484977433e-09	
5.074559908e-09	4.968213627e-09	5.135694452e-09	0.9999999813	3.484963542e-09	
5.092883199e-09	4.968235315e-09	5.15569011e-09	0.9999999813	3.484978249e-09	
3.151202056e-05	7.109461279e-09	7.419169502e-09	0.9999684685	4.986931642e-09	
5.074571427e-09	4.96822488e-09	5.155679133e-09	0.9999999813	3.484971169e-09	
5.074572182e-09	4.968225594e-09	5.156934987e-09	0.9999999813	3.484971649e-09	
5.074607844e-09	5.025108043e-09	5.135743075e-09	0.9999999813	3.500611354e-09	
7.43441189e-09	7.313051185e-09	3.39712774e-05	0.9999660089	5.09838947e-09	
7.409107257e-09	7.239469413e-09	3.398655113e-05	0.9999659937	5.078126407e-09	
7.409107738e-09	7.239470574e-09	3.399593745e-05	0.9999659843	5.078127162e-09	
7.409167444e-09	7.313036483e-09	3.397120912e-05	0.999966009	5.098379642e-09	
7.43434931e-09	7.239482008e-09	3.397099063e-05	0.9999660093	5.078134923e-09	
7.435842239e-09	7.239483687e-09	3.397834701e-05	0.9999660019	5.078136075e-09	
4.600763707e-05	1.035927486e-08	4.889426946e-05	0.9999050805	7.266493745e-09	
7.409106217e-09	7.239468483e-09	3.397827467e-05	0.999966002	5.078125759e-09	
7.409107258e-09	7.239469463e-09	3.398655104e-05	0.9999659937	5.078126417e-09	
5.07360759e-09	5.018723886e-09	5.175925203e-09	0.9999999812	3.498878566e-09	
5.073607967e-09	5.018724738e-09	5.177354726e-09	0.9999999812	3.498879119e-09	
5.073648727e-09	5.06972379e-09	5.173588638e-09	0.9999999812	3.512833188e-09	
5.09089276e-09	5.01873254e-09	5.173555362e-09	0.9999999812	3.498884379e-09	
5.073595318e-09	5.018711832e-09	5.154606437e-09	0.9999999813	3.498870433e-09	
3.150603083e-05	7.181723721e-09	7.446490335e-09	0.9999684743	5.006832229e-09	
5.073606835e-09	5.0187232e-09	5.174664711e-09	0.9999999812	3.498878091e-09	
5.07360759e-09	5.018723921e-09	5.175925189e-09	0.9999999812	3.498878573e-09	
5.073643245e-09	5.076184538e-09	5.154655239e-09	0.9999999812	3.514580688e-09	
5.056338919e-09	4.96822788e-09	5.179682582e-09	0.9999999813	3.484973211e-09	
5.056379541e-09	5.018713796e-09	5.1759148e-09	0.9999999813	3.498871821e-09	
5.07356488e-09	4.968235603e-09	5.175881509e-09	0.9999999813	3.48497845e-09	
5.056326314e-09	4.968215104e-09	5.156924064e-09	0.9999999813	3.484964559e-09	
5.074583766e-09	4.968236792e-09	5.177002379e-09	0.9999999813	3.484979266e-09	
5.056337791e-09	4.968226357e-09	5.176991357e-09	0.9999999813	3.484972187e-09	
5.056338544e-09	4.968227071e-09	5.178252402e-09	0.9999999813	3.484972667e-09	
5.056379916e-09	5.018714648e-09	5.17734432e-09	0.9999999812	3.498872374e-09	
5.073565257e-09	4.968236447e-09	5.17731102e-09	0.9999999813	3.484979001e-09	
5.056326689e-09	4.968215947e-09	5.158348339e-09	0.9999999813	3.48496511e-09	
5.074584143e-09	4.968237635e-09	5.178432199e-09	0.9999999813	3.484979817e-09	
5.056338167e-09	4.968227201e-09	5.178421174e-09	0.9999999813	3.484972737e-09	
5.056374452e-09	5.02511039e-09	5.158397177e-09	0.9999999813	3.500612929e-09	
5.073606017e-09	5.018722449e-09	5.173544964e-09	0.9999999812	3.498877634e-09	
5.056367311e-09	5.018701741e-09	5.154596076e-09	0.9999999813	3.498863688e-09	
5.074624911e-09	5.01872365e-09	5.174665328e-09	0.9999999812	3.498878453e-09	
5.056378789e-09	5.018713109e-09	5.17465431e-09	0.9999999813	3.498871346e-09	
5.056379541e-09	5.01871383e-09	5.175914786e-09	0.9999999813	3.498871828e-09	
5.056415074e-09	5.076174332e-09	5.154644879e-09	0.9999999812	3.514573913e-09	
5.073552609e-09	4.96822367e-09	5.154562922e-09	0.9999999813	3.484970349e-09	
5.091872262e-09	4.968245358e-09	5.174632044e-09	0.9999999813	3.484985056e-09	
3.150576562e-05	7.109475696e-09	7.446427475e-09	0.9999684747	4.986941414e-09	
5.073564126e-09	4.968234924e-09	5.174621027e-09	0.9999999813	3.484977977e-09	
5.073564881e-09	4.968235638e-09	5.175881495e-09	0.9999999813	3.484978457e-09	
5.073600535e-09	5.025118202e-09	5.154611725e-09	0.9999999812	3.500618192e-09	
5.074571492e-09	4.968224859e-09	5.155679175e-09	0.9999999813	3.484971165e-09	
5.056325562e-09	4.968214424e-09	5.155668199e-09	0.9999999813	3.484964086e-09	
5.056326314e-09	4.968215138e-09	5.15692405e-09	0.9999999813	3.484964566e-09	
5.056361847e-09	5.025097467e-09	5.135732183e-09	0.9999999813	3.500604239e-09	
3.151209249e-05	7.109477352e-09	7.448039999e-09	0.9999684684	4.98694255e-09	
5.074583011e-09	4.968236112e-09	5.175741624e-09	0.9999999813	3.484978793e-09	
5.074583766e-09	4.968236826e-09	5.177002365e-09	0.9999999813	3.484979273e-09	
5.074619428e-09	5.025119404e-09	5.155727989e-09	0.9999999812	3.500619011e-09	
5.056337792e-09	4.968226392e-09	5.176991343e-09	0.9999999813	3.484972193e-09	
5.056373325e-09	5.02510885e-09	5.155717012e-09	0.9999999813	3.5006119e-09	
5.056374077e-09	5.025109572e-09	5.156972874e-09	0.9999999813	3.500612382e-09	
