4.616420481e-09	4.535976364e-09	0.9999999833	4.36537544e-09	3.181770033e-09	
4.616420481e-09	4.535976389e-09	0.9999999833	4.365375463e-09	3.181770037e-09	
4.616420481e-09	4.535976389e-09	0.9999999833	4.365375463e-09	3.181770037e-09	
4.616420481e-09	4.535976364e-09	0.9999999833	4.36537544e-09	3.181770033e-09	
4.61675249e-09	4.968574877e-09	0.9999999828	4.365686943e-09	3.276948135e-09	
4.616420481e-09	4.535976364e-09	0.9999999833	4.36537544e-09	3.181770033e-09	
4.616473899e-09	4.536028666e-09	0.9999999832	4.451558766e-09	3.181805398e-09	
4.616420481e-09	4.535976389e-09	0.9999999833	4.365375463e-09	3.181770037e-09	
4.616473899e-09	4.536028666e-09	0.9999999832	4.451558766e-09	3.181805398e-09	
4.616420481e-09	4.535976364e-09	0.9999999833	4.36537544e-09	3.181770033e-09	
4.616473899e-09	4.536028666e-09	0.9999999832	4.451558766e-09	3.181805398e-09	
4.616420481e-09	4.535976389e-09	0.9999999833	4.365375463e-09	3.181770037e-09	
4.616473899e-09	4.536028666e-09	0.9999999832	4.451558766e-09	3.181805398e-09	
1.498739508e-08	1.464424786e-08	0.9998587179	0.0001412421905	1.027220729e-08	
4.616367063e-09	4.535924088e-09	0.9999999834	4.280860667e-09	3.181734672e-09	
4.616367063e-09	4.535924088e-09	0.9999999834	4.280860667e-09	3.181734672e-09	
4.616367063e-09	4.535924064e-09	0.9999999834	4.280860645e-09	3.181734668e-09	
4.616699068e-09	4.968517588e-09	0.9999999829	4.281166117e-09	3.276911712e-09	
4.616367063e-09	4.535924064e-09	0.9999999834	4.280860645e-09	3.181734668e-09	
4.616420481e-09	4.535976364e-09	0.9999999833	4.36537544e-09	3.181770033e-09	
4.616367063e-09	4.535924088e-09	0.9999999834	4.280860667e-09	3.181734672e-09	
4.616420481e-09	4.535976364e-09	0.9999999833	4.36537544e-09	3.181770033e-09	
4.616367063e-09	4.535924064e-09	0.9999999834	4.280860645e-09	3.181734668e-09	
4.616420481e-09	4.535976364e-09	0.9999999833	4.36537544e-09	3.181770033e-09	
4.616367063e-09	4.535924088e-09	0.9999999834	4.280860667e-09	3.181734672e-09	
4.616420481e-09	4.535976364e-09	0.9999999833	4.36537544e-09	3.181770033e-09	
4.616367063e-09	4.535924113e-09	0.9999999834	4.28086069e-09	3.181734676e-09	
4.616367063e-09	4.535924088e-09	0.9999999834	4.280860667e-09	3.181734672e-09	
4.616699068e-09	4.968517615e-09	0.9999999829	4.28116614e-09	3.276911716e-09	
4.616367063e-09	4.535924088e-09	0.9999999834	4.280860667e-09	3.181734672e-09	
4.616420481e-09	4.535976389e-09	0.9999999833	4.365375463e-09	3.181770037e-09	
4.616367063e-09	4.535924113e-09	0.9999999834	4.28086069e-09	3.181734676e-09	
4.616420481e-09	4.535976389e-09	0.9999999833	4.365375463e-09	3.181770037e-09	
4.616367063e-09	4.535924088e-09	0.9999999834	4.280860667e-09	3.181734672e-09	
4.616420481e-09	4.535976389e-09	0.9999999833	4.365375463e-09	3.181770037e-09	
4.616420481e-09	4.535976389e-09	0.9999999833	4.365375463e-09	3.181770037e-09	
4.616367063e-09	4.535924088e-09	0.9999999834	4.280860667e-09	3.181734672e-09	
4.616699068e-09	4.968517615e-09	0.9999999829	4.28116614e-09	3.276911716e-09	
4.616367063e-09	4.535924088e-09	0.9999999834	4.280860667e-09	3.181734672e-09	
4.616420481e-09	4.535976389e-09	0.9999999833	4.365375463e-09	3.181770037e-09	
4.616420481e-09	4.535976389e-09	0.9999999833	4.365375463e-09	3.181770037e-09	
4.616367063e-09	4.535924088e-09	0.9999999834	4.280860667e-09	3.181734672e-09	
4.616420481e-09	4.535976389e-09	0.9999999833	4.365375463e-09	3.181770037e-09	
4.616367063e-09	4.535924113e-09	0.9999999834	4.28086069e-09	3.181734676e-09	
4.616420481e-09	4.535976389e-09	0.9999999833	4.365375463e-09	3.181770037e-09	
4.616699068e-09	4.968517588e-09	0.9999999829	4.281166117e-09	3.276911712e-09	
4.616367063e-09	4.535924064e-09	0.9999999834	4.280860645e-09	3.181734668e-09	
4.616420481e-09	4.535976364e-09	0.9999999833	4.36537544e-09	3.181770033e-09	
4.616367063e-09	4.535924088e-09	0.9999999834	4.280860667e-09	3.181734672e-09	
4.616420481e-09	4.535976364e-09	0.9999999833	4.36537544e-09	3.181770033e-09	
4.616367063e-09	4.535924064e-09	0.9999999834	4.280860645e-09	3.181734668e-09	
4.616420481e-09	4.535976364e-09	0.9999999833	4.36537544e-09	3.181770033e-09	
4.616367063e-09	4.535924088e-09	0.9999999834	4.280860667e-09	3.181734672e-09	
4.616420481e-09	4.535976364e-09	0.9999999833	4.36537544e-09	3.181770033e-09	
4.616699068e-09	4.968517588e-09	0.9999999829	4.281166117e-09	3.276911712e-09	
4.61675249e-09	4.968574877e-09	0.9999999828	4.365686943e-09	3.276948135e-09	
4.616699068e-09	4.968517615e-09	0.9999999829	4.28116614e-09	3.276911716e-09	
4.61675249e-09	4.968574877e-09	0.9999999828	4.365686943e-09	3.276948135e-09	
4.616699068e-09	4.968517588e-09	0.9999999829	4.281166117e-09	3.276911712e-09	
4.61675249e-09	4.968574877e-09	0.9999999828	4.365686943e-09	3.276948135e-09	
4.616699068e-09	4.968517615e-09	0.9999999829	4.28116614e-09	3.276911716e-09	
4.61675249e-09	4.968574877e-09	0.9999999828	4.365686943e-09	3.276948135e-09	
6.812495881e-08	0.0006666890574	0.9991201986	6.377834261e-08	0.000212980451	
4.616420481e-09	4.535976364e-09	0.9999999833	4.36537544e-09	3.181770033e-09	
4.616367063e-09	4.535924088e-09	0.9999999834	4.280860667e-09	3.181734672e-09	
4.616420481e-09	4.535976364e-09	0.9999999833	4.36537544e-09	3.181770033e-09	
4.616367063e-09	4.535924064e-09	0.9999999834	4.280860645e-09	3.181734668e-09	
4.616420481e-09	4.535976364e-09	0.9999999833	4.36537544e-09	3.181770033e-09	
4.616367063e-09	4.535924088e-09	0.9999999834	4.280860667e-09	3.181734672e-09	
4.616420481e-09	4.535976364e-09	0.9999999833	4.36537544e-09	3.181770033e-09	
4.616420481e-09	4.535976389e-09	0.9999999833	4.365375463e-09	3.181770037e-09	
4.616473899e-09	4.536028666e-09	0.9999999832	4.451558766e-09	3.181805398e-09	
4.616420481e-09	4.535976364e-09	0.9999999833	4.36537544e-09	3.181770033e-09	
4.616473899e-09	4.536028666e-09	0.9999999832	4.451558766e-09	3.181805398e-09	
4.616420481e-09	4.535976389e-09	0.9999999833	4.365375463e-09	3.181770037e-09	
4.616473899e-09	4.536028666e-09	0.9999999832	4.451558766e-09	3.181805398e-09	
1.498739508e-08	1.464424786e-08	0.9998587179	0.0001412421905	1.027220729e-08	
4.616420481e-09	4.535976389e-09	0.9999999833	4.365375463e-09	3.181770037e-09	
4.616367063e-09	4.535924088e-09	0.9999999834	4.280860667e-09	3.181734672e-09	
4.616420481e-09	4.535976389e-09	0.9999999833	4.365375463e-09	3.181770037e-09	
4.616367063e-09	4.535924113e-09	0.9999999834	4.28086069e-09	3.181734676e-09	
4.616420481e-09	4.535976389e-09	0.9999999833	4.365375463e-09	3.181770037e-09	
4.616420481e-09	4.535976364e-09	0.9999999833	4.36537544e-09	3.181770033e-09	
4.616473899e-09	4.536028666e-09	0.9999999832	4.451558766e-09	3.181805398e-09	
4.616420481e-09	4.535976389e-09	0.9999999833	4.365375463e-09	3.181770037e-09	
4.616473899e-09	4.536028666e-09	0.9999999832	4.451558766e-09	3.181805398e-09	
1.498739508e-08	1.464424786e-08	0.9998587179	0.0001412421905	1.027220729e-08	
4.616420481e-09	4.535976364e-09	0.9999999833	4.36537544e-09	3.181770033e-09	
4.616367063e-09	4.535924088e-09	0.9999999834	4.280860667e-09	3.181734672e-09	
4.616420481e-09	4.535976364e-09	0.9999999833	4.36537544e-09	3.181770033e-09	
4.616420481e-09	4.535976389e-09	0.9999999833	4.365375463e-09	3.181770037e-09	
4.616473899e-09	4.536028666e-09	0.9999999832	4.451558766e-09	3.181805398e-09	
1.498739508e-08	1.464424786e-08	0.9998587179	0.0001412421905	1.027220729e-08	
4.616420481e-09	4.535976389e-09	0.9999999833	4.365375463e-09	3.181770037e-09	
1.498739508e-08	1.464424786e-08	0.9998587179	0.0001412421905	1.027220729e-08	
2.681035652e-08	0.0006348457544	2.737643103e-08	2.566368108e-08	0.9993650744	
8.214351344e-09	0.9140627399	8.372450416e-09	7.699174564e-09	0.08593723584	
8.227334125e-09	0.9134284603	8.385703612e-09	7.711343115e-09	0.08657151535	
1.339123666e-08	0.880916938	1.365758594e-08	6.060645127e-05	0.1190224285	
2.681035652e-08	0.0006348458187	2.737643103e-08	2.566368108e-08	0.9993650743	
8.586817445e-09	0.8958677084	8.748822815e-09	8.125285053e-09	0.1041322661	
9.713253418e-09	0.9348097955	7.937671919e-09	7.302090354e-09	0.0651901795	
9.250952526e-09	0.8959338558	9.306250135e-06	8.753753698e-09	0.1040568199	
8.249872952e-09	0.9123301971	8.408712186e-09	7.826115263e-09	0.08766977838	
8.052302387e-09	0.9219821009	8.205674889e-09	7.628736857e-09	0.07801787525	
8.39128175e-09	0.9054187325	8.554859824e-09	7.865008026e-09	0.09458124272	
2.425122961e-08	0.0005535185683	2.476832033e-08	2.296724794e-08	0.9994464094	
2.411170448e-08	0.0005490842865	2.462588053e-08	2.283510999e-08	0.9994508441	
2.854632318e-08	0.0003851768284	2.917339132e-08	0.0001305427182	0.9994842227	
6.810213946e-09	3.307669657e-08	6.968165855e-09	6.586905297e-09	0.9999999466	
2.092351954e-08	0.0004477566976	2.136169021e-08	2.000531611e-08	0.999552181	
3.779555364e-08	0.0007460964018	3.094942743e-08	2.870962353e-08	0.9992538061	
2.255764246e-08	0.0004481040858	2.273869102e-05	2.156780173e-08	0.9995291131	
2.38750571e-08	0.0005415579149	2.438429079e-08	2.288483058e-08	0.9994583709	
2.618430972e-08	0.0006149492029	2.673737964e-08	2.506559348e-08	0.9993849728	
2.251071012e-08	0.0004982026882	2.299626328e-08	2.131887903e-08	0.9995017305	
1.778038459e-08	0.0003478648168	1.815922073e-08	1.70386645e-08	0.9996520822	
8.42817587e-09	0.9019486102	8.592163133e-09	7.815617858e-09	0.09805136494	
2.425122961e-08	0.0005535186244	2.476832033e-08	2.296724794e-08	0.9994464094	
8.774066545e-09	0.882359116	8.941427641e-09	8.2142163e-09	0.1176408581	
9.981350808e-09	0.9259353292	8.158424448e-09	7.423874772e-09	0.07406464523	
9.452784149e-09	0.8824336022	9.511227319e-06	8.849657163e-09	0.1175568683	
8.259127193e-09	0.9115266469	8.418155355e-09	7.741507671e-09	0.08847332868	
8.586141755e-09	0.8930011674	8.755303391e-09	7.962102346e-09	0.1069988073	
9.283331091e-09	0.8535133075	9.463787189e-09	8.710694301e-09	0.146486665	
2.411170448e-08	0.0005490843421	2.462588053e-08	2.283510999e-08	0.9994508441	
8.785684861e-09	0.8815211706	8.9532895e-09	8.225093288e-09	0.1184788034	
9.998084817e-09	0.9253815246	8.172122287e-09	7.436321108e-09	0.0746184498	
9.465307412e-09	0.8815961647	9.523851336e-06	8.861381397e-09	0.1183942931	
8.462361076e-09	0.8999985592	8.627071438e-09	7.942356313e-09	0.1000014158	
8.598249892e-09	0.892229766	8.767671554e-09	7.973330473e-09	0.1077702087	
9.293459683e-09	0.8525042419	9.474135872e-09	8.720198124e-09	0.1474957306	
2.854632319e-08	0.0003851768674	2.917339133e-08	0.0001305427182	0.9994842227	
1.411512912e-08	0.8391524215	1.439344474e-08	6.380832496e-05	0.1607837417	
1.520736514e-08	0.8392431666	1.531104177e-05	6.874608285e-05	0.1606727611	
1.369824719e-08	0.8632053677	1.39736456e-08	6.207976884e-05	0.1367325248	
1.344985783e-08	0.8775350101	1.371748275e-08	6.087463437e-05	0.1224040881	
1.475738358e-08	0.8020978764	1.505374097e-08	6.686295658e-05	0.1978352308	
1.529054552e-08	9.379566671e-05	1.562963039e-08	0.9998693404	3.6833052e-05	
1.534263469e-08	9.373958756e-05	1.562627286e-08	0.999869405	3.68244673e-05	
1.529053692e-08	9.373939912e-05	1.562624145e-08	0.9998694053	3.682439632e-05	
1.529051829e-08	9.385884566e-05	1.556905311e-08	0.9998692676	3.684270997e-05	
2.092351954e-08	0.000447756743	2.136169021e-08	2.000531611e-08	0.999552181	
3.779555364e-08	0.0007460964773	3.094942743e-08	2.870962353e-08	0.9992538061	
2.255764246e-08	0.0004481041312	2.273869102e-05	2.156780173e-08	0.9995291131	
2.38750571e-08	0.0005415579698	2.438429079e-08	2.288483058e-08	0.9994583709	
2.618430972e-08	0.0006149492652	2.673737964e-08	2.506559348e-08	0.9993849727	
2.251071012e-08	0.0004982027386	2.299626328e-08	2.131887903e-08	0.9995017304	
1.778038459e-08	0.000347864852	1.815922073e-08	1.70386645e-08	0.9996520822	
1.046271156e-08	0.9100065309	8.548684919e-09	7.856354186e-09	0.08999344219	
9.809553072e-09	0.8585793494	9.866522783e-06	9.271530055e-09	0.141410765	
8.805851016e-09	0.8800712713	8.97387867e-09	8.343814335e-09	0.1199287026	
8.628554857e-09	0.8928576014	8.791417963e-09	8.165164572e-09	0.107142373	
8.931891854e-09	0.870976324	9.104470293e-09	8.361970701e-09	0.1290236496	
9.570047587e-09	0.8249535114	9.752440395e-09	9.065640937e-09	0.1750464602	
2.091832953e-08	0.0002187874298	2.134514478e-08	1.958359506e-08	0.9997811507	
1.127181014e-08	0.9100636431	9.093259832e-06	8.46392802e-09	0.0899272439	
1.002713924e-08	0.9244223536	8.195905447e-09	7.548253043e-09	0.07557762062	
9.772745748e-09	0.9328409836	7.98635291e-09	7.34716148e-09	0.06715899126	
1.020967969e-08	0.9183788912	8.3470762e-09	7.593699543e-09	0.08162108262	
1.115569826e-08	0.8870723027	9.118155624e-09	8.39570717e-09	0.1129276686	
0.001418628791	0.998384899	8.587795737e-08	7.835417208e-08	0.000196308013	
9.487044308e-09	0.8801471416	9.545763424e-06	8.989296839e-09	0.1198432942	
9.295939976e-09	0.8929256319	9.351581264e-06	8.79673853e-09	0.1070649984	
9.622903811e-09	0.8710576142	9.684746329e-06	9.008921957e-09	0.1289326824	
1.031080194e-08	0.8250602535	1.037438904e-05	9.767386107e-09	0.1749293521	
2.255205163e-08	0.000218957218	2.272108361e-05	2.111314702e-08	0.999758278	
8.294378472e-09	0.9097480234	8.454142185e-09	7.868706195e-09	0.09025195194	
9.311040641e-09	0.850759362	9.492099143e-09	8.84250354e-09	0.1492406103	
8.434668119e-09	0.9026547131	8.599160709e-09	7.90604656e-09	0.09734526201	
9.156086178e-09	0.8661956759	9.332240415e-09	8.684013133e-09	0.133804297	
1.777506583e-08	0.0001699685572	1.814422848e-08	1.667862945e-08	0.9998299788	
0.9999999829	4.614278977e-09	4.762501093e-09	4.447349739e-09	3.231723137e-09	
0.9999946493	5.337218043e-06	5.160507412e-09	4.71888694e-09	3.605503544e-09	
0.999999983	4.614484616e-09	4.762441691e-09	4.35461717e-09	3.231684516e-09	
0.999999983	4.614484616e-09	4.762441691e-09	4.35461717e-09	3.231684516e-09	
0.999999983	4.614791741e-09	4.762442056e-09	4.354890877e-09	3.231684758e-09	
0.999999983	4.614791741e-09	4.762442056e-09	4.354890877e-09	3.231684758e-09	
0.9999999829	4.614544568e-09	4.762503876e-09	4.451487026e-09	3.231724952e-09	
0.999999983	4.614791741e-09	4.762442056e-09	4.354890877e-09	3.231684758e-09	
0.999999983	4.610805551e-09	4.762439624e-09	4.354888675e-09	3.23168312e-09	
0.9999949464	5.00065211e-09	5.160648607e-09	5.039932905e-06	3.50188693e-09	
0.999999983	4.614484616e-09	4.762441691e-09	4.35461717e-09	3.231684516e-09	
0.999999983	4.614791741e-09	4.762442056e-09	4.354890877e-09	3.231684758e-09	
0.9999999829	4.614278977e-09	4.762501093e-09	4.447349739e-09	3.231723137e-09	
0.9999946494	5.336980197e-06	5.16057178e-09	4.819376719e-09	3.605546633e-09	
0.9999999829	4.614278977e-09	4.762501093e-09	4.447349739e-09	3.231723137e-09	
0.9999999829	4.614278977e-09	4.762501093e-09	4.447349739e-09	3.231723137e-09	
0.9999999829	4.614586088e-09	4.762501458e-09	4.447629276e-09	3.231723379e-09	
0.9999999829	4.614586088e-09	4.762501458e-09	4.447629276e-09	3.231723379e-09	
0.9999999828	4.614338926e-09	4.762563279e-09	4.546282462e-09	3.231763574e-09	
0.9999999829	4.614586088e-09	4.762501458e-09	4.447629276e-09	3.231723379e-09	
0.9999999829	4.610600075e-09	4.762499026e-09	4.447627027e-09	3.231721741e-09	
0.9999948391	5.000428725e-09	5.160712423e-09	5.147258878e-06	3.501928405e-09	
0.9999999829	4.614278977e-09	4.762501093e-09	4.447349739e-09	3.231723137e-09	
0.9999999829	4.614586088e-09	4.762501458e-09	4.447629276e-09	3.231723379e-09	
0.9999999828	4.614073347e-09	4.762560496e-09	4.54205707e-09	3.231761759e-09	
0.9998473585	1.55137637e-08	1.617760828e-08	0.0001525989066	1.087407529e-08	
0.9999946493	5.337218043e-06	5.160507412e-09	4.71888694e-09	3.605503544e-09	
0.9999946493	5.337218043e-06	5.160507412e-09	4.71888694e-09	3.605503544e-09	
0.9999946489	5.337573268e-06	5.160507806e-09	4.719183542e-09	3.605503812e-09	
0.9999946489	5.337573268e-06	5.160507806e-09	4.719183542e-09	3.605503812e-09	
0.9999946491	5.337287385e-06	5.160574794e-09	4.823860094e-09	3.605548657e-09	
0.9999946489	5.337573268e-06	5.160507806e-09	4.719183542e-09	3.605503812e-09	
0.9999887451	5.783863146e-06	5.591993354e-09	5.46152555e-06	3.906957724e-09	
0.9999946493	5.337218043e-06	5.160507412e-09	4.71888694e-09	3.605503544e-09	
0.9999946489	5.337573268e-06	5.160507806e-09	4.719183542e-09	3.605503812e-09	
0.9999946494	5.336980197e-06	5.16057178e-09	4.819376719e-09	3.605546633e-09	
0.999999983	4.614484616e-09	4.762441691e-09	4.35461717e-09	3.231684516e-09	
0.999999983	4.614791741e-09	4.762442056e-09	4.354890877e-09	3.231684758e-09	
0.999999983	4.614791741e-09	4.762442056e-09	4.354890877e-09	3.231684758e-09	
0.9999999829	4.614544568e-09	4.762503876e-09	4.451487026e-09	3.231724952e-09	
0.999999983	4.614791741e-09	4.762442056e-09	4.354890877e-09	3.231684758e-09	
0.999999983	4.610805551e-09	4.762439624e-09	4.354888675e-09	3.23168312e-09	
0.9999949464	5.00065211e-09	5.160648607e-09	5.039932905e-06	3.50188693e-09	
0.999999983	4.614484616e-09	4.762441691e-09	4.35461717e-09	3.231684516e-09	
0.999999983	4.614791741e-09	4.762442056e-09	4.354890877e-09	3.231684758e-09	
0.9999999829	4.614278977e-09	4.762501093e-09	4.447349739e-09	3.231723137e-09	
0.999999983	4.614791741e-09	4.762442056e-09	4.354890877e-09	3.231684758e-09	
0.999999983	4.614791741e-09	4.762442056e-09	4.354890877e-09	3.231684758e-09	
0.9999999829	4.614544568e-09	4.762503876e-09	4.451487026e-09	3.231724952e-09	
0.999999983	4.614791741e-09	4.762442056e-09	4.354890877e-09	3.231684758e-09	
0.999999983	4.610805551e-09	4.762439624e-09	4.354888675e-09	3.23168312e-09	
0.9999949464	5.00065211e-09	5.160648607e-09	5.039932905e-06	3.50188693e-09	
0.999999983	4.614484616e-09	4.762441691e-09	4.35461717e-09	3.231684516e-09	
0.999999983	4.614791741e-09	4.762442056e-09	4.354890877e-09	3.231684758e-09	
0.9999999829	4.614278977e-09	4.762501093e-09	4.447349739e-09	3.231723137e-09	
0.999999983	4.615098885e-09	4.762442422e-09	4.355164602e-09	3.231685e-09	
0.9999999829	4.614851697e-09	4.762504241e-09	4.451766823e-09	3.231725194e-09	
0.999999983	4.615098885e-09	4.762442422e-09	4.355164602e-09	3.231685e-09	
0.999999983	4.61111243e-09	4.762439989e-09	4.3551624e-09	3.231683362e-09	
0.9999949461	5.000984935e-09	5.160649002e-09	5.040249687e-06	3.501887191e-09	
0.999999983	4.614791741e-09	4.762442056e-09	4.354890877e-09	3.231684758e-09	
0.9999999829	4.614586088e-09	4.762501458e-09	4.447629276e-09	3.231723379e-09	
0.9999999829	4.614851697e-09	4.762504241e-09	4.451766823e-09	3.231725194e-09	
0.999999983	4.61111243e-09	4.762439989e-09	4.3551624e-09	3.231683362e-09	
0.9999949461	5.000984935e-09	5.160649002e-09	5.040249687e-06	3.501887191e-09	
0.999999983	4.614791741e-09	4.762442056e-09	4.354890877e-09	3.231684758e-09	
0.999999983	4.615098885e-09	4.762442422e-09	4.355164602e-09	3.231685e-09	
0.9999999829	4.614586088e-09	4.762501458e-09	4.447629276e-09	3.231723379e-09	
0.9999999829	4.614851697e-09	4.762504241e-09	4.451766823e-09	3.231725194e-09	
0.9999999829	4.610865455e-09	4.762501809e-09	4.451764572e-09	3.231723556e-09	
0.9999999829	4.614544568e-09	4.762503876e-09	4.451487026e-09	3.231724952e-09	
0.9999999829	4.614851697e-09	4.762504241e-09	4.451766823e-09	3.231725194e-09	
0.9999999828	4.614338926e-09	4.762563279e-09	4.546282462e-09	3.231763574e-09	
0.9998472166	1.551465444e-08	1.617761543e-08	0.0001527408448	1.087407985e-08	
0.999999983	4.61111243e-09	4.762439989e-09	4.3551624e-09	3.231683362e-09	
0.9999949461	5.000984935e-09	5.160649002e-09	5.040249687e-06	3.501887191e-09	
0.999999983	4.614791741e-09	4.762442056e-09	4.354890877e-09	3.231684758e-09	
0.999999983	4.615098885e-09	4.762442422e-09	4.355164602e-09	3.231685e-09	
0.9999999829	4.614586088e-09	4.762501458e-09	4.447629276e-09	3.231723379e-09	
0.9999949461	4.996665156e-09	5.160646366e-09	5.040247138e-06	3.501885416e-09	
0.999999983	4.610805551e-09	4.762439624e-09	4.354888675e-09	3.23168312e-09	
0.999999983	4.61111243e-09	4.762439989e-09	4.3551624e-09	3.231683362e-09	
0.9999999829	4.610600075e-09	4.762499026e-09	4.447627027e-09	3.231721741e-09	
0.9999949464	5.00065211e-09	5.160648607e-09	5.039932905e-06	3.50188693e-09	
0.9999949461	5.000984935e-09	5.160649002e-09	5.040249687e-06	3.501887191e-09	
0.9999948391	5.000428725e-09	5.160712423e-09	5.147258878e-06	3.501928405e-09	
0.001064016535	6.787143177e-08	7.009886554e-08	0.9989357979	4.756719563e-08	
0.999999983	4.614791741e-09	4.762442056e-09	4.354890877e-09	3.231684758e-09	
0.9999999829	4.614278977e-09	4.762501093e-09	4.447349739e-09	3.231723137e-09	
0.9999999829	4.614586088e-09	4.762501458e-09	4.447629276e-09	3.231723379e-09	
0.9998473585	1.55137637e-08	1.617760828e-08	0.0001525989066	1.087407529e-08	
6.803026139e-09	6.684478499e-09	6.909815773e-09	6.308593922e-09	0.9999999733	
6.803026139e-09	6.684478499e-09	6.909815773e-09	6.308593922e-09	0.9999999733	
6.803026139e-09	6.684478499e-09	6.909815773e-09	6.308593922e-09	0.9999999733	
6.803026139e-09	6.684478499e-09	6.909815773e-09	6.308593922e-09	0.9999999733	
6.803026139e-09	6.684478499e-09	6.909815773e-09	6.308593922e-09	0.9999999733	
6.803026138e-09	6.684477961e-09	6.909815751e-09	6.308593921e-09	0.9999999733	
6.803026139e-09	6.684478499e-09	6.909815773e-09	6.308593922e-09	0.9999999733	
6.803026138e-09	6.684477961e-09	6.909815751e-09	6.308593921e-09	0.9999999733	
6.803026138e-09	6.684477961e-09	6.909815751e-09	6.308593921e-09	0.9999999733	
6.803026139e-09	6.684478499e-09	6.909815773e-09	6.308593922e-09	0.9999999733	
6.803026139e-09	6.684478499e-09	6.909815773e-09	6.308593922e-09	0.9999999733	
6.803026139e-09	6.684478499e-09	6.909815773e-09	6.308593922e-09	0.9999999733	
6.803026139e-09	6.684478499e-09	6.909815773e-09	6.308593922e-09	0.9999999733	
6.803372356e-09	7.263996323e-09	6.931967187e-09	6.308912886e-09	0.9999999727	
6.803026139e-09	6.684478499e-09	6.909815773e-09	6.308593922e-09	0.9999999733	
6.803026139e-09	6.684478499e-09	6.909815773e-09	6.308593922e-09	0.9999999733	
6.803026139e-09	6.684478499e-09	6.909815773e-09	6.308593922e-09	0.9999999733	
6.803026139e-09	6.684478499e-09	6.909815773e-09	6.308593922e-09	0.9999999733	
6.803026138e-09	6.684477961e-09	6.909815751e-09	6.308593921e-09	0.9999999733	
6.803026139e-09	6.684478499e-09	6.909815773e-09	6.308593922e-09	0.9999999733	
6.803026138e-09	6.684477961e-09	6.909815751e-09	6.308593921e-09	0.9999999733	
6.803026138e-09	6.684477961e-09	6.909815751e-09	6.308593921e-09	0.9999999733	
6.803026139e-09	6.684478499e-09	6.909815773e-09	6.308593922e-09	0.9999999733	
6.803026139e-09	6.684478499e-09	6.909815773e-09	6.308593922e-09	0.9999999733	
6.803026139e-09	6.684478499e-09	6.909815773e-09	6.308593922e-09	0.9999999733	
6.803026139e-09	6.684478499e-09	6.909815773e-09	6.308593922e-09	0.9999999733	
6.803372356e-09	7.263996323e-09	6.931967187e-09	6.308912886e-09	0.9999999727	
6.803026139e-09	6.684478499e-09	6.909815773e-09	6.308593922e-09	0.9999999733	
6.803026139e-09	6.684478499e-09	6.909815773e-09	6.308593922e-09	0.9999999733	
6.803026139e-09	6.684478499e-09	6.909815773e-09	6.308593922e-09	0.9999999733	
6.803026138e-09	6.684477961e-09	6.909815751e-09	6.308593921e-09	0.9999999733	
6.803026139e-09	6.684478499e-09	6.909815773e-09	6.308593922e-09	0.9999999733	
6.803026138e-09	6.684477961e-09	6.909815751e-09	6.308593921e-09	0.9999999733	
6.803026138e-09	6.684477961e-09	6.909815751e-09	6.308593921e-09	0.9999999733	
6.803026139e-09	6.684478499e-09	6.909815773e-09	6.308593922e-09	0.9999999733	
6.803026139e-09	6.684478499e-09	6.909815773e-09	6.308593922e-09	0.9999999733	
6.803026139e-09	6.684478499e-09	6.909815773e-09	6.308593922e-09	0.9999999733	
6.803026139e-09	6.684478499e-09	6.909815773e-09	6.308593922e-09	0.9999999733	
6.803372356e-09	7.263996323e-09	6.931967187e-09	6.308912886e-09	0.9999999727	
6.803026139e-09	6.684478499e-09	6.909815773e-09	6.308593922e-09	0.9999999733	
6.803026139e-09	6.684478499e-09	6.909815773e-09	6.308593922e-09	0.9999999733	
6.803026138e-09	6.684477961e-09	6.909815751e-09	6.308593921e-09	0.9999999733	
6.803026139e-09	6.684478499e-09	6.909815773e-09	6.308593922e-09	0.9999999733	
6.803026138e-09	6.684477961e-09	6.909815751e-09	6.308593921e-09	0.9999999733	
6.803026138e-09	6.684477961e-09	6.909815751e-09	6.308593921e-09	0.9999999733	
6.803026139e-09	6.684478499e-09	6.909815773e-09	6.308593922e-09	0.9999999733	
6.803026139e-09	6.684478499e-09	6.909815773e-09	6.308593922e-09	0.9999999733	
6.803026139e-09	6.684478499e-09	6.909815773e-09	6.308593922e-09	0.9999999733	
6.803026139e-09	6.684478499e-09	6.909815773e-09	6.308593922e-09	0.9999999733	
6.803372356e-09	7.263996323e-09	6.931967187e-09	6.308912886e-09	0.9999999727	
6.803026139e-09	6.684478499e-09	6.909815773e-09	6.308593922e-09	0.9999999733	
6.803026138e-09	6.684477961e-09	6.909815751e-09	6.308593921e-09	0.9999999733	
6.803026139e-09	6.684478499e-09	6.909815773e-09	6.308593922e-09	0.9999999733	
6.803026138e-09	6.684477961e-09	6.909815751e-09	6.308593921e-09	0.9999999733	
6.803026138e-09	6.684477961e-09	6.909815751e-09	6.308593921e-09	0.9999999733	
6.803026139e-09	6.684478499e-09	6.909815773e-09	6.308593922e-09	0.9999999733	
6.803026139e-09	6.684478499e-09	6.909815773e-09	6.308593922e-09	0.9999999733	
6.803026139e-09	6.684478499e-09	6.909815773e-09	6.308593922e-09	0.9999999733	
6.803026139e-09	6.684478499e-09	6.909815773e-09	6.308593922e-09	0.9999999733	
6.803372356e-09	7.263996323e-09	6.931967187e-09	6.308912886e-09	0.9999999727	
6.803026138e-09	6.684477961e-09	6.909815751e-09	6.308593921e-09	0.9999999733	
6.803026139e-09	6.684478499e-09	6.909815773e-09	6.308593922e-09	0.9999999733	
6.803026138e-09	6.684477961e-09	6.909815751e-09	6.308593921e-09	0.9999999733	
6.803026138e-09	6.684477961e-09	6.909815751e-09	6.308593921e-09	0.9999999733	
6.803026139e-09	6.684478499e-09	6.909815773e-09	6.308593922e-09	0.9999999733	
6.803026139e-09	6.684478499e-09	6.909815773e-09	6.308593922e-09	0.9999999733	
6.803026139e-09	6.684478499e-09	6.909815773e-09	6.308593922e-09	0.9999999733	
6.803026139e-09	6.684478499e-09	6.909815773e-09	6.308593922e-09	0.9999999733	
6.803372356e-09	7.263996323e-09	6.931967187e-09	6.308912886e-09	0.9999999727	
6.803026138e-09	6.684477961e-09	6.909815751e-09	6.308593921e-09	0.9999999733	
6.803026138e-09	6.684477423e-09	6.90981573e-09	6.308593921e-09	0.9999999733	
6.803026138e-09	6.684477423e-09	6.90981573e-09	6.308593921e-09	0.9999999733	
6.803026138e-09	6.684477961e-09	6.909815751e-09	6.308593921e-09	0.9999999733	
6.803026138e-09	6.684477961e-09	6.909815751e-09	6.308593921e-09	0.9999999733	
6.803026138e-09	6.684477961e-09	6.909815751e-09	6.308593921e-09	0.9999999733	
6.803026138e-09	6.684477961e-09	6.909815751e-09	6.308593921e-09	0.9999999733	
6.803026138e-09	6.684477961e-09	6.909815751e-09	6.308593921e-09	0.9999999733	
6.803026138e-09	6.684477961e-09	6.909815751e-09	6.308593921e-09	0.9999999733	
6.803026139e-09	6.684478499e-09	6.909815773e-09	6.308593922e-09	0.9999999733	
6.803026139e-09	6.684478499e-09	6.909815773e-09	6.308593922e-09	0.9999999733	
6.803026139e-09	6.684478499e-09	6.909815773e-09	6.308593922e-09	0.9999999733	
6.803026139e-09	6.684478499e-09	6.909815773e-09	6.308593922e-09	0.9999999733	
6.803372356e-09	7.263996323e-09	6.931967187e-09	6.308912886e-09	0.9999999727	
6.803026138e-09	6.684477423e-09	6.90981573e-09	6.308593921e-09	0.9999999733	
6.803026138e-09	6.684477961e-09	6.909815751e-09	6.308593921e-09	0.9999999733	
6.803026138e-09	6.684477961e-09	6.909815751e-09	6.308593921e-09	0.9999999733	
6.803026138e-09	6.684477961e-09	6.909815751e-09	6.308593921e-09	0.9999999733	
6.803026138e-09	6.684477961e-09	6.909815751e-09	6.308593921e-09	0.9999999733	
6.803026138e-09	6.684477961e-09	6.909815751e-09	6.308593921e-09	0.9999999733	
6.803026138e-09	6.684477961e-09	6.909815751e-09	6.308593921e-09	0.9999999733	
6.803026138e-09	6.684477961e-09	6.909815751e-09	6.308593921e-09	0.9999999733	
6.803026138e-09	6.684477961e-09	6.909815751e-09	6.308593921e-09	0.9999999733	
6.803026139e-09	6.684478499e-09	6.909815773e-09	6.308593922e-09	0.9999999733	
6.803026139e-09	6.684478499e-09	6.909815773e-09	6.308593922e-09	0.9999999733	
6.803026139e-09	6.684478499e-09	6.909815773e-09	6.308593922e-09	0.9999999733	
6.803372356e-09	7.263996323e-09	6.931967187e-09	6.308912886e-09	0.9999999727	
6.803026139e-09	6.684478499e-09	6.909815773e-09	6.308593922e-09	0.9999999733	
6.803026139e-09	6.684478499e-09	6.909815773e-09	6.308593922e-09	0.9999999733	
6.803372356e-09	7.263996323e-09	6.931967187e-09	6.308912886e-09	0.9999999727	
6.803026139e-09	6.684478499e-09	6.909815773e-09	6.308593922e-09	0.9999999733	
6.803372356e-09	7.263996323e-09	6.931967187e-09	6.308912886e-09	0.9999999727	
6.803372356e-09	7.263996323e-09	6.931967187e-09	6.308912886e-09	0.9999999727	
5.056370517e-09	5.021714597e-09	5.155714321e-09	0.9999999813	3.499686242e-09	
5.07461651e-09	5.021725157e-09	5.155725247e-09	0.9999999812	3.499693353e-09	
5.784750301e-09	5.022113275e-09	5.156124984e-09	0.9999999805	3.499955548e-09	
5.056370517e-09	5.021714597e-09	5.155714321e-09	0.9999999813	3.499686242e-09	
5.07461651e-09	5.021725157e-09	5.155725247e-09	0.9999999812	3.499693353e-09	
7.409172037e-09	7.31742662e-09	3.397857857e-05	0.9999660016	5.099578189e-09	
5.073651909e-09	5.07276726e-09	5.174710994e-09	0.9999999812	3.513659028e-09	
5.056382712e-09	5.02172665e-09	5.177037661e-09	0.9999999812	3.499694375e-09	
5.056383088e-09	5.021727503e-09	5.178467491e-09	0.9999999812	3.499694928e-09	
5.05642371e-09	5.072757061e-09	5.174700594e-09	0.9999999812	3.513652254e-09	
5.0736092e-09	5.021735309e-09	5.17466731e-09	0.9999999812	3.49970019e-09	
5.056370483e-09	5.021714589e-09	5.155714312e-09	0.9999999813	3.49968624e-09	
5.074628094e-09	5.021736511e-09	5.175787917e-09	0.9999999812	3.499701009e-09	
5.05638196e-09	5.021725963e-09	5.175776898e-09	0.9999999812	3.4996939e-09	
5.056382712e-09	5.021726685e-09	5.177037647e-09	0.9999999812	3.499694382e-09	
5.056418246e-09	5.079221673e-09	5.155763126e-09	0.9999999812	3.515400162e-09	
5.075717985e-09	4.968226259e-09	5.156935742e-09	0.9999999813	3.484971994e-09	
5.074559943e-09	4.968213661e-09	5.13569446e-09	0.9999999813	3.484963447e-09	
5.784685817e-09	4.968597643e-09	5.136092645e-09	0.9999999806	3.485224538e-09	
5.074559943e-09	4.968213661e-09	5.13569446e-09	0.9999999813	3.484963447e-09	
5.073595353e-09	5.018711859e-09	5.154606445e-09	0.9999999813	3.498870341e-09	
5.056326348e-09	4.968215138e-09	5.156924072e-09	0.9999999813	3.484964465e-09	
5.056326724e-09	4.968215981e-09	5.158348347e-09	0.9999999813	3.484965015e-09	
5.056367345e-09	5.018701768e-09	5.154596085e-09	0.9999999813	3.498863596e-09	
5.073552644e-09	4.968223704e-09	5.154562931e-09	0.9999999813	3.484970255e-09	
5.056314119e-09	4.968203205e-09	5.135683568e-09	0.9999999814	3.484956364e-09	
5.074571527e-09	4.968224893e-09	5.155679184e-09	0.9999999813	3.48497107e-09	
5.056325596e-09	4.968214458e-09	5.155668207e-09	0.9999999813	3.484963991e-09	
5.056326348e-09	4.968215172e-09	5.156924058e-09	0.9999999813	3.484964471e-09	
5.056361882e-09	5.025097493e-09	5.135732192e-09	0.9999999813	3.500604147e-09	
5.094033794e-09	4.968236706e-09	5.156946671e-09	0.9999999813	3.484979076e-09	
5.075717985e-09	4.968226259e-09	5.156935742e-09	0.9999999813	3.484971994e-09	
5.094033794e-09	4.968236706e-09	5.156946671e-09	0.9999999813	3.484979076e-09	
7.4375221e-09	7.239485655e-09	3.398662804e-05	0.9999659936	5.078137238e-09	
5.093065503e-09	5.018735139e-09	5.175936916e-09	0.9999999812	3.498886032e-09	
5.075730227e-09	4.968238184e-09	5.178264134e-09	0.9999999813	3.484980093e-09	
5.075730604e-09	4.968239027e-09	5.179694303e-09	0.9999999813	3.484980644e-09	
5.075771382e-09	5.018725048e-09	5.175926513e-09	0.9999999812	3.498879287e-09	
5.093022629e-09	4.96824675e-09	5.175893222e-09	0.9999999813	3.484985883e-09	
5.075717951e-09	4.96822625e-09	5.156935734e-09	0.9999999813	3.484971992e-09	
5.094045423e-09	4.968247939e-09	5.177014094e-09	0.9999999813	3.484986699e-09	
3.151921155e-05	7.109479293e-09	7.449855206e-09	0.9999684612	4.986943698e-09	
5.075729472e-09	4.968237504e-09	5.177003072e-09	0.9999999813	3.48497962e-09	
5.075730227e-09	4.968238218e-09	5.17826412e-09	0.9999999813	3.4849801e-09	
5.075765897e-09	5.025120803e-09	5.156984559e-09	0.9999999812	3.500619846e-09	
5.805559948e-09	4.968608091e-09	5.136103529e-09	0.9999999806	3.48523162e-09	
5.074559943e-09	4.968213661e-09	5.13569446e-09	0.9999999813	3.484963447e-09	
5.092871573e-09	4.968224108e-09	5.135705344e-09	0.9999999813	3.484970529e-09	
5.091903502e-09	5.018722412e-09	5.154617369e-09	0.9999999812	3.498877451e-09	
5.074572182e-09	4.968225585e-09	5.156935001e-09	0.9999999813	3.484971546e-09	
5.074572559e-09	4.968226428e-09	5.158359279e-09	0.9999999813	3.484972097e-09	
5.074613327e-09	5.018712322e-09	5.154607009e-09	0.9999999813	3.498870706e-09	
5.091860639e-09	4.968234152e-09	5.154573854e-09	0.9999999813	3.484977336e-09	
5.074559908e-09	4.968213652e-09	5.135694452e-09	0.9999999813	3.484963445e-09	
5.092883199e-09	4.96823534e-09	5.15569011e-09	0.9999999813	3.484978152e-09	
3.151202056e-05	7.109461316e-09	7.419169502e-09	0.9999684685	4.986931504e-09	
5.074571427e-09	4.968224906e-09	5.155679133e-09	0.9999999813	3.484971073e-09	
5.074572182e-09	4.968225619e-09	5.156934987e-09	0.9999999813	3.484971553e-09	
5.074607844e-09	5.02510806e-09	5.135743075e-09	0.9999999813	3.500611261e-09	
5.784685817e-09	4.968597643e-09	5.136092645e-09	0.9999999806	3.485224538e-09	
5.805559948e-09	4.968608091e-09	5.136103529e-09	0.9999999806	3.48523162e-09	
5.804456407e-09	5.019110298e-09	5.15501702e-09	0.9999999805	3.499139584e-09	
5.784699769e-09	4.968609569e-09	5.157334832e-09	0.9999999806	3.485232638e-09	
5.784746672e-09	5.019100207e-09	5.155006659e-09	0.9999999805	3.499132839e-09	
5.804407545e-09	4.968618136e-09	5.154973503e-09	0.9999999806	3.485238428e-09	
5.784685778e-09	4.968597635e-09	5.136092636e-09	0.9999999806	3.485224536e-09	
5.805573201e-09	4.968619324e-09	5.156089845e-09	0.9999999806	3.485239244e-09	
5.784698909e-09	4.968608889e-09	5.156078867e-09	0.9999999806	3.485232164e-09	
5.784699769e-09	4.968609603e-09	5.157334818e-09	0.9999999806	3.485232645e-09	
5.784740421e-09	5.02549644e-09	5.136141264e-09	0.9999999806	3.500873524e-09	
5.074559943e-09	4.968213661e-09	5.13569446e-09	0.9999999813	3.484963447e-09	
5.073595353e-09	5.018711859e-09	5.154606445e-09	0.9999999813	3.498870341e-09	
5.056326348e-09	4.968215138e-09	5.156924072e-09	0.9999999813	3.484964465e-09	
5.056326724e-09	4.968215981e-09	5.158348347e-09	0.9999999813	3.484965015e-09	
5.056367345e-09	5.018701768e-09	5.154596085e-09	0.9999999813	3.498863596e-09	
5.073552644e-09	4.968223704e-09	5.154562931e-09	0.9999999813	3.484970255e-09	
5.056314119e-09	4.968203205e-09	5.135683568e-09	0.9999999814	3.484956364e-09	
5.074571527e-09	4.968224893e-09	5.155679184e-09	0.9999999813	3.48497107e-09	
5.056325596e-09	4.968214458e-09	5.155668207e-09	0.9999999813	3.484963991e-09	
5.056326348e-09	4.968215172e-09	5.156924058e-09	0.9999999813	3.484964471e-09	
5.056361882e-09	5.025097493e-09	5.135732192e-09	0.9999999813	3.500604147e-09	
5.091903502e-09	5.018722412e-09	5.154617369e-09	0.9999999812	3.498877451e-09	
5.074572182e-09	4.968225585e-09	5.156935001e-09	0.9999999813	3.484971546e-09	
5.074572559e-09	4.968226428e-09	5.158359279e-09	0.9999999813	3.484972097e-09	
5.074613327e-09	5.018712322e-09	5.154607009e-09	0.9999999813	3.498870706e-09	
5.091860639e-09	4.968234152e-09	5.154573854e-09	0.9999999813	3.484977336e-09	
5.074559908e-09	4.968213652e-09	5.135694452e-09	0.9999999813	3.484963445e-09	
5.092883199e-09	4.96823534e-09	5.15569011e-09	0.9999999813	3.484978152e-09	
3.151202056e-05	7.109461316e-09	7.419169502e-09	0.9999684685	4.986931504e-09	
5.074571427e-09	4.968224906e-09	5.155679133e-09	0.9999999813	3.484971073e-09	
5.074572182e-09	4.968225619e-09	5.156934987e-09	0.9999999813	3.484971553e-09	
5.074607844e-09	5.02510806e-09	5.135743075e-09	0.9999999813	3.500611261e-09	
7.43441189e-09	7.313051212e-09	3.39712774e-05	0.9999660089	5.098389334e-09	
7.409107257e-09	7.23946945e-09	3.398655113e-05	0.9999659937	5.078126267e-09	
7.409107738e-09	7.239470611e-09	3.399593745e-05	0.9999659843	5.078127022e-09	
7.409167444e-09	7.313036509e-09	3.397120912e-05	0.999966009	5.098379505e-09	
7.43434931e-09	7.239482046e-09	3.397099063e-05	0.9999660093	5.078134783e-09	
7.435842239e-09	7.239483724e-09	3.397834701e-05	0.9999660019	5.078135934e-09	
4.600763707e-05	1.035927491e-08	4.889426946e-05	0.9999050805	7.266493544e-09	
7.409106217e-09	7.23946852e-09	3.397827467e-05	0.999966002	5.078125619e-09	
7.409107258e-09	7.2394695e-09	3.398655104e-05	0.9999659937	5.078126277e-09	
5.07360759e-09	5.018723904e-09	5.175925203e-09	0.9999999812	3.498878473e-09	
5.073607967e-09	5.018724756e-09	5.177354726e-09	0.9999999812	3.498879025e-09	
5.073648727e-09	5.069723801e-09	5.173588638e-09	0.9999999812	3.512833097e-09	
5.09089276e-09	5.018732558e-09	5.173555362e-09	0.9999999812	3.498884286e-09	
5.073595318e-09	5.01871185e-09	5.154606437e-09	0.9999999813	3.498870339e-09	
3.150603083e-05	7.181723747e-09	7.446490335e-09	0.9999684743	5.006832095e-09	
5.073606835e-09	5.018723218e-09	5.174664711e-09	0.9999999812	3.498877997e-09	
5.07360759e-09	5.018723939e-09	5.175925189e-09	0.9999999812	3.498878479e-09	
5.073643245e-09	5.076184548e-09	5.154655239e-09	0.9999999812	3.514580598e-09	
5.056338919e-09	4.968227906e-09	5.179682582e-09	0.9999999813	3.484973114e-09	
5.056379541e-09	5.018713814e-09	5.1759148e-09	0.9999999813	3.498871727e-09	
5.07356488e-09	4.968235629e-09	5.175881509e-09	0.9999999813	3.484978354e-09	
5.056326314e-09	4.968215129e-09	5.156924064e-09	0.9999999813	3.484964463e-09	
5.074583766e-09	4.968236817e-09	5.177002379e-09	0.9999999813	3.48497917e-09	
5.056337791e-09	4.968226383e-09	5.176991357e-09	0.9999999813	3.48497209e-09	
5.056338544e-09	4.968227097e-09	5.178252402e-09	0.9999999813	3.48497257e-09	
5.056379916e-09	5.018714666e-09	5.17734432e-09	0.9999999812	3.49887228e-09	
5.073565257e-09	4.968236472e-09	5.17731102e-09	0.9999999813	3.484978904e-09	
5.056326689e-09	4.968215973e-09	5.158348339e-09	0.9999999813	3.484965014e-09	
5.074584143e-09	4.968237661e-09	5.178432199e-09	0.9999999813	3.48497972e-09	
5.056338167e-09	4.968227226e-09	5.178421174e-09	0.9999999813	3.484972641e-09	
5.056374452e-09	5.025110407e-09	5.158397177e-09	0.9999999813	3.500612836e-09	
5.073606017e-09	5.018722468e-09	5.173544964e-09	0.9999999812	3.498877541e-09	
5.056367311e-09	5.01870176e-09	5.154596076e-09	0.9999999813	3.498863594e-09	
5.074624911e-09	5.018723668e-09	5.174665328e-09	0.9999999812	3.49887836e-09	
5.056378789e-09	5.018713128e-09	5.17465431e-09	0.9999999813	3.498871252e-09	
5.056379541e-09	5.018713849e-09	5.175914786e-09	0.9999999813	3.498871734e-09	
5.056415074e-09	5.076174342e-09	5.154644879e-09	0.9999999812	3.514573822e-09	
5.073552609e-09	4.968223696e-09	5.154562922e-09	0.9999999813	3.484970253e-09	
5.091872262e-09	4.968245384e-09	5.174632044e-09	0.9999999813	3.48498496e-09	
3.150576562e-05	7.109475732e-09	7.446427475e-09	0.9999684747	4.986941277e-09	
5.073564126e-09	4.968234949e-09	5.174621027e-09	0.9999999813	3.48497788e-09	
5.073564881e-09	4.968235663e-09	5.175881495e-09	0.9999999813	3.48497836e-09	
5.073600535e-09	5.025118219e-09	5.154611725e-09	0.9999999812	3.500618099e-09	
5.074571492e-09	4.968224884e-09	5.155679175e-09	0.9999999813	3.484971069e-09	
5.056325562e-09	4.96821445e-09	5.155668199e-09	0.9999999813	3.484963989e-09	
5.056326314e-09	4.968215164e-09	5.15692405e-09	0.9999999813	3.48496447e-09	
5.056361847e-09	5.025097485e-09	5.135732183e-09	0.9999999813	3.500604145e-09	
3.151209249e-05	7.109477388e-09	7.448039999e-09	0.9999684684	4.986942412e-09	
5.074583011e-09	4.968236138e-09	5.175741624e-09	0.9999999813	3.484978696e-09	
5.074583766e-09	4.968236852e-09	5.177002365e-09	0.9999999813	3.484979176e-09	
5.074619428e-09	5.025119421e-09	5.155727989e-09	0.9999999812	3.500618918e-09	
5.056337792e-09	4.968226417e-09	5.176991343e-09	0.9999999813	3.484972097e-09	
5.056373325e-09	5.025108867e-09	5.155717012e-09	0.9999999813	3.500611807e-09	
5.056374077e-09	5.025109589e-09	5.156972874e-09	0.9999999813	3.500612289e-09	
