4.616420481e-09	4.535976362e-09	0.9999999833	4.36537544e-09	3.181770041e-09	
4.616420481e-09	4.535976387e-09	0.9999999833	4.365375463e-09	3.181770045e-09	
4.616420481e-09	4.535976387e-09	0.9999999833	4.365375463e-09	3.181770045e-09	
4.616420481e-09	4.535976362e-09	0.9999999833	4.36537544e-09	3.181770041e-09	
4.61675249e-09	4.96857488e-09	0.9999999828	4.365686943e-09	3.276948141e-09	
4.616420481e-09	4.535976362e-09	0.9999999833	4.36537544e-09	3.181770041e-09	
4.616473899e-09	4.536028664e-09	0.9999999832	4.451558766e-09	3.181805406e-09	
4.616420481e-09	4.535976387e-09	0.9999999833	4.365375463e-09	3.181770045e-09	
4.616473899e-09	4.536028664e-09	0.9999999832	4.451558766e-09	3.181805406e-09	
4.616420481e-09	4.535976362e-09	0.9999999833	4.36537544e-09	3.181770041e-09	
4.616473899e-09	4.536028664e-09	0.9999999832	4.451558766e-09	3.181805406e-09	
4.616420481e-09	4.535976387e-09	0.9999999833	4.365375463e-09	3.181770045e-09	
4.616473899e-09	4.536028664e-09	0.9999999832	4.451558766e-09	3.181805406e-09	
1.498739508e-08	1.464424785e-08	0.9998587179	0.0001412421905	1.027220731e-08	
4.616367063e-09	4.535924086e-09	0.9999999834	4.280860667e-09	3.18173468e-09	
4.616367063e-09	4.535924086e-09	0.9999999834	4.280860667e-09	3.18173468e-09	
4.616367063e-09	4.535924062e-09	0.9999999834	4.280860645e-09	3.181734676e-09	
4.616699068e-09	4.968517591e-09	0.9999999829	4.281166117e-09	3.276911719e-09	
4.616367063e-09	4.535924062e-09	0.9999999834	4.280860645e-09	3.181734676e-09	
4.616420481e-09	4.535976362e-09	0.9999999833	4.36537544e-09	3.181770041e-09	
4.616367063e-09	4.535924086e-09	0.9999999834	4.280860667e-09	3.18173468e-09	
4.616420481e-09	4.535976362e-09	0.9999999833	4.36537544e-09	3.181770041e-09	
4.616367063e-09	4.535924062e-09	0.9999999834	4.280860645e-09	3.181734676e-09	
4.616420481e-09	4.535976362e-09	0.9999999833	4.36537544e-09	3.181770041e-09	
4.616367063e-09	4.535924086e-09	0.9999999834	4.280860667e-09	3.18173468e-09	
4.616420481e-09	4.535976362e-09	0.9999999833	4.36537544e-09	3.181770041e-09	
4.616367063e-09	4.535924111e-09	0.9999999834	4.28086069e-09	3.181734684e-09	
4.616367063e-09	4.535924086e-09	0.9999999834	4.280860667e-09	3.18173468e-09	
4.616699068e-09	4.968517618e-09	0.9999999829	4.28116614e-09	3.276911723e-09	
4.616367063e-09	4.535924086e-09	0.9999999834	4.280860667e-09	3.18173468e-09	
4.616420481e-09	4.535976387e-09	0.9999999833	4.365375463e-09	3.181770045e-09	
4.616367063e-09	4.535924111e-09	0.9999999834	4.28086069e-09	3.181734684e-09	
4.616420481e-09	4.535976387e-09	0.9999999833	4.365375463e-09	3.181770045e-09	
4.616367063e-09	4.535924086e-09	0.9999999834	4.280860667e-09	3.18173468e-09	
4.616420481e-09	4.535976387e-09	0.9999999833	4.365375463e-09	3.181770045e-09	
4.616420481e-09	4.535976387e-09	0.9999999833	4.365375463e-09	3.181770045e-09	
4.616367063e-09	4.535924086e-09	0.9999999834	4.280860667e-09	3.18173468e-09	
4.616699068e-09	4.968517618e-09	0.9999999829	4.28116614e-09	3.276911723e-09	
4.616367063e-09	4.535924086e-09	0.9999999834	4.280860667e-09	3.18173468e-09	
4.616420481e-09	4.535976387e-09	0.9999999833	4.365375463e-09	3.181770045e-09	
4.616420481e-09	4.535976387e-09	0.9999999833	4.365375463e-09	3.181770045e-09	
4.616367063e-09	4.535924086e-09	0.9999999834	4.280860667e-09	3.18173468e-09	
4.616420481e-09	4.535976387e-09	0.9999999833	4.365375463e-09	3.181770045e-09	
4.616367063e-09	4.535924111e-09	0.9999999834	4.28086069e-09	3.181734684e-09	
4.616420481e-09	4.535976387e-09	0.9999999833	4.365375463e-09	3.181770045e-09	
4.616699068e-09	4.968517591e-09	0.9999999829	4.281166117e-09	3.276911719e-09	
4.616367063e-09	4.535924062e-09	0.9999999834	4.280860645e-09	3.181734676e-09	
4.616420481e-09	4.535976362e-09	0.9999999833	4.36537544e-09	3.181770041e-09	
4.616367063e-09	4.535924086e-09	0.9999999834	4.280860667e-09	3.18173468e-09	
4.616420481e-09	4.535976362e-09	0.9999999833	4.36537544e-09	3.181770041e-09	
4.616367063e-09	4.535924062e-09	0.9999999834	4.280860645e-09	3.181734676e-09	
4.616420481e-09	4.535976362e-09	0.9999999833	4.36537544e-09	3.181770041e-09	
4.616367063e-09	4.535924086e-09	0.9999999834	4.280860667e-09	3.18173468e-09	
4.616420481e-09	4.535976362e-09	0.9999999833	4.36537544e-09	3.181770041e-09	
4.616699068e-09	4.968517591e-09	0.9999999829	4.281166117e-09	3.276911719e-09	
4.61675249e-09	4.96857488e-09	0.9999999828	4.365686943e-09	3.276948141e-09	
4.616699068e-09	4.968517618e-09	0.9999999829	4.28116614e-09	3.276911723e-09	
4.61675249e-09	4.96857488e-09	0.9999999828	4.365686943e-09	3.276948141e-09	
4.616699068e-09	4.968517591e-09	0.9999999829	4.281166117e-09	3.276911719e-09	
4.61675249e-09	4.96857488e-09	0.9999999828	4.365686943e-09	3.276948141e-09	
4.616699068e-09	4.968517618e-09	0.9999999829	4.28116614e-09	3.276911723e-09	
4.61675249e-09	4.96857488e-09	0.9999999828	4.365686943e-09	3.276948141e-09	
6.812495881e-08	0.0006666890627	0.9991201986	6.37783426e-08	0.0002129804482	
4.616420481e-09	4.535976362e-09	0.9999999833	4.36537544e-09	3.181770041e-09	
4.616367063e-09	4.535924086e-09	0.9999999834	4.280860667e-09	3.18173468e-09	
4.616420481e-09	4.535976362e-09	0.9999999833	4.36537544e-09	3.181770041e-09	
4.616367063e-09	4.535924062e-09	0.9999999834	4.280860645e-09	3.181734676e-09	
4.616420481e-09	4.535976362e-09	0.9999999833	4.36537544e-09	3.181770041e-09	
4.616367063e-09	4.535924086e-09	0.9999999834	4.280860667e-09	3.18173468e-09	
4.616420481e-09	4.535976362e-09	0.9999999833	4.36537544e-09	3.181770041e-09	
4.616420481e-09	4.535976387e-09	0.9999999833	4.365375463e-09	3.181770045e-09	
4.616473899e-09	4.536028664e-09	0.9999999832	4.451558766e-09	3.181805406e-09	
4.616420481e-09	4.535976362e-09	0.9999999833	4.36537544e-09	3.181770041e-09	
4.616473899e-09	4.536028664e-09	0.9999999832	4.451558766e-09	3.181805406e-09	
4.616420481e-09	4.535976387e-09	0.9999999833	4.365375463e-09	3.181770045e-09	
4.616473899e-09	4.536028664e-09	0.9999999832	4.451558766e-09	3.181805406e-09	
1.498739508e-08	1.464424785e-08	0.9998587179	0.0001412421905	1.027220731e-08	
4.616420481e-09	4.535976387e-09	0.9999999833	4.365375463e-09	3.181770045e-09	
4.616367063e-09	4.535924086e-09	0.9999999834	4.280860667e-09	3.18173468e-09	
4.616420481e-09	4.535976387e-09	0.9999999833	4.365375463e-09	3.181770045e-09	
4.616367063e-09	4.535924111e-09	0.9999999834	4.28086069e-09	3.181734684e-09	
4.616420481e-09	4.535976387e-09	0.9999999833	4.365375463e-09	3.181770045e-09	
4.616420481e-09	4.535976362e-09	0.9999999833	4.36537544e-09	3.181770041e-09	
4.616473899e-09	4.536028664e-09	0.9999999832	4.451558766e-09	3.181805406e-09	
4.616420481e-09	4.535976387e-09	0.9999999833	4.365375463e-09	3.181770045e-09	
4.616473899e-09	4.536028664e-09	0.9999999832	4.451558766e-09	3.181805406e-09	
1.498739508e-08	1.464424785e-08	0.9998587179	0.0001412421905	1.027220731e-08	
4.616420481e-09	4.535976362e-09	0.9999999833	4.36537544e-09	3.181770041e-09	
4.616367063e-09	4.535924086e-09	0.9999999834	4.280860667e-09	3.18173468e-09	
4.616420481e-09	4.535976362e-09	0.9999999833	4.36537544e-09	3.181770041e-09	
4.616420481e-09	4.535976387e-09	0.9999999833	4.365375463e-09	3.181770045e-09	
4.616473899e-09	4.536028664e-09	0.9999999832	4.451558766e-09	3.181805406e-09	
1.498739508e-08	1.464424785e-08	0.9998587179	0.0001412421905	1.027220731e-08	
4.616420481e-09	4.535976387e-09	0.9999999833	4.365375463e-09	3.181770045e-09	
1.498739508e-08	1.464424785e-08	0.9998587179	0.0001412421905	1.027220731e-08	
2.681035685e-08	0.0006348459699	2.737643137e-08	2.56636814e-08	0.9993650742	
8.214351286e-09	0.9140627428	8.372450357e-09	7.699174509e-09	0.08593723293	
8.227334066e-09	0.9134284633	8.385703551e-09	7.711343058e-09	0.08657151237	
1.339123653e-08	0.8809169427	1.365758581e-08	6.060645069e-05	0.1190224238	
2.681035685e-08	0.0006348460638	2.737643137e-08	2.56636814e-08	0.9993650741	
8.586817378e-09	0.8958677121	8.748822746e-09	8.125284987e-09	0.1041322624	
9.713253346e-09	0.9348097976	7.93767187e-09	7.302090309e-09	0.06519017749	
9.250952453e-09	0.8959338595	9.306250061e-06	8.753753626e-09	0.1040568162	
8.249872888e-09	0.9123302004	8.408712121e-09	7.8261152e-09	0.08766977516	
8.052302328e-09	0.9219821037	8.205674828e-09	7.628736799e-09	0.07801787243	
8.391281694e-09	0.9054187354	8.554859767e-09	7.865007972e-09	0.09458123975	
2.425122991e-08	0.0005535187564	2.476832063e-08	2.296724823e-08	0.9994464093	
2.411170478e-08	0.0005490844735	2.462588083e-08	2.283511029e-08	0.999450844	
2.854632363e-08	0.0003851769624	2.917339178e-08	0.0001305427203	0.9994842226	
6.810213932e-09	3.307671937e-08	6.968165842e-09	6.58690529e-09	0.9999999466	
2.092351981e-08	0.0004477568509	2.136169048e-08	2.000531637e-08	0.9995521809	
3.779555396e-08	0.0007460966522	3.094942774e-08	2.870962382e-08	0.9992538059	
2.255764275e-08	0.0004481042392	2.273869131e-05	2.156780202e-08	0.9995291129	
2.387505744e-08	0.0005415581007	2.438429114e-08	2.288483092e-08	0.9994583708	
2.618431009e-08	0.0006149494133	2.673738001e-08	2.506559384e-08	0.9993849726	
2.251071034e-08	0.0004982028563	2.299626351e-08	2.131887925e-08	0.9995017303	
1.778038482e-08	0.0003478649368	1.815922097e-08	1.703866473e-08	0.9996520821	
8.428175807e-09	0.9019486136	8.592163069e-09	7.8156178e-09	0.09805136157	
2.425122991e-08	0.0005535188384	2.476832063e-08	2.296724823e-08	0.9994464092	
8.774066475e-09	0.8823591202	8.941427569e-09	8.214216233e-09	0.1176408539	
9.981350731e-09	0.9259353315	8.158424395e-09	7.423874724e-09	0.07406464295	
9.452784074e-09	0.8824336063	9.511227243e-06	8.849657091e-09	0.1175568641	
8.25912713e-09	0.9115266501	8.418155291e-09	7.741507611e-09	0.08847332549	
8.586141696e-09	0.8930011707	8.75530333e-09	7.962102291e-09	0.106998804	
9.28333101e-09	0.8535133128	9.463787106e-09	8.710694223e-09	0.1464866597	
2.411170478e-08	0.0005490845547	2.462588083e-08	2.283511029e-08	0.9994508439	
8.78568479e-09	0.8815211749	8.953289427e-09	8.225093221e-09	0.1184787992	
9.998084739e-09	0.9253815269	8.172122233e-09	7.436321059e-09	0.07461844745	
9.465307336e-09	0.881596169	9.523851259e-06	8.861381325e-09	0.1183942889	
8.462361008e-09	0.8999985629	8.627071368e-09	7.942356248e-09	0.1000014121	
8.598249832e-09	0.8922297694	8.767671492e-09	7.973330417e-09	0.1077702052	
9.293459601e-09	0.8525042473	9.474135789e-09	8.720198045e-09	0.1474957252	
2.854632363e-08	0.0003851770194	2.917339178e-08	0.0001305427203	0.9994842225	
1.411512899e-08	0.839152428	1.439344461e-08	6.380832435e-05	0.1607837352	
1.5207365e-08	0.839243173	1.531104162e-05	6.874608219e-05	0.1606727546	
1.369824706e-08	0.8632053735	1.397364546e-08	6.207976823e-05	0.1367325191	
1.34498577e-08	0.8775350152	1.371748261e-08	6.087463377e-05	0.122404083	
1.475738344e-08	0.8020978845	1.505374083e-08	6.686295594e-05	0.1978352228	
1.529054552e-08	9.379566763e-05	1.562963039e-08	0.9998693404	3.683305143e-05	
1.534263469e-08	9.373958848e-05	1.562627285e-08	0.999869405	3.682446672e-05	
1.529053692e-08	9.373940004e-05	1.562624145e-08	0.9998694053	3.682439574e-05	
1.529051829e-08	9.385884658e-05	1.556905311e-08	0.9998692676	3.68427094e-05	
2.092351981e-08	0.0004477569172	2.136169049e-08	2.000531637e-08	0.9995521808	
3.779555396e-08	0.0007460967626	3.094942774e-08	2.870962382e-08	0.9992538058	
2.255764275e-08	0.0004481043055	2.273869131e-05	2.156780202e-08	0.9995291129	
2.387505744e-08	0.0005415581809	2.438429114e-08	2.288483092e-08	0.9994583707	
2.618431009e-08	0.0006149495042	2.673738001e-08	2.506559384e-08	0.9993849725	
2.251071034e-08	0.00049820293	2.299626351e-08	2.131887925e-08	0.9995017302	
1.778038482e-08	0.0003478649883	1.815922097e-08	1.703866473e-08	0.999652082	
1.046271147e-08	0.9100065339	8.548684856e-09	7.856354127e-09	0.08999343925	
9.809552989e-09	0.8585793545	9.8665227e-06	9.271529975e-09	0.1414107599	
8.805850941e-09	0.8800712759	8.973878594e-09	8.343814261e-09	0.119928698	
8.628554785e-09	0.8928576054	8.79141789e-09	8.165164502e-09	0.107142369	
8.931891787e-09	0.8709763283	9.104470224e-09	8.361970637e-09	0.1290236453	
9.570047503e-09	0.8249535179	9.752440309e-09	9.065640855e-09	0.1750464537	
2.091832979e-08	0.0002187874347	2.134514506e-08	1.958359531e-08	0.9997811507	
1.127181004e-08	0.910063646	9.093259765e-06	8.463927957e-09	0.08992724096	
1.002713915e-08	0.9244223562	8.195905389e-09	7.548252988e-09	0.07557761807	
9.772745671e-09	0.9328409859	7.986352856e-09	7.34716143e-09	0.06715898903	
1.020967962e-08	0.9183788936	8.34707615e-09	7.593699497e-09	0.0816210803	
1.115569815e-08	0.8870723066	9.118155546e-09	8.395707097e-09	0.1129276648	
0.001418628785	0.998384899	8.58779571e-08	7.835417183e-08	0.0001963080103	
9.487044227e-09	0.8801471462	9.545763342e-06	8.98929676e-09	0.1198432896	
9.295939899e-09	0.892925636	9.351581186e-06	8.796738455e-09	0.1070649943	
9.622903739e-09	0.8710576184	9.684746256e-06	9.008921888e-09	0.1289326782	
1.031080185e-08	0.82506026	1.037438895e-05	9.767386018e-09	0.1749293456	
2.255205192e-08	0.0002189572229	2.27210839e-05	2.111314729e-08	0.999758278	
8.294378404e-09	0.909748027	8.454142116e-09	7.868706128e-09	0.09025194842	
9.311040555e-09	0.8507593679	9.492099056e-09	8.842503456e-09	0.1492406045	
8.434668058e-09	0.9026547163	8.599160647e-09	7.906046503e-09	0.09734525873	
9.156086095e-09	0.866195681	9.332240329e-09	8.684013051e-09	0.1338042918	
1.777506606e-08	0.0001699685615	1.814422872e-08	1.667862966e-08	0.9998299788	
0.9999999829	4.614278975e-09	4.762501093e-09	4.447349739e-09	3.231723146e-09	
0.9999946493	5.337218041e-06	5.160507412e-09	4.71888694e-09	3.605503551e-09	
0.999999983	4.614484614e-09	4.762441691e-09	4.35461717e-09	3.231684524e-09	
0.999999983	4.614484614e-09	4.762441691e-09	4.35461717e-09	3.231684524e-09	
0.999999983	4.614791739e-09	4.762442056e-09	4.354890877e-09	3.231684766e-09	
0.999999983	4.614791739e-09	4.762442056e-09	4.354890877e-09	3.231684766e-09	
0.9999999829	4.614544566e-09	4.762503876e-09	4.451487026e-09	3.231724961e-09	
0.999999983	4.614791739e-09	4.762442056e-09	4.354890877e-09	3.231684766e-09	
0.999999983	4.610805549e-09	4.762439624e-09	4.354888675e-09	3.231683128e-09	
0.9999949464	5.000652107e-09	5.160648607e-09	5.039932905e-06	3.501886939e-09	
0.999999983	4.614484614e-09	4.762441691e-09	4.35461717e-09	3.231684524e-09	
0.999999983	4.614791739e-09	4.762442056e-09	4.354890877e-09	3.231684766e-09	
0.9999999829	4.614278975e-09	4.762501093e-09	4.447349739e-09	3.231723146e-09	
0.9999946494	5.336980195e-06	5.16057178e-09	4.819376719e-09	3.605546641e-09	
0.9999999829	4.614278975e-09	4.762501093e-09	4.447349739e-09	3.231723146e-09	
0.9999999829	4.614278975e-09	4.762501093e-09	4.447349739e-09	3.231723146e-09	
0.9999999829	4.614586085e-09	4.762501458e-09	4.447629276e-09	3.231723388e-09	
0.9999999829	4.614586085e-09	4.762501458e-09	4.447629276e-09	3.231723388e-09	
0.9999999828	4.614338924e-09	4.762563279e-09	4.546282462e-09	3.231763582e-09	
0.9999999829	4.614586085e-09	4.762501458e-09	4.447629276e-09	3.231723388e-09	
0.9999999829	4.610600073e-09	4.762499026e-09	4.447627027e-09	3.231721749e-09	
0.9999948391	5.000428723e-09	5.160712423e-09	5.147258878e-06	3.501928414e-09	
0.9999999829	4.614278975e-09	4.762501093e-09	4.447349739e-09	3.231723146e-09	
0.9999999829	4.614586085e-09	4.762501458e-09	4.447629276e-09	3.231723388e-09	
0.9999999828	4.614073344e-09	4.762560496e-09	4.54205707e-09	3.231761767e-09	
0.9998473585	1.551376369e-08	1.617760828e-08	0.0001525989066	1.087407532e-08	
0.9999946493	5.337218041e-06	5.160507412e-09	4.71888694e-09	3.605503551e-09	
0.9999946493	5.337218041e-06	5.160507412e-09	4.71888694e-09	3.605503551e-09	
0.9999946489	5.337573266e-06	5.160507806e-09	4.719183542e-09	3.60550382e-09	
0.9999946489	5.337573266e-06	5.160507806e-09	4.719183542e-09	3.60550382e-09	
0.9999946491	5.337287382e-06	5.160574794e-09	4.823860094e-09	3.605548664e-09	
0.9999946489	5.337573266e-06	5.160507806e-09	4.719183542e-09	3.60550382e-09	
0.9999887451	5.783863144e-06	5.591993354e-09	5.46152555e-06	3.906957732e-09	
0.9999946493	5.337218041e-06	5.160507412e-09	4.71888694e-09	3.605503551e-09	
0.9999946489	5.337573266e-06	5.160507806e-09	4.719183542e-09	3.60550382e-09	
0.9999946494	5.336980195e-06	5.16057178e-09	4.819376719e-09	3.605546641e-09	
0.999999983	4.614484614e-09	4.762441691e-09	4.35461717e-09	3.231684524e-09	
0.999999983	4.614791739e-09	4.762442056e-09	4.354890877e-09	3.231684766e-09	
0.999999983	4.614791739e-09	4.762442056e-09	4.354890877e-09	3.231684766e-09	
0.9999999829	4.614544566e-09	4.762503876e-09	4.451487026e-09	3.231724961e-09	
0.999999983	4.614791739e-09	4.762442056e-09	4.354890877e-09	3.231684766e-09	
0.999999983	4.610805549e-09	4.762439624e-09	4.354888675e-09	3.231683128e-09	
0.9999949464	5.000652107e-09	5.160648607e-09	5.039932905e-06	3.501886939e-09	
0.999999983	4.614484614e-09	4.762441691e-09	4.35461717e-09	3.231684524e-09	
0.999999983	4.614791739e-09	4.762442056e-09	4.354890877e-09	3.231684766e-09	
0.9999999829	4.614278975e-09	4.762501093e-09	4.447349739e-09	3.231723146e-09	
0.999999983	4.614791739e-09	4.762442056e-09	4.354890877e-09	3.231684766e-09	
0.999999983	4.614791739e-09	4.762442056e-09	4.354890877e-09	3.231684766e-09	
0.9999999829	4.614544566e-09	4.762503876e-09	4.451487026e-09	3.231724961e-09	
0.999999983	4.614791739e-09	4.762442056e-09	4.354890877e-09	3.231684766e-09	
0.999999983	4.610805549e-09	4.762439624e-09	4.354888675e-09	3.231683128e-09	
0.9999949464	5.000652107e-09	5.160648607e-09	5.039932905e-06	3.501886939e-09	
0.999999983	4.614484614e-09	4.762441691e-09	4.35461717e-09	3.231684524e-09	
0.999999983	4.614791739e-09	4.762442056e-09	4.354890877e-09	3.231684766e-09	
0.9999999829	4.614278975e-09	4.762501093e-09	4.447349739e-09	3.231723146e-09	
0.999999983	4.615098883e-09	4.762442422e-09	4.355164602e-09	3.231685008e-09	
0.9999999829	4.614851694e-09	4.762504241e-09	4.451766823e-09	3.231725202e-09	
0.999999983	4.615098883e-09	4.762442422e-09	4.355164602e-09	3.231685008e-09	
0.999999983	4.611112428e-09	4.762439989e-09	4.3551624e-09	3.23168337e-09	
0.9999949461	5.000984932e-09	5.160649002e-09	5.040249687e-06	3.5018872e-09	
0.999999983	4.614791739e-09	4.762442056e-09	4.354890877e-09	3.231684766e-09	
0.9999999829	4.614586085e-09	4.762501458e-09	4.447629276e-09	3.231723388e-09	
0.9999999829	4.614851694e-09	4.762504241e-09	4.451766823e-09	3.231725202e-09	
0.999999983	4.611112428e-09	4.762439989e-09	4.3551624e-09	3.23168337e-09	
0.9999949461	5.000984932e-09	5.160649002e-09	5.040249687e-06	3.5018872e-09	
0.999999983	4.614791739e-09	4.762442056e-09	4.354890877e-09	3.231684766e-09	
0.999999983	4.615098883e-09	4.762442422e-09	4.355164602e-09	3.231685008e-09	
0.9999999829	4.614586085e-09	4.762501458e-09	4.447629276e-09	3.231723388e-09	
0.9999999829	4.614851694e-09	4.762504241e-09	4.451766823e-09	3.231725202e-09	
0.9999999829	4.610865453e-09	4.762501809e-09	4.451764572e-09	3.231723564e-09	
0.9999999829	4.614544566e-09	4.762503876e-09	4.451487026e-09	3.231724961e-09	
0.9999999829	4.614851694e-09	4.762504241e-09	4.451766823e-09	3.231725202e-09	
0.9999999828	4.614338924e-09	4.762563279e-09	4.546282462e-09	3.231763582e-09	
0.9998472166	1.551465444e-08	1.617761543e-08	0.0001527408448	1.087407988e-08	
0.999999983	4.611112428e-09	4.762439989e-09	4.3551624e-09	3.23168337e-09	
0.9999949461	5.000984932e-09	5.160649002e-09	5.040249687e-06	3.5018872e-09	
0.999999983	4.614791739e-09	4.762442056e-09	4.354890877e-09	3.231684766e-09	
0.999999983	4.615098883e-09	4.762442422e-09	4.355164602e-09	3.231685008e-09	
0.9999999829	4.614586085e-09	4.762501458e-09	4.447629276e-09	3.231723388e-09	
0.9999949461	4.996665154e-09	5.160646366e-09	5.040247138e-06	3.501885425e-09	
0.999999983	4.610805549e-09	4.762439624e-09	4.354888675e-09	3.231683128e-09	
0.999999983	4.611112428e-09	4.762439989e-09	4.3551624e-09	3.23168337e-09	
0.9999999829	4.610600073e-09	4.762499026e-09	4.447627027e-09	3.231721749e-09	
0.9999949464	5.000652107e-09	5.160648607e-09	5.039932905e-06	3.501886939e-09	
0.9999949461	5.000984932e-09	5.160649002e-09	5.040249687e-06	3.5018872e-09	
0.9999948391	5.000428723e-09	5.160712423e-09	5.147258878e-06	3.501928414e-09	
0.001064016535	6.787143173e-08	7.009886554e-08	0.9989357979	4.756719575e-08	
0.999999983	4.614791739e-09	4.762442056e-09	4.354890877e-09	3.231684766e-09	
0.9999999829	4.614278975e-09	4.762501093e-09	4.447349739e-09	3.231723146e-09	
0.9999999829	4.614586085e-09	4.762501458e-09	4.447629276e-09	3.231723388e-09	
0.9998473585	1.551376369e-08	1.617760828e-08	0.0001525989066	1.087407532e-08	
6.803026122e-09	6.684478479e-09	6.909815755e-09	6.308593906e-09	0.9999999733	
6.803026122e-09	6.684478479e-09	6.909815755e-09	6.308593906e-09	0.9999999733	
6.803026122e-09	6.684478479e-09	6.909815755e-09	6.308593906e-09	0.9999999733	
6.803026122e-09	6.684478479e-09	6.909815755e-09	6.308593906e-09	0.9999999733	
6.803026122e-09	6.684478479e-09	6.909815755e-09	6.308593906e-09	0.9999999733	
6.803026121e-09	6.684477941e-09	6.909815734e-09	6.308593905e-09	0.9999999733	
6.803026122e-09	6.684478479e-09	6.909815755e-09	6.308593906e-09	0.9999999733	
6.803026121e-09	6.684477941e-09	6.909815734e-09	6.308593905e-09	0.9999999733	
6.803026121e-09	6.684477941e-09	6.909815734e-09	6.308593905e-09	0.9999999733	
6.803026122e-09	6.684478479e-09	6.909815755e-09	6.308593906e-09	0.9999999733	
6.803026122e-09	6.684478479e-09	6.909815755e-09	6.308593906e-09	0.9999999733	
6.803026122e-09	6.684478479e-09	6.909815755e-09	6.308593906e-09	0.9999999733	
6.803026122e-09	6.684478479e-09	6.909815755e-09	6.308593906e-09	0.9999999733	
6.803372339e-09	7.263996321e-09	6.93196717e-09	6.30891287e-09	0.9999999727	
6.803026122e-09	6.684478479e-09	6.909815755e-09	6.308593906e-09	0.9999999733	
6.803026122e-09	6.684478479e-09	6.909815755e-09	6.308593906e-09	0.9999999733	
6.803026122e-09	6.684478479e-09	6.909815755e-09	6.308593906e-09	0.9999999733	
6.803026122e-09	6.684478479e-09	6.909815755e-09	6.308593906e-09	0.9999999733	
6.803026121e-09	6.684477941e-09	6.909815734e-09	6.308593905e-09	0.9999999733	
6.803026122e-09	6.684478479e-09	6.909815755e-09	6.308593906e-09	0.9999999733	
6.803026121e-09	6.684477941e-09	6.909815734e-09	6.308593905e-09	0.9999999733	
6.803026121e-09	6.684477941e-09	6.909815734e-09	6.308593905e-09	0.9999999733	
6.803026122e-09	6.684478479e-09	6.909815755e-09	6.308593906e-09	0.9999999733	
6.803026122e-09	6.684478479e-09	6.909815755e-09	6.308593906e-09	0.9999999733	
6.803026122e-09	6.684478479e-09	6.909815755e-09	6.308593906e-09	0.9999999733	
6.803026122e-09	6.684478479e-09	6.909815755e-09	6.308593906e-09	0.9999999733	
6.803372339e-09	7.263996321e-09	6.93196717e-09	6.30891287e-09	0.9999999727	
6.803026122e-09	6.684478479e-09	6.909815755e-09	6.308593906e-09	0.9999999733	
6.803026122e-09	6.684478479e-09	6.909815755e-09	6.308593906e-09	0.9999999733	
6.803026122e-09	6.684478479e-09	6.909815755e-09	6.308593906e-09	0.9999999733	
6.803026121e-09	6.684477941e-09	6.909815734e-09	6.308593905e-09	0.9999999733	
6.803026122e-09	6.684478479e-09	6.909815755e-09	6.308593906e-09	0.9999999733	
6.803026121e-09	6.684477941e-09	6.909815734e-09	6.308593905e-09	0.9999999733	
6.803026121e-09	6.684477941e-09	6.909815734e-09	6.308593905e-09	0.9999999733	
6.803026122e-09	6.684478479e-09	6.909815755e-09	6.308593906e-09	0.9999999733	
6.803026122e-09	6.684478479e-09	6.909815755e-09	6.308593906e-09	0.9999999733	
6.803026122e-09	6.684478479e-09	6.909815755e-09	6.308593906e-09	0.9999999733	
6.803026122e-09	6.684478479e-09	6.909815755e-09	6.308593906e-09	0.9999999733	
6.803372339e-09	7.263996321e-09	6.93196717e-09	6.30891287e-09	0.9999999727	
6.803026122e-09	6.684478479e-09	6.909815755e-09	6.308593906e-09	0.9999999733	
6.803026122e-09	6.684478479e-09	6.909815755e-09	6.308593906e-09	0.9999999733	
6.803026121e-09	6.684477941e-09	6.909815734e-09	6.308593905e-09	0.9999999733	
6.803026122e-09	6.684478479e-09	6.909815755e-09	6.308593906e-09	0.9999999733	
6.803026121e-09	6.684477941e-09	6.909815734e-09	6.308593905e-09	0.9999999733	
6.803026121e-09	6.684477941e-09	6.909815734e-09	6.308593905e-09	0.9999999733	
6.803026122e-09	6.684478479e-09	6.909815755e-09	6.308593906e-09	0.9999999733	
6.803026122e-09	6.684478479e-09	6.909815755e-09	6.308593906e-09	0.9999999733	
6.803026122e-09	6.684478479e-09	6.909815755e-09	6.308593906e-09	0.9999999733	
6.803026122e-09	6.684478479e-09	6.909815755e-09	6.308593906e-09	0.9999999733	
6.803372339e-09	7.263996321e-09	6.93196717e-09	6.30891287e-09	0.9999999727	
6.803026122e-09	6.684478479e-09	6.909815755e-09	6.308593906e-09	0.9999999733	
6.803026121e-09	6.684477941e-09	6.909815734e-09	6.308593905e-09	0.9999999733	
6.803026122e-09	6.684478479e-09	6.909815755e-09	6.308593906e-09	0.9999999733	
6.803026121e-09	6.684477941e-09	6.909815734e-09	6.308593905e-09	0.9999999733	
6.803026121e-09	6.684477941e-09	6.909815734e-09	6.308593905e-09	0.9999999733	
6.803026122e-09	6.684478479e-09	6.909815755e-09	6.308593906e-09	0.9999999733	
6.803026122e-09	6.684478479e-09	6.909815755e-09	6.308593906e-09	0.9999999733	
6.803026122e-09	6.684478479e-09	6.909815755e-09	6.308593906e-09	0.9999999733	
6.803026122e-09	6.684478479e-09	6.909815755e-09	6.308593906e-09	0.9999999733	
6.803372339e-09	7.263996321e-09	6.93196717e-09	6.30891287e-09	0.9999999727	
6.803026121e-09	6.684477941e-09	6.909815734e-09	6.308593905e-09	0.9999999733	
6.803026122e-09	6.684478479e-09	6.909815755e-09	6.308593906e-09	0.9999999733	
6.803026121e-09	6.684477941e-09	6.909815734e-09	6.308593905e-09	0.9999999733	
6.803026121e-09	6.684477941e-09	6.909815734e-09	6.308593905e-09	0.9999999733	
6.803026122e-09	6.684478479e-09	6.909815755e-09	6.308593906e-09	0.9999999733	
6.803026122e-09	6.684478479e-09	6.909815755e-09	6.308593906e-09	0.9999999733	
6.803026122e-09	6.684478479e-09	6.909815755e-09	6.308593906e-09	0.9999999733	
6.803026122e-09	6.684478479e-09	6.909815755e-09	6.308593906e-09	0.9999999733	
6.803372339e-09	7.263996321e-09	6.93196717e-09	6.30891287e-09	0.9999999727	
6.803026121e-09	6.684477941e-09	6.909815734e-09	6.308593905e-09	0.9999999733	
6.803026121e-09	6.684477402e-09	6.909815712e-09	6.308593905e-09	0.9999999733	
6.803026121e-09	6.684477402e-09	6.909815712e-09	6.308593905e-09	0.9999999733	
6.803026121e-09	6.684477941e-09	6.909815734e-09	6.308593905e-09	0.9999999733	
6.803026121e-09	6.684477941e-09	6.909815734e-09	6.308593905e-09	0.9999999733	
6.803026121e-09	6.684477941e-09	6.909815734e-09	6.308593905e-09	0.9999999733	
6.803026121e-09	6.684477941e-09	6.909815734e-09	6.308593905e-09	0.9999999733	
6.803026121e-09	6.684477941e-09	6.909815734e-09	6.308593905e-09	0.9999999733	
6.803026121e-09	6.684477941e-09	6.909815734e-09	6.308593905e-09	0.9999999733	
6.803026122e-09	6.684478479e-09	6.909815755e-09	6.308593906e-09	0.9999999733	
6.803026122e-09	6.684478479e-09	6.909815755e-09	6.308593906e-09	0.9999999733	
6.803026122e-09	6.684478479e-09	6.909815755e-09	6.308593906e-09	0.9999999733	
6.803026122e-09	6.684478479e-09	6.909815755e-09	6.308593906e-09	0.9999999733	
6.803372339e-09	7.263996321e-09	6.93196717e-09	6.30891287e-09	0.9999999727	
6.803026121e-09	6.684477402e-09	6.909815712e-09	6.308593905e-09	0.9999999733	
6.803026121e-09	6.684477941e-09	6.909815734e-09	6.308593905e-09	0.9999999733	
6.803026121e-09	6.684477941e-09	6.909815734e-09	6.308593905e-09	0.9999999733	
6.803026121e-09	6.684477941e-09	6.909815734e-09	6.308593905e-09	0.9999999733	
6.803026121e-09	6.684477941e-09	6.909815734e-09	6.308593905e-09	0.9999999733	
6.803026121e-09	6.684477941e-09	6.909815734e-09	6.308593905e-09	0.9999999733	
6.803026121e-09	6.684477941e-09	6.909815734e-09	6.308593905e-09	0.9999999733	
6.803026121e-09	6.684477941e-09	6.909815734e-09	6.308593905e-09	0.9999999733	
6.803026121e-09	6.684477941e-09	6.909815734e-09	6.308593905e-09	0.9999999733	
6.803026122e-09	6.684478479e-09	6.909815755e-09	6.308593906e-09	0.9999999733	
6.803026122e-09	6.684478479e-09	6.909815755e-09	6.308593906e-09	0.9999999733	
6.803026122e-09	6.684478479e-09	6.909815755e-09	6.308593906e-09	0.9999999733	
6.803372339e-09	7.263996321e-09	6.93196717e-09	6.30891287e-09	0.9999999727	
6.803026122e-09	6.684478479e-09	6.909815755e-09	6.308593906e-09	0.9999999733	
6.803026122e-09	6.684478479e-09	6.909815755e-09	6.308593906e-09	0.9999999733	
6.803372339e-09	7.263996321e-09	6.93196717e-09	6.30891287e-09	0.9999999727	
6.803026122e-09	6.684478479e-09	6.909815755e-09	6.308593906e-09	0.9999999733	
6.803372339e-09	7.263996321e-09	6.93196717e-09	6.30891287e-09	0.9999999727	
6.803372339e-09	7.263996321e-09	6.93196717e-09	6.30891287e-09	0.9999999727	
5.056370517e-09	5.021714596e-09	5.155714321e-09	0.9999999813	3.49968625e-09	
5.07461651e-09	5.021725156e-09	5.155725247e-09	0.9999999812	3.499693362e-09	
5.784750301e-09	5.022113274e-09	5.156124984e-09	0.9999999805	3.499955557e-09	
5.056370517e-09	5.021714596e-09	5.155714321e-09	0.9999999813	3.49968625e-09	
5.07461651e-09	5.021725156e-09	5.155725247e-09	0.9999999812	3.499693362e-09	
7.409172037e-09	7.317426618e-09	3.397857857e-05	0.9999660016	5.099578201e-09	
5.073651909e-09	5.072767259e-09	5.174710994e-09	0.9999999812	3.513659036e-09	
5.056382712e-09	5.021726649e-09	5.177037661e-09	0.9999999812	3.499694384e-09	
5.056383088e-09	5.021727501e-09	5.178467491e-09	0.9999999812	3.499694937e-09	
5.05642371e-09	5.07275706e-09	5.174700594e-09	0.9999999812	3.513652262e-09	
5.0736092e-09	5.021735307e-09	5.17466731e-09	0.9999999812	3.499700198e-09	
5.056370483e-09	5.021714587e-09	5.155714312e-09	0.9999999813	3.499686249e-09	
5.074628094e-09	5.021736509e-09	5.175787917e-09	0.9999999812	3.499701018e-09	
5.05638196e-09	5.021725962e-09	5.175776898e-09	0.9999999812	3.499693908e-09	
5.056382712e-09	5.021726683e-09	5.177037647e-09	0.9999999812	3.49969439e-09	
5.056418246e-09	5.079221672e-09	5.155763126e-09	0.9999999812	3.51540017e-09	
5.075717985e-09	4.968226257e-09	5.156935742e-09	0.9999999813	3.484972003e-09	
5.074559943e-09	4.968213658e-09	5.13569446e-09	0.9999999813	3.484963456e-09	
5.784685817e-09	4.968597641e-09	5.136092645e-09	0.9999999806	3.485224547e-09	
5.074559943e-09	4.968213658e-09	5.13569446e-09	0.9999999813	3.484963456e-09	
5.073595353e-09	5.018711857e-09	5.154606445e-09	0.9999999813	3.49887035e-09	
5.056326348e-09	4.968215135e-09	5.156924072e-09	0.9999999813	3.484964473e-09	
5.056326724e-09	4.968215979e-09	5.158348347e-09	0.9999999813	3.484965024e-09	
5.056367345e-09	5.018701767e-09	5.154596085e-09	0.9999999813	3.498863605e-09	
5.073552644e-09	4.968223702e-09	5.154562931e-09	0.9999999813	3.484970264e-09	
5.056314119e-09	4.968203202e-09	5.135683568e-09	0.9999999814	3.484956373e-09	
5.074571527e-09	4.968224891e-09	5.155679184e-09	0.9999999813	3.484971079e-09	
5.056325596e-09	4.968214456e-09	5.155668207e-09	0.9999999813	3.484964e-09	
5.056326348e-09	4.96821517e-09	5.156924058e-09	0.9999999813	3.48496448e-09	
5.056361882e-09	5.025097492e-09	5.135732192e-09	0.9999999813	3.500604156e-09	
5.094033794e-09	4.968236704e-09	5.156946671e-09	0.9999999813	3.484979085e-09	
5.075717985e-09	4.968226257e-09	5.156935742e-09	0.9999999813	3.484972003e-09	
5.094033794e-09	4.968236704e-09	5.156946671e-09	0.9999999813	3.484979085e-09	
7.4375221e-09	7.239485652e-09	3.398662804e-05	0.9999659936	5.078137251e-09	
5.093065503e-09	5.018735137e-09	5.175936916e-09	0.9999999812	3.498886041e-09	
5.075730227e-09	4.968238181e-09	5.178264134e-09	0.9999999813	3.484980102e-09	
5.075730604e-09	4.968239025e-09	5.179694303e-09	0.9999999813	3.484980653e-09	
5.075771382e-09	5.018725047e-09	5.175926513e-09	0.9999999812	3.498879295e-09	
5.093022629e-09	4.968246748e-09	5.175893222e-09	0.9999999813	3.484985892e-09	
5.075717951e-09	4.968226248e-09	5.156935734e-09	0.9999999813	3.484972001e-09	
5.094045423e-09	4.968247936e-09	5.177014094e-09	0.9999999813	3.484986708e-09	
3.151921155e-05	7.109479289e-09	7.449855206e-09	0.9999684612	4.986943711e-09	
5.075729472e-09	4.968237502e-09	5.177003072e-09	0.9999999813	3.484979629e-09	
5.075730227e-09	4.968238216e-09	5.17826412e-09	0.9999999813	3.484980109e-09	
5.075765897e-09	5.025120801e-09	5.156984559e-09	0.9999999812	3.500619854e-09	
5.805559948e-09	4.968608089e-09	5.136103529e-09	0.9999999806	3.485231629e-09	
5.074559943e-09	4.968213658e-09	5.13569446e-09	0.9999999813	3.484963456e-09	
5.092871573e-09	4.968224106e-09	5.135705344e-09	0.9999999813	3.484970538e-09	
5.091903502e-09	5.01872241e-09	5.154617369e-09	0.9999999812	3.49887746e-09	
5.074572182e-09	4.968225583e-09	5.156935001e-09	0.9999999813	3.484971555e-09	
5.074572559e-09	4.968226426e-09	5.158359279e-09	0.9999999813	3.484972106e-09	
5.074613327e-09	5.01871232e-09	5.154607009e-09	0.9999999813	3.498870715e-09	
5.091860639e-09	4.968234149e-09	5.154573854e-09	0.9999999813	3.484977345e-09	
5.074559908e-09	4.96821365e-09	5.135694452e-09	0.9999999813	3.484963454e-09	
5.092883199e-09	4.968235338e-09	5.15569011e-09	0.9999999813	3.484978161e-09	
3.151202056e-05	7.109461312e-09	7.419169502e-09	0.9999684685	4.986931517e-09	
5.074571427e-09	4.968224903e-09	5.155679133e-09	0.9999999813	3.484971082e-09	
5.074572182e-09	4.968225617e-09	5.156934987e-09	0.9999999813	3.484971562e-09	
5.074607844e-09	5.025108059e-09	5.135743075e-09	0.9999999813	3.500611269e-09	
5.784685817e-09	4.968597641e-09	5.136092645e-09	0.9999999806	3.485224547e-09	
5.805559948e-09	4.968608089e-09	5.136103529e-09	0.9999999806	3.485231629e-09	
5.804456407e-09	5.019110297e-09	5.15501702e-09	0.9999999805	3.499139593e-09	
5.784699769e-09	4.968609566e-09	5.157334832e-09	0.9999999806	3.485232647e-09	
5.784746672e-09	5.019100206e-09	5.155006659e-09	0.9999999805	3.499132847e-09	
5.804407545e-09	4.968618133e-09	5.154973503e-09	0.9999999806	3.485238437e-09	
5.784685778e-09	4.968597632e-09	5.136092636e-09	0.9999999806	3.485224545e-09	
5.805573201e-09	4.968619322e-09	5.156089845e-09	0.9999999806	3.485239253e-09	
5.784698909e-09	4.968608887e-09	5.156078867e-09	0.9999999806	3.485232173e-09	
5.784699769e-09	4.968609601e-09	5.157334818e-09	0.9999999806	3.485232653e-09	
5.784740421e-09	5.025496439e-09	5.136141264e-09	0.9999999806	3.500873532e-09	
5.074559943e-09	4.968213658e-09	5.13569446e-09	0.9999999813	3.484963456e-09	
5.073595353e-09	5.018711857e-09	5.154606445e-09	0.9999999813	3.49887035e-09	
5.056326348e-09	4.968215135e-09	5.156924072e-09	0.9999999813	3.484964473e-09	
5.056326724e-09	4.968215979e-09	5.158348347e-09	0.9999999813	3.484965024e-09	
5.056367345e-09	5.018701767e-09	5.154596085e-09	0.9999999813	3.498863605e-09	
5.073552644e-09	4.968223702e-09	5.154562931e-09	0.9999999813	3.484970264e-09	
5.056314119e-09	4.968203202e-09	5.135683568e-09	0.9999999814	3.484956373e-09	
5.074571527e-09	4.968224891e-09	5.155679184e-09	0.9999999813	3.484971079e-09	
5.056325596e-09	4.968214456e-09	5.155668207e-09	0.9999999813	3.484964e-09	
5.056326348e-09	4.96821517e-09	5.156924058e-09	0.9999999813	3.48496448e-09	
5.056361882e-09	5.025097492e-09	5.135732192e-09	0.9999999813	3.500604156e-09	
5.091903502e-09	5.01872241e-09	5.154617369e-09	0.9999999812	3.49887746e-09	
5.074572182e-09	4.968225583e-09	5.156935001e-09	0.9999999813	3.484971555e-09	
5.074572559e-09	4.968226426e-09	5.158359279e-09	0.9999999813	3.484972106e-09	
5.074613327e-09	5.01871232e-09	5.154607009e-09	0.9999999813	3.498870715e-09	
5.091860639e-09	4.968234149e-09	5.154573854e-09	0.9999999813	3.484977345e-09	
5.074559908e-09	4.96821365e-09	5.135694452e-09	0.9999999813	3.484963454e-09	
5.092883199e-09	4.968235338e-09	5.15569011e-09	0.9999999813	3.484978161e-09	
3.151202056e-05	7.109461312e-09	7.419169502e-09	0.9999684685	4.986931517e-09	
5.074571427e-09	4.968224903e-09	5.155679133e-09	0.9999999813	3.484971082e-09	
5.074572182e-09	4.968225617e-09	5.156934987e-09	0.9999999813	3.484971562e-09	
5.074607844e-09	5.025108059e-09	5.135743075e-09	0.9999999813	3.500611269e-09	
7.43441189e-09	7.313051209e-09	3.39712774e-05	0.9999660089	5.098389346e-09	
7.409107257e-09	7.239469447e-09	3.398655113e-05	0.9999659937	5.07812628e-09	
7.409107738e-09	7.239470608e-09	3.399593745e-05	0.9999659843	5.078127035e-09	
7.409167444e-09	7.313036507e-09	3.397120912e-05	0.999966009	5.098379518e-09	
7.43434931e-09	7.239482042e-09	3.397099063e-05	0.9999660093	5.078134796e-09	
7.435842239e-09	7.239483721e-09	3.397834701e-05	0.9999660019	5.078135947e-09	
4.600763707e-05	1.03592749e-08	4.889426946e-05	0.9999050805	7.266493563e-09	
7.409106217e-09	7.239468517e-09	3.397827467e-05	0.999966002	5.078125632e-09	
7.409107258e-09	7.239469497e-09	3.398655104e-05	0.9999659937	5.07812629e-09	
5.07360759e-09	5.018723903e-09	5.175925203e-09	0.9999999812	3.498878481e-09	
5.073607967e-09	5.018724755e-09	5.177354726e-09	0.9999999812	3.498879034e-09	
5.073648727e-09	5.0697238e-09	5.173588638e-09	0.9999999812	3.512833106e-09	
5.09089276e-09	5.018732556e-09	5.173555362e-09	0.9999999812	3.498884294e-09	
5.073595318e-09	5.018711848e-09	5.154606437e-09	0.9999999813	3.498870348e-09	
3.150603083e-05	7.181723744e-09	7.446490335e-09	0.9999684743	5.006832107e-09	
5.073606835e-09	5.018723216e-09	5.174664711e-09	0.9999999812	3.498878006e-09	
5.07360759e-09	5.018723937e-09	5.175925189e-09	0.9999999812	3.498878488e-09	
5.073643245e-09	5.076184547e-09	5.154655239e-09	0.9999999812	3.514580606e-09	
5.056338919e-09	4.968227903e-09	5.179682582e-09	0.9999999813	3.484973123e-09	
5.056379541e-09	5.018713812e-09	5.1759148e-09	0.9999999813	3.498871736e-09	
5.07356488e-09	4.968235626e-09	5.175881509e-09	0.9999999813	3.484978363e-09	
5.056326314e-09	4.968215127e-09	5.156924064e-09	0.9999999813	3.484964472e-09	
5.074583766e-09	4.968236815e-09	5.177002379e-09	0.9999999813	3.484979178e-09	
5.056337791e-09	4.96822638e-09	5.176991357e-09	0.9999999813	3.484972099e-09	
5.056338544e-09	4.968227094e-09	5.178252402e-09	0.9999999813	3.484972579e-09	
5.056379916e-09	5.018714664e-09	5.17734432e-09	0.9999999812	3.498872289e-09	
5.073565257e-09	4.96823647e-09	5.17731102e-09	0.9999999813	3.484978913e-09	
5.056326689e-09	4.96821597e-09	5.158348339e-09	0.9999999813	3.484965023e-09	
5.074584143e-09	4.968237658e-09	5.178432199e-09	0.9999999813	3.484979729e-09	
5.056338167e-09	4.968227224e-09	5.178421174e-09	0.9999999813	3.48497265e-09	
5.056374452e-09	5.025110406e-09	5.158397177e-09	0.9999999813	3.500612844e-09	
5.073606017e-09	5.018722466e-09	5.173544964e-09	0.9999999812	3.498877549e-09	
5.056367311e-09	5.018701758e-09	5.154596076e-09	0.9999999813	3.498863603e-09	
5.074624911e-09	5.018723667e-09	5.174665328e-09	0.9999999812	3.498878368e-09	
5.056378789e-09	5.018713126e-09	5.17465431e-09	0.9999999813	3.498871261e-09	
5.056379541e-09	5.018713847e-09	5.175914786e-09	0.9999999813	3.498871743e-09	
5.056415074e-09	5.076174341e-09	5.154644879e-09	0.9999999812	3.514573831e-09	
5.073552609e-09	4.968223693e-09	5.154562922e-09	0.9999999813	3.484970262e-09	
5.091872262e-09	4.968245382e-09	5.174632044e-09	0.9999999813	3.484984969e-09	
3.150576562e-05	7.109475729e-09	7.446427475e-09	0.9999684747	4.986941289e-09	
5.073564126e-09	4.968234947e-09	5.174621027e-09	0.9999999813	3.484977889e-09	
5.073564881e-09	4.968235661e-09	5.175881495e-09	0.9999999813	3.484978369e-09	
5.073600535e-09	5.025118217e-09	5.154611725e-09	0.9999999812	3.500618107e-09	
5.074571492e-09	4.968224882e-09	5.155679175e-09	0.9999999813	3.484971078e-09	
5.056325562e-09	4.968214447e-09	5.155668199e-09	0.9999999813	3.484963998e-09	
5.056326314e-09	4.968215161e-09	5.15692405e-09	0.9999999813	3.484964478e-09	
5.056361847e-09	5.025097483e-09	5.135732183e-09	0.9999999813	3.500604154e-09	
3.151209249e-05	7.109477385e-09	7.448039999e-09	0.9999684684	4.986942425e-09	
5.074583011e-09	4.968236136e-09	5.175741624e-09	0.9999999813	3.484978705e-09	
5.074583766e-09	4.968236849e-09	5.177002365e-09	0.9999999813	3.484979185e-09	
5.074619428e-09	5.02511942e-09	5.155727989e-09	0.9999999812	3.500618927e-09	
5.056337792e-09	4.968226415e-09	5.176991343e-09	0.9999999813	3.484972106e-09	
5.056373325e-09	5.025108865e-09	5.155717012e-09	0.9999999813	3.500611816e-09	
5.056374077e-09	5.025109588e-09	5.156972874e-09	0.9999999813	3.500612298e-09	
