4.431107625e-09	2.617763025e-09	4.98701071e-09	4.597259575e-09	0.9999999834	
4.423246366e-09	2.637685486e-09	4.979111888e-09	4.602000626e-09	0.9999999834	
4.462109927e-09	3.896828454e-09	4.980252042e-09	4.610622822e-09	0.9999999821	
4.430620776e-09	2.617759844e-09	4.986522099e-09	4.609535417e-09	0.9999999834	
4.42322253e-09	2.617758108e-09	4.979084557e-09	4.597250514e-09	0.9999999834	
4.430184839e-09	2.617765319e-09	4.986083674e-09	4.608810507e-09	0.9999999834	
4.423251793e-09	2.636432796e-09	4.979118055e-09	4.614019366e-09	0.9999999833	
4.429817312e-09	2.634345674e-09	4.985716891e-09	4.612154866e-09	0.9999999833	
4.423230441e-09	2.61776305e-09	4.979093564e-09	4.611287361e-09	0.9999999834	
4.430184839e-09	2.617765319e-09	4.986083674e-09	4.608810505e-09	0.9999999834	
4.431107625e-09	2.617763025e-09	4.987010705e-09	4.597259575e-09	0.9999999834	
4.431115025e-09	2.617767189e-09	4.987019127e-09	4.610357348e-09	0.9999999834	
4.429817313e-09	2.634346798e-09	4.985716892e-09	4.612154849e-09	0.9999999833	
4.423229908e-09	2.617762273e-09	4.979092958e-09	4.610348215e-09	0.9999999834	
1.740717097e-05	3.67077085e-09	8.825884767e-06	6.445733385e-09	0.9999737568	
4.423246366e-09	2.637685486e-09	4.979111893e-09	4.602000626e-09	0.9999999834	
4.431115029e-09	2.617767183e-09	4.987019138e-09	4.610357337e-09	0.9999999834	
4.462109927e-09	3.896828454e-09	4.980252047e-09	4.610622822e-09	0.9999999821	
4.430620776e-09	2.617759844e-09	4.986522104e-09	4.609535417e-09	0.9999999834	
4.42322253e-09	2.617758108e-09	4.979084562e-09	4.597250514e-09	0.9999999834	
4.430184839e-09	2.617765319e-09	4.986083679e-09	4.608810507e-09	0.9999999834	
4.423251793e-09	2.636432796e-09	4.97911806e-09	4.614019366e-09	0.9999999833	
4.429817312e-09	2.634345674e-09	4.985716896e-09	4.612154866e-09	0.9999999833	
4.423230441e-09	2.61776305e-09	4.979093569e-09	4.611287361e-09	0.9999999834	
4.430184839e-09	2.617765319e-09	4.986083679e-09	4.608810505e-09	0.9999999834	
4.431107625e-09	2.617763025e-09	4.98701071e-09	4.597259575e-09	0.9999999834	
4.429817313e-09	2.634346798e-09	4.985716897e-09	4.612154849e-09	0.9999999833	
4.423229908e-09	2.617762273e-09	4.979092963e-09	4.610348215e-09	0.9999999834	
1.740717097e-05	3.67077085e-09	8.825884776e-06	6.445733385e-09	0.9999737568	
4.423253757e-09	2.637689676e-09	4.979120303e-09	4.615111895e-09	0.9999999833	
4.454193667e-09	3.92648523e-09	4.97236393e-09	4.615377654e-09	0.999999982	
4.422760381e-09	2.637682281e-09	4.978624056e-09	4.614289127e-09	0.9999999833	
4.41537526e-09	2.637680531e-09	4.971198294e-09	4.601991555e-09	0.9999999834	
4.422325218e-09	2.637687797e-09	4.978186325e-09	4.61356347e-09	0.9999999833	
4.415404471e-09	2.656497343e-09	4.971231739e-09	4.6187777e-09	0.9999999833	
4.421958342e-09	2.654394337e-09	4.977820123e-09	4.616911278e-09	0.9999999833	
4.422325218e-09	2.637687797e-09	4.978186325e-09	4.613563467e-09	0.9999999833	
4.423246366e-09	2.637685486e-09	4.979111888e-09	4.602000626e-09	0.9999999834	
4.423253754e-09	2.637689682e-09	4.979120297e-09	4.615111905e-09	0.9999999833	
4.421958344e-09	2.65439547e-09	4.977820125e-09	4.61691126e-09	0.9999999833	
4.415382625e-09	2.637684728e-09	4.971206682e-09	4.615102763e-09	0.9999999834	
1.166706393e-08	6.130791336e-05	1.310713127e-08	1.711945079e-06	0.9999369554	
4.462117383e-09	3.896834644e-09	4.980260459e-09	4.623758656e-09	0.999999982	
4.430628179e-09	2.617764003e-09	4.986530526e-09	4.622668153e-09	0.9999999833	
4.423229921e-09	2.617762267e-09	4.979092972e-09	4.61034825e-09	0.9999999834	
4.430192242e-09	2.617769478e-09	4.986092101e-09	4.621941178e-09	0.9999999833	
4.429824714e-09	2.634349859e-09	4.985725317e-09	4.625295065e-09	0.9999999833	
4.423237832e-09	2.617767208e-09	4.979101979e-09	4.624425088e-09	0.9999999834	
4.430192242e-09	2.617769478e-09	4.986092101e-09	4.621941175e-09	0.9999999833	
4.431115029e-09	2.617767183e-09	4.987019133e-09	4.610357337e-09	0.9999999834	
4.43112243e-09	2.617771348e-09	4.987027556e-09	4.623492425e-09	0.9999999833	
4.429824715e-09	2.634350983e-09	4.985725318e-09	4.625295048e-09	0.9999999833	
5.968627859e-09	3.538215359e-09	6.683357699e-09	2.247770241e-05	0.9999775061	
4.423237299e-09	2.617766431e-09	4.979101373e-09	4.623483266e-09	0.9999999834	
1.740720006e-05	3.670776681e-09	8.825899683e-06	6.464097516e-09	0.9999737568	
4.454169664e-09	3.896821134e-09	4.972336636e-09	4.610613735e-09	0.9999999821	
4.461180685e-09	3.896831869e-09	4.979326268e-09	4.62220733e-09	0.999999982	
4.454199132e-09	3.924620463e-09	4.972370089e-09	4.62743133e-09	0.999999982	
4.460810586e-09	3.921513553e-09	4.978959982e-09	4.625561411e-09	0.999999982	
4.45417763e-09	3.89682849e-09	4.972345631e-09	4.624691384e-09	0.9999999821	
4.461180685e-09	3.896831869e-09	4.979326268e-09	4.622207328e-09	0.999999982	
4.462109927e-09	3.896828454e-09	4.980252042e-09	4.610622822e-09	0.9999999821	
4.462117379e-09	3.896834653e-09	4.980260453e-09	4.623758667e-09	0.999999982	
4.460810588e-09	3.921515226e-09	4.978959983e-09	4.625561393e-09	0.999999982	
6.010377388e-09	5.26701471e-09	6.674288765e-09	2.247899674e-05	0.9999775031	
4.454177093e-09	3.896827334e-09	4.972345026e-09	4.623749507e-09	0.9999999821	
6.634555656e-05	0.0005955105755	6.265404233e-08	6.040765909e-08	0.9993380208	
4.422736547e-09	2.617754927e-09	4.978596727e-09	4.609526332e-09	0.9999999834	
4.429698092e-09	2.617762139e-09	4.985595158e-09	4.621117193e-09	0.9999999833	
4.422765807e-09	2.636429592e-09	4.978630222e-09	4.626339961e-09	0.9999999833	
4.429330605e-09	2.634342473e-09	4.985228411e-09	4.624470482e-09	0.9999999833	
4.422744457e-09	2.617759869e-09	4.978605734e-09	4.623600661e-09	0.9999999834	
4.429698092e-09	2.617762139e-09	4.985595159e-09	4.621117191e-09	0.9999999833	
4.430620776e-09	2.617759844e-09	4.986522099e-09	4.609535417e-09	0.9999999834	
4.430628176e-09	2.617764009e-09	4.98653052e-09	4.622668164e-09	0.9999999833	
4.429330606e-09	2.634343597e-09	4.985228413e-09	4.624470465e-09	0.9999999833	
5.967962133e-09	3.538205454e-09	6.682691625e-09	2.247369525e-05	0.9999775101	
4.422743924e-09	2.617759092e-09	4.978605127e-09	4.622659007e-09	0.9999999834	
1.740525848e-05	3.6707664e-09	8.825020069e-06	6.462945136e-09	0.9999737596	
4.422301386e-09	2.617760403e-09	4.978158999e-09	4.608801424e-09	0.9999999834	
4.415380677e-09	2.636427844e-09	4.971204451e-09	4.614010272e-09	0.9999999834	
4.421934513e-09	2.634340726e-09	4.977792799e-09	4.612145776e-09	0.9999999834	
4.415359363e-09	2.617758133e-09	4.97118e-09	4.611278272e-09	0.9999999834	
4.422301387e-09	2.617760403e-09	4.978158999e-09	4.608801421e-09	0.9999999834	
4.42322253e-09	2.617758108e-09	4.979084557e-09	4.597250514e-09	0.9999999834	
4.423229917e-09	2.617762273e-09	4.979092966e-09	4.610348261e-09	0.9999999834	
4.421934514e-09	2.63434185e-09	4.977792801e-09	4.612145759e-09	0.9999999834	
4.415358831e-09	2.617757356e-09	4.971179394e-09	4.610339128e-09	0.9999999834	
4.422330643e-09	2.636435107e-09	4.978192491e-09	4.625612408e-09	0.9999999833	
4.428894795e-09	2.634347983e-09	4.9847901e-09	4.623743224e-09	0.9999999833	
4.422309296e-09	2.617765344e-09	4.978168005e-09	4.622873539e-09	0.9999999834	
4.429262246e-09	2.617767614e-09	4.985156815e-09	4.620390459e-09	0.9999999833	
4.430184839e-09	2.617765319e-09	4.986083674e-09	4.608810507e-09	0.9999999834	
4.430192238e-09	2.617769484e-09	4.986092095e-09	4.621941189e-09	0.9999999833	
4.428894796e-09	2.634349107e-09	4.984790102e-09	4.623743206e-09	0.9999999833	
5.967374956e-09	3.538212867e-09	6.682104093e-09	2.247016104e-05	0.9999775137	
4.422308763e-09	2.617764567e-09	4.978167399e-09	4.621932033e-09	0.9999999834	
1.740354599e-05	3.670774086e-09	8.824244177e-06	6.461928769e-09	0.9999737621	
4.421963768e-09	2.653133712e-09	4.977826288e-09	4.628968959e-09	0.9999999833	
4.415388574e-09	2.636432821e-09	4.971213444e-09	4.628098291e-09	0.9999999833	
4.422330644e-09	2.636435107e-09	4.978192491e-09	4.625612405e-09	0.9999999833	
4.423251793e-09	2.636432796e-09	4.979118055e-09	4.614019366e-09	0.9999999833	
4.42325918e-09	2.63643699e-09	4.979126464e-09	4.627164887e-09	0.9999999833	
4.421963769e-09	2.653134844e-09	4.97782629e-09	4.628968942e-09	0.9999999833	
5.958036123e-09	3.563444032e-09	6.672768943e-09	2.249555615e-05	0.9999774882	
4.415388042e-09	2.636432038e-09	4.971212839e-09	4.627155721e-09	0.9999999833	
1.166707853e-08	6.127879851e-05	1.310714783e-08	1.716416095e-06	0.99993698	
4.421942422e-09	2.634345699e-09	4.977801804e-09	4.626228102e-09	0.9999999833	
4.428894795e-09	2.634347983e-09	4.9847901e-09	4.623743221e-09	0.9999999833	
4.429817312e-09	2.634345674e-09	4.985716891e-09	4.612154866e-09	0.9999999833	
4.42982471e-09	2.634349865e-09	4.985725311e-09	4.625295076e-09	0.9999999833	
4.428527376e-09	2.6510345e-09	4.984423414e-09	4.627098401e-09	0.9999999833	
5.966879806e-09	3.560623078e-09	6.681612439e-09	2.248646603e-05	0.9999774973	
4.421941888e-09	2.634344917e-09	4.977801198e-09	4.625285913e-09	0.9999999833	
1.740210223e-05	3.694023977e-09	8.823595073e-06	6.466617846e-09	0.9999737641	
1.168439678e-08	6.12302904e-05	1.31245194e-08	1.715722585e-06	0.9999370292	
4.422309296e-09	2.617765344e-09	4.978168005e-09	4.622873536e-09	0.9999999834	
4.423230441e-09	2.61776305e-09	4.979093564e-09	4.611287361e-09	0.9999999834	
4.423237828e-09	2.617767214e-09	4.979101973e-09	4.624425099e-09	0.9999999834	
4.421942423e-09	2.634346823e-09	4.977801806e-09	4.626228085e-09	0.9999999833	
5.958007442e-09	3.538209756e-09	6.672736211e-09	2.248223662e-05	0.9999775016	
4.430184839e-09	2.617765319e-09	4.986083674e-09	4.608810505e-09	0.9999999834	
4.430192238e-09	2.617769484e-09	4.986092095e-09	4.621941186e-09	0.9999999833	
4.428894796e-09	2.634349107e-09	4.984790102e-09	4.623743204e-09	0.9999999833	
5.967374956e-09	3.538212867e-09	6.682104093e-09	2.247016103e-05	0.9999775137	
4.422308763e-09	2.617764567e-09	4.978167399e-09	4.62193203e-09	0.9999999834	
1.740354599e-05	3.670774086e-09	8.824244178e-06	6.461928765e-09	0.9999737621	
4.429817313e-09	2.634346798e-09	4.985716892e-09	4.612154849e-09	0.9999999833	
4.423229908e-09	2.617762273e-09	4.979092958e-09	4.610348215e-09	0.9999999834	
1.740717097e-05	3.67077085e-09	8.825884767e-06	6.445733385e-09	0.9999737568	
4.429824711e-09	2.634350989e-09	4.985725312e-09	4.625295058e-09	0.9999999833	
5.968627854e-09	3.538215368e-09	6.683357691e-09	2.247770246e-05	0.9999775061	
4.423237295e-09	2.617766437e-09	4.979101367e-09	4.623483277e-09	0.9999999834	
1.740720004e-05	3.670776689e-09	8.825899672e-06	6.46409753e-09	0.9999737568	
5.966879808e-09	3.560624597e-09	6.681612441e-09	2.248646594e-05	0.9999774973	
4.42194189e-09	2.634346041e-09	4.977801199e-09	4.625285896e-09	0.9999999833	
1.740210224e-05	3.694025553e-09	8.823595075e-06	6.466617822e-09	0.9999737641	
1.168439678e-08	6.123031653e-05	1.312451941e-08	1.715722578e-06	0.9999370292	
5.95800675e-09	3.538208722e-09	6.672735429e-09	2.247765793e-05	0.9999775062	
1.561311321e-08	8.155909226e-05	1.744797456e-08	0.008269034319	0.9916493735	
1.273009061e-05	1.145384252e-08	4.872782336e-07	0.9997585451	0.0002282260292	
1.564860835e-05	1.153736822e-08	2.387030427e-08	0.999753841	0.0002304750133	
8.858444547e-06	1.139971833e-08	4.090099196e-06	0.9997590128	0.000228027302	
7.609632544e-06	1.139673163e-08	5.382179091e-06	0.9997590282	0.0002279686141	
0.8308048375	1.694424482e-08	0.1688629485	2.968237609e-08	0.0003321673769	
0.7113377063	1.858929534e-08	0.2882950575	3.26423574e-08	0.0003671849063	
0.8751636362	1.631040843e-08	0.1245177223	2.858316192e-08	0.0003185966096	
0.9990400801	6.075716696e-07	0.0006671859928	2.559618367e-08	0.0002921007093	
2.058770107e-08	0.9839570011	2.309916414e-08	0.01592040393	0.0001225513112	
1.316994753e-08	0.9999173035	1.475784666e-08	4.685977066e-06	7.798260374e-05	
1.317015054e-08	0.9999176716	1.475713525e-08	4.383519175e-06	7.791697134e-05	
1.318690788e-08	0.9999026332	1.477933022e-08	1.92997329e-05	7.803909529e-05	
3.100371578e-06	0.9995000066	1.531046028e-08	0.0004158970134	8.098074795e-05	
1.257499855e-07	0.9999100694	1.479884365e-08	1.16979131e-05	7.809211996e-05	
3.240530797e-07	0.999912197	1.4821889e-08	9.247958076e-06	7.821614026e-05	
1.317006206e-08	0.9999172173	1.475804035e-08	4.770907922e-06	7.798385373e-05	
7.915567386e-06	0.9999919488	1.002620862e-08	1.165827933e-07	9.024508175e-09	
8.055352945e-09	0.9999999549	8.909168026e-09	1.97561761e-08	8.403164644e-09	
7.959383186e-09	0.9999999268	8.914023652e-09	4.780411197e-08	8.504615252e-09	
7.959502971e-09	0.9999999299	8.913590692e-09	4.471856393e-08	8.497454422e-09	
7.960945576e-09	0.9999999286	8.913736885e-09	4.615106191e-08	8.407473804e-09	
7.969749076e-09	0.9999997777	8.927129781e-09	1.968895661e-07	8.510899698e-09	
1.874510013e-06	0.9999938629	9.251617832e-09	4.244529408e-06	8.835220081e-09	
3.351740065e-07	0.999999545	8.968226715e-09	1.024462283e-07	8.458858745e-09	
7.972713094e-09	0.9999997495	8.928886014e-09	2.251304042e-07	8.421757309e-09	
7.599874028e-08	0.9999997872	8.938850043e-09	1.193373991e-07	8.516619282e-09	
1.958455184e-07	0.9999996923	8.952750078e-09	9.434373476e-08	8.530125805e-09	
7.959453084e-09	0.999999926	8.914141407e-09	4.867054037e-08	8.504752299e-09	
7.960734293e-09	0.9999999283	8.913778567e-09	4.645572339e-08	8.407513269e-09	
1.256718535e-05	0.9995765036	1.594142227e-08	0.0004108987194	1.457256495e-08	
8.00961883e-06	0.9999919221	1.002096717e-08	4.920519698e-08	9.019790447e-09	
7.914194361e-06	0.9999919476	1.002642928e-08	1.190620523e-07	9.128686009e-09	
7.914313502e-06	0.9999919552	1.002594233e-08	1.113771138e-07	9.120999755e-09	
7.915747889e-06	0.9999919503	1.002610674e-08	1.149449268e-07	9.024416305e-09	
7.924499557e-06	0.9999915659	1.004116862e-08	4.903776974e-07	9.135429483e-09	
0.001860406623	0.9981290216	1.038682971e-08	1.055189522e-05	9.465940806e-09	
0.0003331627653	0.999666563	1.008411803e-08	2.550720733e-07	9.076620967e-09	
7.927446389e-06	0.9999914928	1.004314357e-08	5.607149555e-07	9.03974542e-09	
7.556214798e-05	0.9999241215	1.005367328e-08	2.972044314e-07	9.140952131e-09	
0.0001946972694	0.9998050486	1.006810876e-08	2.349308761e-07	9.154359405e-09	
7.914263852e-06	0.9999919454	1.002656172e-08	1.212199992e-07	9.128833099e-09	
7.915537803e-06	0.9999919497	1.002615362e-08	1.157037238e-07	9.024458664e-09	
0.9990262914	0.0007700755723	0.0002030472538	4.94677797e-07	9.109368017e-08	
1.264968659e-08	0.9993062107	1.418996502e-08	0.0006937486968	1.373937816e-08	
2.933418162e-06	0.9852515171	1.449900686e-08	0.01474552093	1.406242021e-08	
5.321693649e-07	0.9996383462	1.426003124e-08	0.0003610936692	1.365990878e-08	
1.265313239e-08	0.999206782	1.419134487e-08	0.0007931775772	1.359412082e-08	
1.206591193e-07	0.9995792461	1.421247677e-08	0.0004206052476	1.375236777e-08	
3.109607768e-07	0.9996671168	1.423583005e-08	0.0003325442173	1.377538984e-08	
9.059066175e-06	0.0001205712512	1.659901717e-06	0.9998686955	1.430965046e-08	
1.252871003e-08	6.847707013e-05	1.407915795e-08	0.9999314829	1.342689802e-08	
1.50761801e-08	7.237891949e-05	1.131310091e-05	0.9999162787	1.422571069e-08	
3.098849444e-06	7.294520157e-05	8.581109612e-06	0.9999153605	1.4325641e-08	
8.053955679e-09	0.9999999544	8.909364105e-09	2.017631253e-08	8.500169769e-09	
8.054076874e-09	0.9999999557	8.908931355e-09	1.887401905e-08	8.493012666e-09	
8.055536626e-09	0.9999999552	8.90907748e-09	1.947862243e-08	8.40307909e-09	
8.06444543e-09	0.9999998914	8.922464152e-09	8.309966647e-08	8.506451662e-09	
1.896787288e-06	0.9999962937	9.24680404e-09	1.791460068e-06	8.830623008e-09	
3.391565156e-07	0.9999996002	8.963539084e-09	4.323868998e-08	8.454437414e-09	
8.067444799e-09	0.9999998796	8.924219613e-09	9.501906162e-08	8.417355999e-09	
7.690175186e-08	0.9999998553	8.934177881e-09	5.03678169e-08	8.512167869e-09	
1.981725376e-07	0.9999997445	8.948070509e-09	3.981893286e-08	8.525667197e-09	
8.054026412e-09	0.999999954	8.909481803e-09	2.054199929e-08	8.500306748e-09	
8.055322834e-09	0.999999955	8.909119141e-09	1.960720855e-08	8.403118536e-09	
7.958122327e-09	0.9999999289	8.913786863e-09	4.566955247e-08	8.595548012e-09	
7.959564682e-09	0.9999999275	8.913933059e-09	4.713251407e-08	8.504528669e-09	
7.968366629e-09	0.9999997734	8.927326222e-09	2.010766346e-07	8.609148471e-09	
1.874184696e-06	0.9999937728	9.25182062e-09	4.334793523e-06	8.937212002e-09	
3.351158673e-07	0.9999995427	8.968424079e-09	1.046248579e-07	8.556506782e-09	
7.971330128e-09	0.9999997447	8.929082488e-09	2.299180445e-07	8.518977028e-09	
7.598555753e-08	0.9999997846	8.939046756e-09	1.218752376e-07	8.614934096e-09	
1.958115471e-07	0.9999996903	8.952947103e-09	9.635005605e-08	8.628596541e-09	
7.958072448e-09	0.9999999248	8.91433759e-09	4.970557196e-08	8.602930134e-09	
7.959353435e-09	0.9999999272	8.913974742e-09	4.74436545e-08	8.504568589e-09	
7.95968447e-09	0.9999999305	8.913500104e-09	4.409031476e-08	8.49736791e-09	
7.968486628e-09	0.9999997864	8.926892704e-09	1.88098012e-07	8.601899709e-09	
1.87421342e-06	0.9999940526	9.251373812e-09	4.055002528e-06	8.929689398e-09	
3.351209119e-07	0.9999995495	8.96798851e-09	9.787177752e-08	8.54930229e-09	
7.971450187e-09	0.9999997595	8.928648902e-09	2.150778347e-07	8.511804205e-09	
7.598670144e-08	0.9999997925	8.938612624e-09	1.140087203e-07	8.607680419e-09	
1.958144946e-07	0.9999996965	8.95251228e-09	9.01310782e-08	8.621331346e-09	
7.958192215e-09	0.999999928	8.913904616e-09	4.649729292e-08	8.595686524e-09	
7.95947322e-09	0.9999999302	8.913541784e-09	4.438137242e-08	8.497407798e-09	
5.975784374e-08	0.9999678381	1.00371243e-08	3.20825471e-05	9.561202044e-09	
7.969930825e-09	0.9999997805	8.927039074e-09	1.941234735e-07	8.510813067e-09	
1.874552867e-06	0.9999939225	9.251524354e-09	4.184898444e-06	8.835130652e-09	
3.351816496e-07	0.9999995464	8.968135579e-09	1.010069658e-07	8.458772634e-09	
7.972894914e-09	0.9999997527	8.928795293e-09	2.219675575e-07	8.42167159e-09	
7.600047334e-08	0.9999997889	8.938759207e-09	1.176608333e-07	8.516532585e-09	
1.958499843e-07	0.9999996936	8.952659098e-09	9.301830378e-08	8.530038967e-09	
7.959634582e-09	0.9999999266	8.914050814e-09	4.798677005e-08	8.504665714e-09	
7.96091582e-09	0.9999999289	8.913687976e-09	4.580306894e-08	8.407427674e-09	
5.97686131e-08	0.9999668105	1.003727862e-08	3.311023359e-05	9.459947559e-09	
1.876600443e-06	0.9999802518	9.265299508e-09	1.785336382e-05	8.943696516e-09	
3.355522453e-07	0.999999216	8.981608597e-09	4.309156337e-07	8.562828051e-09	
7.981707044e-09	0.9999990276	8.942205679e-09	9.469569965e-07	8.525267244e-09	
7.608449962e-08	0.9999994044	8.952187608e-09	5.019642894e-07	8.621298068e-09	
1.960665322e-07	0.9999993895	8.9661091e-09	3.968344367e-07	8.634971292e-09	
7.968436584e-09	0.9999997698	8.927444128e-09	2.047210592e-07	8.609287178e-09	
7.969719295e-09	0.9999997792	8.927080809e-09	1.954049594e-07	8.510853009e-09	
7.891650772e-05	0.9999117764	9.307318029e-09	9.288887184e-06	8.888402552e-09	
1.877293612e-06	0.9999776905	9.267098794e-09	2.041410782e-05	8.849998634e-09	
1.789491556e-05	0.9999712658	9.27738029e-09	1.082106523e-05	8.949626444e-09	
4.611324318e-05	0.999945314	9.29156648e-09	8.554512813e-06	8.963587891e-09	
1.874201009e-06	0.9999936943	9.251942118e-09	4.413359396e-06	8.937355325e-09	
1.874503065e-06	0.9999938949	9.251567363e-09	4.212524505e-06	8.835171883e-09	
0.07534991892	0.924643323	3.635123305e-08	6.689076726e-06	3.268492712e-08	
3.356770287e-07	0.9999991541	8.983375245e-09	4.927239643e-07	8.473141484e-09	
3.199784427e-06	0.9999965215	8.993376064e-09	2.611830222e-07	8.568559363e-09	
8.245667878e-06	0.9999915303	9.007316785e-09	2.064806281e-07	8.582106237e-09	
3.351188099e-07	0.9999995408	8.968542543e-09	1.06521137e-07	8.556644656e-09	
3.351727538e-07	0.9999995457	8.968177512e-09	1.016737528e-07	8.458812337e-09	
0.01436170858	0.9856380484	3.756200755e-08	1.720970235e-07	3.335666905e-08	
7.611279276e-08	0.9999993324	8.953948378e-09	5.739634694e-07	8.530999004e-09	
1.961394454e-07	0.9999993326	8.967872744e-09	4.537543374e-07	8.544529144e-09	
7.971400105e-09	0.9999997405	8.929200413e-09	2.340852066e-07	8.519114278e-09	
7.972683304e-09	0.9999997512	8.928837034e-09	2.234328532e-07	8.421711112e-09	
1.869668238e-06	0.9999978722	8.97786683e-09	2.40526292e-07	8.640761064e-09	
7.598622472e-08	0.9999997824	8.93916483e-09	1.240841722e-07	8.615072908e-09	
7.599845625e-08	0.9999997881	8.938801002e-09	1.184375591e-07	8.516572558e-09	
0.003293002008	0.9967067234	3.785939688e-08	2.027233509e-07	3.396158568e-08	
1.958132665e-07	0.9999996885	8.953065364e-09	9.809635813e-08	8.628735578e-09	
1.958447864e-07	0.999999693	8.952700959e-09	9.363235449e-08	8.530079005e-09	
0.008442088023	0.991557681	3.772238446e-08	1.594376589e-07	3.383972294e-08	
7.959423333e-09	0.9999999263	8.914092496e-09	4.830354977e-08	8.504705635e-09	
0.0639638191	9.264638155e-09	0.001632860039	0.9344032945	1.708653688e-08	
0.07761099055	9.211463206e-09	7.895406901e-05	0.9223100291	1.703167403e-08	
0.06586455958	1.542414499e-08	0.008016538652	0.9261188698	1.654024326e-08	
0.07007524421	9.22947699e-09	7.9115927e-05	0.9298456142	1.64684678e-08	
0.07700946485	9.212930277e-09	7.916118818e-05	0.9229113483	1.643370101e-08	
0.0001117456786	9.439315174e-09	0.05570026202	0.9441879661	1.676323757e-08	
0.0001119869831	9.358435087e-09	0.05563807792	0.944249909	1.676322559e-08	
0.007013682966	9.410815543e-09	0.04705841207	0.9459278788	1.678661571e-08	
0.02275486865	9.424526853e-09	0.04185558944	0.9353895158	1.672370226e-08	
0.044841217	9.289415826e-09	0.01380774691	0.9413510096	1.719858635e-08	
0.03859539113	9.30521571e-09	0.01820534705	0.9431992353	1.722791825e-08	
0.04737285256	9.280861611e-09	0.01775154981	0.9348755717	1.662426788e-08	
0.002701733079	3.012947892e-09	1.415982226e-07	0.9972981166	5.735602316e-09	
0.002284319061	5.026316772e-09	1.432372365e-05	0.9977013466	5.549442364e-09	
3.166288097e-06	2.86102727e-09	1.217645812e-07	0.9999967039	5.218753081e-09	
0.002420318104	2.995219855e-09	1.40778334e-07	0.9975795326	5.502543766e-09	
0.002679107357	3.011532686e-09	1.418803943e-07	0.9973207422	5.530748038e-09	
3.809774523e-06	3.023798229e-09	9.783400785e-05	0.9998983477	5.528775009e-09	
3.817751329e-06	2.997692694e-09	9.771838515e-05	0.9998984553	5.528408966e-09	
0.0007824935773	3.045157711e-09	7.415219001e-05	0.9991433456	5.563413712e-09	
7.290764107e-06	2.52364938e-05	1.964314547e-07	0.9999672678	8.490081821e-09	
0.001531161113	2.980407783e-09	2.429016075e-05	0.9984445401	5.681182391e-09	
0.001315580781	2.980247307e-09	3.197018189e-05	0.9986524404	5.680902781e-09	
0.001628640775	2.997973911e-09	3.144098284e-05	0.9983399097	5.528925991e-09	
0.002806606699	5.060413075e-09	7.013219691e-07	0.9971926813	5.601296821e-09	
3.892211515e-06	2.881902753e-09	5.964907325e-09	0.9999960937	5.27020128e-09	
0.002973567862	3.015403473e-09	6.892518536e-09	0.9970264167	5.55371205e-09	
0.003291317432	3.03164646e-09	6.946063609e-09	0.996708667	5.581847603e-09	
4.693468292e-06	3.019845194e-09	4.787394856e-06	0.9999905105	5.583427251e-09	
0.0002933434168	3.030488089e-09	4.040808518e-06	0.9997026072	5.579692854e-09	
8.96228173e-06	2.542060494e-05	9.622619079e-09	0.9999655989	8.573770787e-09	
0.001881588973	3.001171939e-09	1.189517878e-06	0.9981172128	5.735312008e-09	
0.001616761723	3.001180544e-09	1.565706382e-06	0.9983816638	5.735354989e-09	
0.002001347127	3.018813527e-09	1.539678155e-06	0.9979971046	5.581518172e-09	
3.289540204e-06	4.805759121e-09	6.031513083e-07	0.9999960974	5.097085961e-09	
0.00251429554	5.030692973e-09	6.972687822e-07	0.9974849968	5.373754474e-09	
3.956546716e-06	5.07720927e-09	0.0004844259441	0.999511607	5.397794918e-09	
3.964832641e-06	5.0333782e-09	0.0004838536583	0.9995121711	5.397440011e-09	
0.0002478330198	5.051720516e-09	0.0004084462393	0.9993437103	5.394474019e-09	
0.001590517084	5.005510395e-09	0.0001203007572	0.9982891716	5.547874374e-09	
0.00136654969	5.005130933e-09	0.0001583337651	0.998475106	5.547479463e-09	
0.001691721342	5.034850794e-09	0.0001557113115	0.9981525569	5.399017554e-09	
0.0002103108228	0.0005921551161	5.771302679e-06	0.9991917138	4.895143318e-08	
3.485813019e-06	2.864138746e-09	5.928698505e-09	0.9999965003	5.054629428e-09	
3.859528671e-06	2.880483845e-09	5.976658577e-09	0.9999961265	5.081854262e-09	
5.474220917e-09	2.884759174e-09	4.11059602e-06	0.999995876	5.066944428e-09	
5.485682134e-09	2.859853719e-09	4.105737592e-06	0.9999958809	5.06660844e-09	
3.429559028e-07	2.870760128e-09	3.46645364e-06	0.9999961827	5.064679391e-09	
1.12520544e-06	2.907331408e-09	3.117934084e-06	0.9999957489	5.102541858e-09	
1.047508327e-08	2.407393934e-05	8.252535017e-09	0.9999758996	7.780195151e-09	
2.203313159e-06	2.847506569e-09	1.022062919e-06	0.9999967666	5.214206752e-09	
1.89270283e-06	2.84676045e-09	1.344936946e-06	0.9999967543	5.212864616e-09	
2.343829215e-06	2.864588321e-09	1.323087842e-06	0.9999963251	5.074994943e-09	
0.002948672385	3.013993994e-09	6.90626946e-09	0.9970513123	5.355366438e-09	
4.194626303e-06	3.027367936e-09	4.763965136e-06	0.999991033	5.355398992e-09	
4.203408436e-06	3.00123125e-09	4.758334435e-06	0.9999910299	5.355043835e-09	
0.0002627224207	3.011899305e-09	4.016401054e-06	0.9997332528	5.351623457e-09	
0.0008614515782	3.048444378e-09	3.610428911e-06	0.9991349296	5.388406596e-09	
8.026506177e-06	2.526393003e-05	9.564213389e-09	0.9999666918	8.223075661e-09	
0.001685456591	2.983257669e-09	1.182528991e-06	0.9983133524	5.501794014e-09	
0.001448194258	2.983183724e-09	1.556464196e-06	0.9985502408	5.501683098e-09	
0.001792753863	3.000831489e-09	1.530651085e-06	0.9982057071	5.354328999e-09	
4.644333628e-06	3.044644205e-09	4.802502575e-06	0.9999905447	5.384243191e-09	
4.654057293e-06	3.018358362e-09	4.79682632e-06	0.9999905407	5.383886115e-09	
0.000290880921	3.029003363e-09	4.04877898e-06	0.9997050619	5.380298227e-09	
0.0009537204527	3.065559205e-09	3.639300534e-06	0.9990426318	5.416930769e-09	
8.887026069e-06	2.540809048e-05	9.641576793e-09	0.999965687	8.267360905e-09	
0.001865818712	2.999741599e-09	1.191880095e-06	0.9981329809	5.530429999e-09	
0.001603207506	2.999743527e-09	1.568812167e-06	0.9983952152	5.530459142e-09	
0.001984575124	3.017377811e-09	1.542737292e-06	0.9980138737	5.382135534e-09	
6.5795097e-09	3.012927479e-09	0.003288320216	0.9967116648	5.350490011e-09	
4.115506456e-07	3.025964837e-09	0.002777732514	0.9972218476	5.351188953e-09	
1.350634731e-06	3.065367834e-09	0.002499154124	0.9974994868	5.392696621e-09	
2.649180262e-06	3.007336207e-09	0.0008206026882	0.9991767396	5.519971719e-09	
2.275125262e-06	3.005770176e-09	0.001079555132	0.9989181612	5.517122794e-09	
2.817451261e-06	3.02464655e-09	0.00106203578	0.9989351384	5.371299702e-09	
4.124136489e-07	2.999850121e-09	0.002774458528	0.9972251207	5.350851654e-09	
1.353466503e-06	3.038912055e-09	0.002496207659	0.9975024304	5.39235492e-09	
2.654729321e-06	2.981375349e-09	0.0008196335815	0.9991777032	5.519610988e-09	
2.279891513e-06	2.979823751e-09	0.001078280541	0.9989194311	5.516763941e-09	
2.823353591e-06	2.998537115e-09	0.00106078185	0.9989363864	5.370950217e-09	
8.464234404e-05	3.051432342e-09	0.002108178819	0.9978071704	5.391946972e-09	
7.89698967e-07	2.532238423e-05	5.592115324e-06	0.9999682876	8.239441112e-09	
0.0001659633748	2.992637476e-09	0.0006919876105	0.9991420405	5.517310867e-09	
0.0001425389967	2.991269454e-09	0.0009104117361	0.9989470408	5.514814259e-09	
0.0001765099062	3.009945861e-09	0.000895604892	0.9989278768	5.368857936e-09	
0.0005443419716	3.029826555e-09	0.0006222227347	0.9988334267	5.556842601e-09	
0.0004675477747	3.028669791e-09	0.0008186874562	0.9987137562	5.554746744e-09	
0.000578931383	3.047339112e-09	0.0008053088235	0.9986157513	5.407306627e-09	
4.264893464e-05	0.9996796606	2.844114319e-08	0.000246468095	3.119396883e-05	
4.268565649e-05	0.9997322148	2.606346045e-08	0.0002250488105	2.470281187e-08	
3.057841581e-08	0.9997957268	2.362313612e-08	0.0002041965301	2.241960778e-08	
1.688825622e-07	0.7480343657	1.991296153e-08	0.2519654267	1.884234041e-08	
0.0009156181798	2.966648745e-09	0.0002683940271	0.9988159791	5.676882985e-09	
0.001133614126	2.98459036e-09	0.0002639775001	0.9986023999	5.525561543e-09	
0.0009738782059	2.984036394e-09	0.0003473956679	0.9986787176	5.524561513e-09	
8.252440466e-09	0.9999999661	8.904555306e-09	8.270946326e-09	8.43803792e-09	
1.029520944e-08	0.9999999641	8.905619393e-09	8.272018195e-09	8.439124924e-09	
1.163059453e-05	0.9999766065	1.07219353e-08	1.033377963e-08	1.174183657e-05	
1.166647675e-05	0.9999883053	9.826908902e-09	9.115903029e-09	9.299782736e-09	
1.164013333e-05	0.9999883313	9.825178997e-09	9.435338182e-09	9.298096516e-09	
8.278945924e-09	0.9999999661	8.904546263e-09	8.253780231e-09	8.419436195e-09	
8.338125646e-09	0.9999999658	8.90478443e-09	8.560646626e-09	8.438264473e-09	
6.154911836e-08	0.9999858006	1.003241033e-08	1.411831085e-05	9.478585716e-09	
8.229750277e-09	0.9999999662	8.904542581e-09	8.27093285e-09	8.438022457e-09	
1.006380449e-08	0.9999999643	8.905510798e-09	8.269992651e-09	8.436933782e-09	
1.136917719e-05	0.999976871	1.072180739e-08	1.033125196e-08	1.173879101e-05	
1.140425288e-05	0.9999885675	9.826791647e-09	9.113673234e-09	9.297370567e-09	
8.051184507e-09	0.9999999663	8.904440784e-09	8.270824787e-09	8.437909216e-09	
1.137850156e-05	0.9999885929	9.825061757e-09	9.433030246e-09	9.295684779e-09	
8.092860435e-09	0.9999999663	8.90443768e-09	8.251759153e-09	8.417250165e-09	
8.150709977e-09	0.9999999659	8.904675845e-09	8.558550407e-09	8.436073554e-09	
6.016568192e-08	0.9999858055	1.003228804e-08	1.41148538e-05	9.47612473e-09	
8.044770556e-09	0.9999999663	8.904433998e-09	8.268907572e-09	8.4358316e-09	
1.418340812e-05	0.9999740553	1.072305846e-08	1.033256176e-08	1.174027019e-05	
1.422716604e-05	0.9999857446	9.827938217e-09	9.114828603e-09	9.298542043e-09	
1.004413556e-08	0.9999999643	8.905504859e-09	8.27189664e-09	8.438996205e-09	
1.419504055e-05	0.9999857764	9.826208188e-09	9.43422616e-09	9.296856101e-09	
1.009612775e-08	0.9999999643	8.905501754e-09	8.252828535e-09	8.418334492e-09	
1.016829709e-08	0.9999999639	8.905739947e-09	8.559659547e-09	8.437160306e-09	
7.505880112e-08	0.9999857887	1.003348674e-08	1.41166828e-05	9.477345324e-09	
1.003613394e-08	0.9999999644	8.905498071e-09	8.269979176e-09	8.436918321e-09	
0.01581870554	0.9841685384	1.164547701e-08	1.120681065e-08	1.273325063e-05	
1.134695724e-05	0.9999768903	1.072180045e-08	1.033363071e-08	1.174166081e-05	
0.01578354961	0.9842036958	1.16438426e-08	1.159992847e-08	1.273139632e-05	
1.148722213e-05	0.9999767523	1.0722082e-08	1.069311579e-08	1.17391048e-05	
8.478801207e-05	0.9998843807	1.20788902e-08	1.763382278e-05	1.318534268e-05	
1.133791785e-05	0.9999769023	1.07217924e-08	1.033123545e-08	1.173876987e-05	
0.9827145559	0.01720828371	1.232581197e-06	6.216173303e-08	7.586565599e-05	
1.13819644e-05	0.9999885898	9.826785312e-09	9.115771666e-09	9.299643532e-09	
0.01583149259	0.9841684764	1.067135215e-08	1.023234535e-08	1.008305617e-08	
1.144088101e-05	0.9999885309	9.826781308e-09	9.094757752e-09	9.276874098e-09	
1.1522662e-05	0.9999884488	9.827043339e-09	9.432889988e-09	9.297619093e-09	
8.50498767e-05	0.999899373	1.107062684e-08	1.555565861e-05	1.044310449e-08	
1.13728971e-05	0.9999885989	9.826777912e-09	9.11365867e-09	9.297353821e-09	
0.9828409944	0.0171577647	1.126360354e-06	5.467410518e-08	5.991010185e-08	
1.135626341e-05	0.9999886152	9.825055423e-09	9.435202209e-09	9.297957332e-09	
8.077043564e-09	0.9999999663	8.904431742e-09	8.253658944e-09	8.419307776e-09	
8.134780044e-09	0.999999966	8.904669906e-09	8.56052083e-09	8.438135766e-09	
6.004809256e-08	0.9999858023	1.003228132e-08	1.41181034e-05	9.478441155e-09	
8.029047673e-09	0.9999999664	8.904428059e-09	8.270811311e-09	8.437893753e-09	
1.141504699e-05	0.9999885564	9.825051421e-09	9.413451937e-09	9.275192027e-09	
1.149664331e-05	0.9999884745	9.825313407e-09	9.763432844e-09	9.295933262e-09	
1.134721658e-05	0.9999886242	9.825048023e-09	9.433015171e-09	9.295668035e-09	
0.9828028266	0.01719592801	1.128666919e-06	5.671583851e-08	6.00324689e-08	
8.176888694e-09	0.999999966	8.904666802e-09	8.540787398e-09	8.41747616e-09	
8.070609013e-09	0.9999999664	8.904424955e-09	8.251745708e-09	8.41723474e-09	
8.128299497e-09	0.999999966	8.904663119e-09	8.558536462e-09	8.436058094e-09	
6.000025563e-08	0.9999858057	1.003227371e-08	1.411483081e-05	9.476107366e-09	
0.9999395837	4.760343878e-09	6.039468598e-05	8.348200507e-09	8.514531946e-09	
0.9999655515	3.925065222e-09	3.443033692e-05	6.866888023e-09	7.377961865e-09	
0.9999798291	3.458089544e-09	2.015521873e-05	6.052086583e-09	6.172668834e-09	
0.9999807131	3.429158047e-09	1.927130705e-05	6.001643951e-09	6.121221155e-09	
0.9999863652	1.361310728e-05	8.374178063e-09	6.642744382e-09	6.67416234e-09	
0.9999792069	3.478453656e-09	2.077731517e-05	6.087587707e-09	6.208877304e-09	
0.9999796455	3.464098442e-09	2.033878826e-05	6.06256236e-09	6.183353336e-09	
0.9999313247	5.029165279e-09	6.865187808e-05	8.819645691e-09	9.525166393e-09	
0.9999758815	3.586771708e-09	2.410195722e-05	6.277486833e-09	6.71791985e-09	
0.9999797419	3.460942612e-09	2.024237945e-05	6.057060594e-09	6.17774195e-09	
0.999970253	3.771813924e-09	2.972988673e-05	6.598461112e-09	6.729929056e-09	
0.9999862381	3.61091537e-09	1.374678733e-05	5.696380272e-09	5.800045823e-09	
0.9999997595	1.170450729e-07	1.131318231e-07	4.924560545e-09	5.395640454e-09	
0.9999235106	5.283229447e-09	7.646542562e-05	9.265187015e-09	9.44978922e-09	
0.7591549213	5.08790991e-09	0.2408450551	8.913993878e-09	9.577427269e-09	
0.8433728507	4.979798541e-09	0.1566271267	8.72771392e-09	8.901607437e-09	
0.8492060904	4.972286456e-09	0.150793887	8.714825528e-09	8.888462217e-09	
0.8393152312	4.985027043e-09	0.1606847462	8.7366786e-09	8.910750757e-09	
0.8421714457	4.98134636e-09	0.1578285316	8.73036828e-09	8.904314691e-09	
0.6125176239	5.260069548e-09	0.3874823516	9.237757286e-09	9.976726579e-09	
0.8182755015	5.011421379e-09	0.1817244754	8.783403359e-09	9.399655251e-09	
0.8428019841	4.980533984e-09	0.1571979933	8.728975186e-09	8.902893836e-09	
0.784965603	5.055463363e-09	0.215034374	8.856725821e-09	9.033189384e-09	
0.8875748776	5.47236996e-09	0.1124250995	8.645237824e-09	8.80256998e-09	
0.5866440939	5.292423114e-09	0.413355882	9.294565793e-09	9.479755326e-09	
0.9042642617	4.402352332e-09	0.09573571791	7.697187552e-09	8.270057653e-09	
0.9080769068	4.383923275e-09	0.09192307294	7.665209759e-09	8.235699851e-09	
0.9999368322	1.916373645e-05	4.398484178e-05	9.342193043e-09	9.887959655e-09	
0.9016000596	4.415232919e-09	0.09839992	7.719532547e-09	8.294065718e-09	
0.9034764675	4.406160834e-09	0.09652351209	7.703794918e-09	8.277156785e-09	
0.7349524084	5.203905335e-09	0.2650475669	9.117231692e-09	1.037272937e-08	
0.8876238414	4.482162568e-09	0.1123761374	7.836967631e-09	8.834982303e-09	
0.9038900377	4.404161451e-09	0.09610994196	7.700326238e-09	8.273429942e-09	
0.8649271328	4.592901537e-09	0.135072846	8.027085907e-09	8.624508584e-09	
0.9326542274	4.741201194e-09	0.06734575241	7.472198881e-09	8.014741081e-09	
0.7134293563	5.306743585e-09	0.2865706191	9.297393128e-09	9.989361962e-09	
0.9440576626	4.015336913e-09	0.05594231916	7.023262494e-09	7.163194958e-09	
0.9999573511	1.688388003e-05	2.57485032e-05	8.233731773e-09	8.272675096e-09	
0.9399483456	4.055335891e-09	0.06005163602	7.092837743e-09	7.234156484e-09	
0.9411412217	4.043723506e-09	0.05885876001	7.072641253e-09	7.213557581e-09	
0.8256901895	5.15074976e-09	0.1743097866	9.027341353e-09	9.749477128e-09	
0.9310020864	4.141831779e-09	0.06899789446	7.24450497e-09	7.752785172e-09	
0.9414038778	4.041166746e-09	0.05859610388	7.068194221e-09	7.209021942e-09	
0.9162397789	4.286471229e-09	0.08376020169	7.49422105e-09	7.643536629e-09	
0.9594445109	4.297053301e-09	0.04055547113	6.774645714e-09	6.897934513e-09	
0.9996521009	1.451208172e-07	0.000347741218	6.102084876e-09	6.685806338e-09	
0.8096268537	5.305730521e-09	0.1903731222	9.298953794e-09	9.484229383e-09	
0.9999586217	1.674263049e-05	2.461930628e-05	8.165108829e-09	8.203727551e-09	
0.9424303575	4.032022935e-09	0.05756962419	7.0522876e-09	7.192798385e-09	
0.94357689	4.020266431e-09	0.05642309173	7.031837734e-09	7.171941058e-09	
0.8320508377	5.146998856e-09	0.1679491384	9.021054637e-09	9.742687472e-09	
0.9338278277	4.119642183e-09	0.06617215325	7.20592243e-09	7.711495621e-09	
0.9438293258	4.017678103e-09	0.05617065602	7.027335199e-09	7.167348812e-09	
0.9196178974	4.26627718e-09	0.08038208331	7.459152419e-09	7.607769257e-09	
0.9611540231	4.268691305e-09	0.03884595905	6.730145054e-09	6.852623977e-09	
0.9996673477	1.439087572e-07	0.0003324957254	6.051312464e-09	6.630177044e-09	
0.8164433535	5.305633235e-09	0.1835566224	9.299079358e-09	9.48435741e-09	
0.9999564569	1.698330176e-05	2.654323071e-05	8.282028024e-09	8.3211998e-09	
0.9999570872	1.691321669e-05	2.598301311e-05	8.247983176e-09	8.286993911e-09	
0.9999516799	1.751213149e-05	3.079044993e-05	8.540369174e-09	9.003410669e-09	
0.9999572258	1.689780929e-05	2.585985095e-05	8.240498492e-09	8.279473823e-09	
0.9999435864	1.84155402e-05	3.798008285e-05	8.977024795e-09	9.019483269e-09	
0.9999647927	1.763005963e-05	1.756168305e-05	7.7498091e-09	7.773289881e-09	
0.9394345229	4.06016263e-09	0.06056545871	7.101232286e-09	7.242718287e-09	
0.8212715579	5.153358623e-09	0.1787284181	9.031708081e-09	9.754193198e-09	
0.9290235602	4.157371041e-09	0.07097642063	7.271519237e-09	7.781694804e-09	
0.9397043072	4.057628312e-09	0.06029567441	7.096824707e-09	7.238222888e-09	
0.9138770997	4.300597735e-09	0.08612288081	7.518747837e-09	7.668552113e-09	
0.958244997	4.316956731e-09	0.04175498492	6.805870094e-09	6.929727152e-09	
0.9996413704	1.459739334e-07	0.0003584707227	6.13781722e-09	6.724956834e-09	
0.8048972439	5.305801293e-09	0.195102732	9.298866113e-09	9.484139982e-09	
0.8243813937	5.151522226e-09	0.1756185823	9.028634819e-09	9.750874073e-09	
0.930417383	4.146423791e-09	0.0695825978	7.252488388e-09	7.761328721e-09	
0.9409017261	4.046030229e-09	0.05909825557	7.076653361e-09	7.21764963e-09	
0.9155413252	4.290647066e-09	0.08445865534	7.501471679e-09	7.650931727e-09	
0.9590902438	4.302931393e-09	0.04090973825	6.783867626e-09	6.907324256e-09	
0.9996489345	1.453725505e-07	0.0003509073254	6.112628956e-09	6.697359064e-09	
0.8082254602	5.305751205e-09	0.1917745157	9.29892786e-09	9.48420294e-09	
0.7984366108	5.166102089e-09	0.2015633647	9.054522978e-09	1.026049228e-08	
0.825068242	5.151116811e-09	0.1749317341	9.02795602e-09	9.75014097e-09	
0.7625455221	5.18844581e-09	0.2374544538	9.089713678e-09	9.816838422e-09	
0.8741377423	5.693921693e-09	0.1258622333	8.995258949e-09	9.698392046e-09	
0.55526175	5.292230865e-09	0.4447382254	9.29424283e-09	1.003773121e-08	
0.9307243716	4.14401281e-09	0.06927560926	7.248296834e-09	7.75684308e-09	
0.9014540532	4.374249805e-09	0.09854592664	7.647920136e-09	8.18450388e-09	
0.9518849724	4.421855679e-09	0.04811500877	6.971618099e-09	7.448129687e-09	
0.9995840276	1.505113862e-07	0.000415808254	6.328941207e-09	7.275917607e-09	
0.7805293202	5.305407181e-09	0.2194706552	9.298669232e-09	9.951073213e-09	
0.915908013	4.28845473e-09	0.08409196754	7.497665106e-09	7.647049308e-09	
0.9592762686	4.299844797e-09	0.04072371346	6.779025226e-09	6.902393728e-09	
0.9996505974	1.452403422e-07	0.0003492445211	6.107091326e-09	6.691291704e-09	
0.8089608521	5.305740322e-09	0.1910391238	9.298941474e-09	9.484216821e-09	
0.941308958	4.59834184e-09	0.05869102283	7.246705384e-09	7.378584642e-09	
0.7424780352	5.307158742e-09	0.2575219407	9.297677618e-09	9.482927333e-09	
0.9997626362	1.515500298e-07	0.0002372002295	5.744038216e-09	6.282861341e-09	
0.8617917267	5.897132639e-09	0.1382082486	9.31628066e-09	9.485825451e-09	
