4.616420481e-09	4.535976314e-09	0.9999999833	4.36537544e-09	3.181770224e-09	
4.616420481e-09	4.535976338e-09	0.9999999833	4.365375463e-09	3.181770227e-09	
4.616420481e-09	4.535976338e-09	0.9999999833	4.365375463e-09	3.181770227e-09	
4.616420481e-09	4.535976314e-09	0.9999999833	4.36537544e-09	3.181770224e-09	
4.61675249e-09	4.968574938e-09	0.9999999828	4.365686943e-09	3.276948289e-09	
4.616420481e-09	4.535976314e-09	0.9999999833	4.36537544e-09	3.181770224e-09	
4.616473899e-09	4.536028615e-09	0.9999999832	4.451558766e-09	3.181805589e-09	
4.616420481e-09	4.535976338e-09	0.9999999833	4.365375463e-09	3.181770227e-09	
4.616473899e-09	4.536028615e-09	0.9999999832	4.451558766e-09	3.181805589e-09	
4.616420481e-09	4.535976314e-09	0.9999999833	4.36537544e-09	3.181770224e-09	
4.616473899e-09	4.536028615e-09	0.9999999832	4.451558766e-09	3.181805589e-09	
4.616420481e-09	4.535976338e-09	0.9999999833	4.365375463e-09	3.181770227e-09	
4.616473899e-09	4.536028615e-09	0.9999999832	4.451558766e-09	3.181805589e-09	
1.498739508e-08	1.464424769e-08	0.9998587179	0.0001412421905	1.02722079e-08	
4.616367063e-09	4.535924038e-09	0.9999999834	4.280860667e-09	3.181734863e-09	
4.616367063e-09	4.535924038e-09	0.9999999834	4.280860667e-09	3.181734863e-09	
4.616367063e-09	4.535924013e-09	0.9999999834	4.280860645e-09	3.181734859e-09	
4.616699068e-09	4.968517649e-09	0.9999999829	4.281166117e-09	3.276911866e-09	
4.616367063e-09	4.535924013e-09	0.9999999834	4.280860645e-09	3.181734859e-09	
4.616420481e-09	4.535976314e-09	0.9999999833	4.36537544e-09	3.181770224e-09	
4.616367063e-09	4.535924038e-09	0.9999999834	4.280860667e-09	3.181734863e-09	
4.616420481e-09	4.535976314e-09	0.9999999833	4.36537544e-09	3.181770224e-09	
4.616367063e-09	4.535924013e-09	0.9999999834	4.280860645e-09	3.181734859e-09	
4.616420481e-09	4.535976314e-09	0.9999999833	4.36537544e-09	3.181770224e-09	
4.616367063e-09	4.535924038e-09	0.9999999834	4.280860667e-09	3.181734863e-09	
4.616420481e-09	4.535976314e-09	0.9999999833	4.36537544e-09	3.181770224e-09	
4.616367063e-09	4.535924062e-09	0.9999999834	4.28086069e-09	3.181734866e-09	
4.616367063e-09	4.535924038e-09	0.9999999834	4.280860667e-09	3.181734863e-09	
4.616699068e-09	4.968517676e-09	0.9999999829	4.28116614e-09	3.27691187e-09	
4.616367063e-09	4.535924038e-09	0.9999999834	4.280860667e-09	3.181734863e-09	
4.616420481e-09	4.535976338e-09	0.9999999833	4.365375463e-09	3.181770227e-09	
4.616367063e-09	4.535924062e-09	0.9999999834	4.28086069e-09	3.181734866e-09	
4.616420481e-09	4.535976338e-09	0.9999999833	4.365375463e-09	3.181770227e-09	
4.616367063e-09	4.535924038e-09	0.9999999834	4.280860667e-09	3.181734863e-09	
4.616420481e-09	4.535976338e-09	0.9999999833	4.365375463e-09	3.181770227e-09	
4.616420481e-09	4.535976338e-09	0.9999999833	4.365375463e-09	3.181770227e-09	
4.616367063e-09	4.535924038e-09	0.9999999834	4.280860667e-09	3.181734863e-09	
4.616699068e-09	4.968517676e-09	0.9999999829	4.28116614e-09	3.27691187e-09	
4.616367063e-09	4.535924038e-09	0.9999999834	4.280860667e-09	3.181734863e-09	
4.616420481e-09	4.535976338e-09	0.9999999833	4.365375463e-09	3.181770227e-09	
4.616420481e-09	4.535976338e-09	0.9999999833	4.365375463e-09	3.181770227e-09	
4.616367063e-09	4.535924038e-09	0.9999999834	4.280860667e-09	3.181734863e-09	
4.616420481e-09	4.535976338e-09	0.9999999833	4.365375463e-09	3.181770227e-09	
4.616367063e-09	4.535924062e-09	0.9999999834	4.28086069e-09	3.181734866e-09	
4.616420481e-09	4.535976338e-09	0.9999999833	4.365375463e-09	3.181770227e-09	
4.616699068e-09	4.968517649e-09	0.9999999829	4.281166117e-09	3.276911866e-09	
4.616367063e-09	4.535924013e-09	0.9999999834	4.280860645e-09	3.181734859e-09	
4.616420481e-09	4.535976314e-09	0.9999999833	4.36537544e-09	3.181770224e-09	
4.616367063e-09	4.535924038e-09	0.9999999834	4.280860667e-09	3.181734863e-09	
4.616420481e-09	4.535976314e-09	0.9999999833	4.36537544e-09	3.181770224e-09	
4.616367063e-09	4.535924013e-09	0.9999999834	4.280860645e-09	3.181734859e-09	
4.616420481e-09	4.535976314e-09	0.9999999833	4.36537544e-09	3.181770224e-09	
4.616367063e-09	4.535924038e-09	0.9999999834	4.280860667e-09	3.181734863e-09	
4.616420481e-09	4.535976314e-09	0.9999999833	4.36537544e-09	3.181770224e-09	
4.616699068e-09	4.968517649e-09	0.9999999829	4.281166117e-09	3.276911866e-09	
4.61675249e-09	4.968574938e-09	0.9999999828	4.365686943e-09	3.276948289e-09	
4.616699068e-09	4.968517676e-09	0.9999999829	4.28116614e-09	3.27691187e-09	
4.61675249e-09	4.968574938e-09	0.9999999828	4.365686943e-09	3.276948289e-09	
4.616699068e-09	4.968517649e-09	0.9999999829	4.281166117e-09	3.276911866e-09	
4.61675249e-09	4.968574938e-09	0.9999999828	4.365686943e-09	3.276948289e-09	
4.616699068e-09	4.968517676e-09	0.9999999829	4.28116614e-09	3.27691187e-09	
4.61675249e-09	4.968574938e-09	0.9999999828	4.365686943e-09	3.276948289e-09	
6.812495881e-08	0.000666689182	0.9991201985	6.377834242e-08	0.0002129803842	
4.616420481e-09	4.535976314e-09	0.9999999833	4.36537544e-09	3.181770224e-09	
4.616367063e-09	4.535924038e-09	0.9999999834	4.280860667e-09	3.181734863e-09	
4.616420481e-09	4.535976314e-09	0.9999999833	4.36537544e-09	3.181770224e-09	
4.616367063e-09	4.535924013e-09	0.9999999834	4.280860645e-09	3.181734859e-09	
4.616420481e-09	4.535976314e-09	0.9999999833	4.36537544e-09	3.181770224e-09	
4.616367063e-09	4.535924038e-09	0.9999999834	4.280860667e-09	3.181734863e-09	
4.616420481e-09	4.535976314e-09	0.9999999833	4.36537544e-09	3.181770224e-09	
4.616420481e-09	4.535976338e-09	0.9999999833	4.365375463e-09	3.181770227e-09	
4.616473899e-09	4.536028615e-09	0.9999999832	4.451558766e-09	3.181805589e-09	
4.616420481e-09	4.535976314e-09	0.9999999833	4.36537544e-09	3.181770224e-09	
4.616473899e-09	4.536028615e-09	0.9999999832	4.451558766e-09	3.181805589e-09	
4.616420481e-09	4.535976338e-09	0.9999999833	4.365375463e-09	3.181770227e-09	
4.616473899e-09	4.536028615e-09	0.9999999832	4.451558766e-09	3.181805589e-09	
1.498739508e-08	1.464424769e-08	0.9998587179	0.0001412421905	1.02722079e-08	
4.616420481e-09	4.535976338e-09	0.9999999833	4.365375463e-09	3.181770227e-09	
4.616367063e-09	4.535924038e-09	0.9999999834	4.280860667e-09	3.181734863e-09	
4.616420481e-09	4.535976338e-09	0.9999999833	4.365375463e-09	3.181770227e-09	
4.616367063e-09	4.535924062e-09	0.9999999834	4.28086069e-09	3.181734866e-09	
4.616420481e-09	4.535976338e-09	0.9999999833	4.365375463e-09	3.181770227e-09	
4.616420481e-09	4.535976314e-09	0.9999999833	4.36537544e-09	3.181770224e-09	
4.616473899e-09	4.536028615e-09	0.9999999832	4.451558766e-09	3.181805589e-09	
4.616420481e-09	4.535976338e-09	0.9999999833	4.365375463e-09	3.181770227e-09	
4.616473899e-09	4.536028615e-09	0.9999999832	4.451558766e-09	3.181805589e-09	
1.498739508e-08	1.464424769e-08	0.9998587179	0.0001412421905	1.02722079e-08	
4.616420481e-09	4.535976314e-09	0.9999999833	4.36537544e-09	3.181770224e-09	
4.616367063e-09	4.535924038e-09	0.9999999834	4.280860667e-09	3.181734863e-09	
4.616420481e-09	4.535976314e-09	0.9999999833	4.36537544e-09	3.181770224e-09	
4.616420481e-09	4.535976338e-09	0.9999999833	4.365375463e-09	3.181770227e-09	
4.616473899e-09	4.536028615e-09	0.9999999832	4.451558766e-09	3.181805589e-09	
1.498739508e-08	1.464424769e-08	0.9998587179	0.0001412421905	1.02722079e-08	
4.616420481e-09	4.535976338e-09	0.9999999833	4.365375463e-09	3.181770227e-09	
1.498739508e-08	1.464424769e-08	0.9998587179	0.0001412421905	1.02722079e-08	
2.681036422e-08	0.000634850617	2.737643893e-08	2.566368865e-08	0.9993650695	
8.214349976e-09	0.9140628082	8.372449014e-09	7.699173256e-09	0.08593716752	
8.227332729e-09	0.9134285303	8.385702181e-09	7.71134178e-09	0.08657144539	
1.339123371e-08	0.8809170487	1.365758292e-08	6.060643773e-05	0.1190223178	
2.681036422e-08	0.0006348515319	2.737643893e-08	2.566368865e-08	0.9993650686	
8.586815854e-09	0.8958677951	8.748821186e-09	8.125283496e-09	0.1041321794	
9.713251734e-09	0.9348098426	7.937670783e-09	7.302089291e-09	0.06519013244	
9.250950811e-09	0.8959339425	9.306248404e-06	8.753752019e-09	0.1040567332	
8.24987145e-09	0.9123302727	8.408710647e-09	7.826113781e-09	0.0876697028	
8.052300994e-09	0.9219821671	8.205673462e-09	7.628735486e-09	0.07801780898	
8.391280427e-09	0.9054188021	8.554858467e-09	7.865006759e-09	0.09458117306	
2.425123646e-08	0.0005535228136	2.476832735e-08	2.296725468e-08	0.9994464052	
2.411171153e-08	0.0005490885061	2.462588775e-08	2.283511692e-08	0.9994508399	
2.854633361e-08	0.0003851798547	2.9173402e-08	0.0001305427673	0.9994842197	
6.810213615e-09	3.307721949e-08	6.968165538e-09	6.586905122e-09	0.9999999466	
2.092352586e-08	0.0004477601589	2.136169669e-08	2.000532231e-08	0.9995521776	
3.779556124e-08	0.0007461020504	3.094943465e-08	2.870963051e-08	0.9992538005	
2.255764928e-08	0.0004481075499	2.273869793e-05	2.156780843e-08	0.9995291096	
2.387506508e-08	0.0005415621093	2.438429896e-08	2.288483839e-08	0.9994583667	
2.618431836e-08	0.0006149539508	2.673738849e-08	2.506560194e-08	0.9993849681	
2.251071537e-08	0.0004982064814	2.299626867e-08	2.131888424e-08	0.9995017267	
1.778039007e-08	0.0003478675269	1.815922635e-08	1.703866989e-08	0.9996520795	
8.428174404e-09	0.9019486893	8.592161631e-09	7.815616499e-09	0.09805128585	
2.425123647e-08	0.0005535236114	2.476832735e-08	2.296725469e-08	0.9994464044	
8.774064905e-09	0.8823592135	8.941425961e-09	8.21421474e-09	0.1176407606	
9.981349001e-09	0.9259353828	8.158423217e-09	7.423873658e-09	0.07406459161	
9.452782382e-09	0.8824336996	9.511225536e-06	8.849655482e-09	0.1175567708	
8.259125724e-09	0.911526722	8.41815385e-09	7.741506268e-09	0.08847325361	
8.586140366e-09	0.893001246	8.755301965e-09	7.962101058e-09	0.1069987287	
9.283329189e-09	0.8535134324	9.46378524e-09	8.710692484e-09	0.1464865402	
2.411171154e-08	0.0005490892975	2.462588776e-08	2.283511692e-08	0.9994508391	
8.785683197e-09	0.8815212703	8.953287796e-09	8.225091706e-09	0.1184787038	
9.998082973e-09	0.9253815796	8.172121026e-09	7.436319967e-09	0.07461839477	
9.465305619e-09	0.8815962643	9.523849527e-06	8.861379692e-09	0.1183941935	
8.462359483e-09	0.8999986464	8.627069805e-09	7.942354787e-09	0.1000013285	
8.598248478e-09	0.8922298466	8.767670102e-09	7.97332916e-09	0.1077701281	
9.293457762e-09	0.8525043694	9.474133904e-09	8.720196289e-09	0.1474956032	
2.854633362e-08	0.00038518041	2.917340201e-08	0.0001305427674	0.9994842191	
1.4115126e-08	0.8391525733	1.439344154e-08	6.380831068e-05	0.1607835899	
1.520736178e-08	0.8392433184	1.531103837e-05	6.874606745e-05	0.1606726093	
1.369824406e-08	0.8632055024	1.397364239e-08	6.20797544e-05	0.1367323902	
1.344985476e-08	0.8775351301	1.37174796e-08	6.087462028e-05	0.1224039681	
1.475738032e-08	0.8020980645	1.505373762e-08	6.686294154e-05	0.1978350428	
1.529054552e-08	9.379568834e-05	1.562963038e-08	0.9998693404	3.683303855e-05	
1.534263469e-08	9.373960916e-05	1.562627284e-08	0.999869405	3.682445385e-05	
1.529053692e-08	9.373942073e-05	1.562624144e-08	0.9998694053	3.682438287e-05	
1.529051829e-08	9.385886733e-05	1.55690531e-08	0.9998692676	3.684269652e-05	
2.092352587e-08	0.0004477608043	2.136169669e-08	2.000532232e-08	0.9995521769	
3.779556124e-08	0.0007461031255	3.094943465e-08	2.870963051e-08	0.9992537994	
2.255764929e-08	0.0004481081958	2.273869794e-05	2.156780844e-08	0.999529109	
2.387506508e-08	0.0005415628899	2.438429896e-08	2.28848384e-08	0.999458366	
2.618431836e-08	0.0006149548371	2.673738849e-08	2.506560194e-08	0.9993849672	
2.251071537e-08	0.0004982071995	2.299626868e-08	2.131888424e-08	0.999501726	
1.778039008e-08	0.0003478680284	1.815922636e-08	1.70386699e-08	0.999652079	
1.046270943e-08	0.9100065999	8.548683434e-09	7.856352804e-09	0.08999337327	
9.80955114e-09	0.8585794707	9.866520835e-06	9.271528174e-09	0.1414106437	
8.80584926e-09	0.8800713784	8.973876873e-09	8.343812614e-09	0.1199285955	
8.628553176e-09	0.8928576961	8.791416243e-09	8.165162929e-09	0.1071422783	
8.931890275e-09	0.8709764232	9.104468675e-09	8.361969198e-09	0.1290235504	
9.570045609e-09	0.8249536642	9.75243837e-09	9.065639003e-09	0.1750463074	
2.091833581e-08	0.0002187875448	2.134515121e-08	1.958360088e-08	0.9997811506	
1.127180784e-08	0.910063712	9.093258255e-06	8.463926531e-09	0.08992717499	
1.002713725e-08	0.9244224135	8.195904074e-09	7.548251755e-09	0.07557756073	
9.772743926e-09	0.9328410359	7.986351662e-09	7.347160312e-09	0.06715893904	
1.020967793e-08	0.9183789456	8.347075009e-09	7.593698466e-09	0.08162102823	
1.115569568e-08	0.887072393	9.118153786e-09	8.395705454e-09	0.1129275783	
0.001418628642	0.9983848992	8.587795098e-08	7.835416627e-08	0.0001963079502	
9.487042416e-09	0.8801472486	9.545761514e-06	8.989294984e-09	0.1198431871	
9.295938165e-09	0.8929257267	9.351579436e-06	8.796736759e-09	0.1070649036	
9.62290211e-09	0.8710577134	9.684744611e-06	9.008920338e-09	0.1289325832	
1.031079981e-08	0.8250604063	1.037438689e-05	9.767384022e-09	0.1749291992	
2.255205841e-08	0.0002189573332	2.272109047e-05	2.11131533e-08	0.9997582779	
8.294376871e-09	0.9097481061	8.454140546e-09	7.868704619e-09	0.09025186932	
9.311038643e-09	0.8507594984	9.492097096e-09	8.842501575e-09	0.1492404739	
8.434666699e-09	0.9026547899	8.599159253e-09	7.906045203e-09	0.09734518515	
9.156084217e-09	0.8661957976	9.332238406e-09	8.684011211e-09	0.1338041752	
1.777507127e-08	0.0001699686567	1.814423405e-08	1.667863449e-08	0.9998299787	
0.9999999829	4.614278926e-09	4.762501093e-09	4.447349739e-09	3.231723331e-09	
0.9999946493	5.337217985e-06	5.160507412e-09	4.71888694e-09	3.605503713e-09	
0.999999983	4.614484565e-09	4.762441691e-09	4.35461717e-09	3.23168471e-09	
0.999999983	4.614484565e-09	4.762441691e-09	4.35461717e-09	3.23168471e-09	
0.999999983	4.614791689e-09	4.762442056e-09	4.354890877e-09	3.231684952e-09	
0.999999983	4.614791689e-09	4.762442056e-09	4.354890877e-09	3.231684952e-09	
0.9999999829	4.614544517e-09	4.762503876e-09	4.451487026e-09	3.231725146e-09	
0.999999983	4.614791689e-09	4.762442056e-09	4.354890877e-09	3.231684952e-09	
0.999999983	4.610805499e-09	4.762439624e-09	4.354888675e-09	3.231683314e-09	
0.9999949464	5.000652054e-09	5.160648607e-09	5.039932905e-06	3.50188714e-09	
0.999999983	4.614484565e-09	4.762441691e-09	4.35461717e-09	3.23168471e-09	
0.999999983	4.614791689e-09	4.762442056e-09	4.354890877e-09	3.231684952e-09	
0.9999999829	4.614278926e-09	4.762501093e-09	4.447349739e-09	3.231723331e-09	
0.9999946494	5.336980139e-06	5.16057178e-09	4.819376719e-09	3.605546803e-09	
0.9999999829	4.614278926e-09	4.762501093e-09	4.447349739e-09	3.231723331e-09	
0.9999999829	4.614278926e-09	4.762501093e-09	4.447349739e-09	3.231723331e-09	
0.9999999829	4.614586036e-09	4.762501458e-09	4.447629276e-09	3.231723573e-09	
0.9999999829	4.614586036e-09	4.762501458e-09	4.447629276e-09	3.231723573e-09	
0.9999999828	4.614338875e-09	4.762563279e-09	4.546282462e-09	3.231763768e-09	
0.9999999829	4.614586036e-09	4.762501458e-09	4.447629276e-09	3.231723573e-09	
0.9999999829	4.610600024e-09	4.762499026e-09	4.447627027e-09	3.231721935e-09	
0.9999948391	5.000428669e-09	5.160712423e-09	5.147258878e-06	3.501928615e-09	
0.9999999829	4.614278926e-09	4.762501093e-09	4.447349739e-09	3.231723331e-09	
0.9999999829	4.614586036e-09	4.762501458e-09	4.447629276e-09	3.231723573e-09	
0.9999999828	4.614073295e-09	4.762560496e-09	4.54205707e-09	3.231761953e-09	
0.9998473585	1.551376352e-08	1.617760828e-08	0.0001525989066	1.087407594e-08	
0.9999946493	5.337217985e-06	5.160507412e-09	4.71888694e-09	3.605503713e-09	
0.9999946493	5.337217985e-06	5.160507412e-09	4.71888694e-09	3.605503713e-09	
0.9999946489	5.337573211e-06	5.160507806e-09	4.719183542e-09	3.605503982e-09	
0.9999946489	5.337573211e-06	5.160507806e-09	4.719183542e-09	3.605503982e-09	
0.9999946491	5.337287327e-06	5.160574794e-09	4.823860094e-09	3.605548826e-09	
0.9999946489	5.337573211e-06	5.160507806e-09	4.719183542e-09	3.605503982e-09	
0.9999887451	5.783863084e-06	5.591993354e-09	5.46152555e-06	3.906957908e-09	
0.9999946493	5.337217985e-06	5.160507412e-09	4.71888694e-09	3.605503713e-09	
0.9999946489	5.337573211e-06	5.160507806e-09	4.719183542e-09	3.605503982e-09	
0.9999946494	5.336980139e-06	5.16057178e-09	4.819376719e-09	3.605546803e-09	
0.999999983	4.614484565e-09	4.762441691e-09	4.35461717e-09	3.23168471e-09	
0.999999983	4.614791689e-09	4.762442056e-09	4.354890877e-09	3.231684952e-09	
0.999999983	4.614791689e-09	4.762442056e-09	4.354890877e-09	3.231684952e-09	
0.9999999829	4.614544517e-09	4.762503876e-09	4.451487026e-09	3.231725146e-09	
0.999999983	4.614791689e-09	4.762442056e-09	4.354890877e-09	3.231684952e-09	
0.999999983	4.610805499e-09	4.762439624e-09	4.354888675e-09	3.231683314e-09	
0.9999949464	5.000652054e-09	5.160648607e-09	5.039932905e-06	3.50188714e-09	
0.999999983	4.614484565e-09	4.762441691e-09	4.35461717e-09	3.23168471e-09	
0.999999983	4.614791689e-09	4.762442056e-09	4.354890877e-09	3.231684952e-09	
0.9999999829	4.614278926e-09	4.762501093e-09	4.447349739e-09	3.231723331e-09	
0.999999983	4.614791689e-09	4.762442056e-09	4.354890877e-09	3.231684952e-09	
0.999999983	4.614791689e-09	4.762442056e-09	4.354890877e-09	3.231684952e-09	
0.9999999829	4.614544517e-09	4.762503876e-09	4.451487026e-09	3.231725146e-09	
0.999999983	4.614791689e-09	4.762442056e-09	4.354890877e-09	3.231684952e-09	
0.999999983	4.610805499e-09	4.762439624e-09	4.354888675e-09	3.231683314e-09	
0.9999949464	5.000652054e-09	5.160648607e-09	5.039932905e-06	3.50188714e-09	
0.999999983	4.614484565e-09	4.762441691e-09	4.35461717e-09	3.23168471e-09	
0.999999983	4.614791689e-09	4.762442056e-09	4.354890877e-09	3.231684952e-09	
0.9999999829	4.614278926e-09	4.762501093e-09	4.447349739e-09	3.231723331e-09	
0.999999983	4.615098834e-09	4.762442422e-09	4.355164602e-09	3.231685193e-09	
0.9999999829	4.614851645e-09	4.762504241e-09	4.451766823e-09	3.231725388e-09	
0.999999983	4.615098834e-09	4.762442422e-09	4.355164602e-09	3.231685193e-09	
0.999999983	4.611112379e-09	4.762439989e-09	4.3551624e-09	3.231683555e-09	
0.9999949461	5.000984879e-09	5.160649002e-09	5.040249687e-06	3.501887401e-09	
0.999999983	4.614791689e-09	4.762442056e-09	4.354890877e-09	3.231684952e-09	
0.9999999829	4.614586036e-09	4.762501458e-09	4.447629276e-09	3.231723573e-09	
0.9999999829	4.614851645e-09	4.762504241e-09	4.451766823e-09	3.231725388e-09	
0.999999983	4.611112379e-09	4.762439989e-09	4.3551624e-09	3.231683555e-09	
0.9999949461	5.000984879e-09	5.160649002e-09	5.040249687e-06	3.501887401e-09	
0.999999983	4.614791689e-09	4.762442056e-09	4.354890877e-09	3.231684952e-09	
0.999999983	4.615098834e-09	4.762442422e-09	4.355164602e-09	3.231685193e-09	
0.9999999829	4.614586036e-09	4.762501458e-09	4.447629276e-09	3.231723573e-09	
0.9999999829	4.614851645e-09	4.762504241e-09	4.451766823e-09	3.231725388e-09	
0.9999999829	4.610865404e-09	4.762501809e-09	4.451764572e-09	3.23172375e-09	
0.9999999829	4.614544517e-09	4.762503876e-09	4.451487026e-09	3.231725146e-09	
0.9999999829	4.614851645e-09	4.762504241e-09	4.451766823e-09	3.231725388e-09	
0.9999999828	4.614338875e-09	4.762563279e-09	4.546282462e-09	3.231763768e-09	
0.9998472166	1.551465427e-08	1.617761543e-08	0.0001527408448	1.087408051e-08	
0.999999983	4.611112379e-09	4.762439989e-09	4.3551624e-09	3.231683555e-09	
0.9999949461	5.000984879e-09	5.160649002e-09	5.040249687e-06	3.501887401e-09	
0.999999983	4.614791689e-09	4.762442056e-09	4.354890877e-09	3.231684952e-09	
0.999999983	4.615098834e-09	4.762442422e-09	4.355164602e-09	3.231685193e-09	
0.9999999829	4.614586036e-09	4.762501458e-09	4.447629276e-09	3.231723573e-09	
0.9999949461	4.996665101e-09	5.160646366e-09	5.040247138e-06	3.501885626e-09	
0.999999983	4.610805499e-09	4.762439624e-09	4.354888675e-09	3.231683314e-09	
0.999999983	4.611112379e-09	4.762439989e-09	4.3551624e-09	3.231683555e-09	
0.9999999829	4.610600024e-09	4.762499026e-09	4.447627027e-09	3.231721935e-09	
0.9999949464	5.000652054e-09	5.160648607e-09	5.039932905e-06	3.50188714e-09	
0.9999949461	5.000984879e-09	5.160649002e-09	5.040249687e-06	3.501887401e-09	
0.9999948391	5.000428669e-09	5.160712423e-09	5.147258878e-06	3.501928615e-09	
0.001064016535	6.787143101e-08	7.009886554e-08	0.9989357979	4.756719848e-08	
0.999999983	4.614791689e-09	4.762442056e-09	4.354890877e-09	3.231684952e-09	
0.9999999829	4.614278926e-09	4.762501093e-09	4.447349739e-09	3.231723331e-09	
0.9999999829	4.614586036e-09	4.762501458e-09	4.447629276e-09	3.231723573e-09	
0.9998473585	1.551376352e-08	1.617760828e-08	0.0001525989066	1.087407594e-08	
6.803025732e-09	6.684478024e-09	6.909815359e-09	6.308593544e-09	0.9999999733	
6.803025732e-09	6.684478024e-09	6.909815359e-09	6.308593544e-09	0.9999999733	
6.803025732e-09	6.684478024e-09	6.909815359e-09	6.308593544e-09	0.9999999733	
6.803025732e-09	6.684478024e-09	6.909815359e-09	6.308593544e-09	0.9999999733	
6.803025732e-09	6.684478024e-09	6.909815359e-09	6.308593544e-09	0.9999999733	
6.803025731e-09	6.684477486e-09	6.909815337e-09	6.308593544e-09	0.9999999733	
6.803025732e-09	6.684478024e-09	6.909815359e-09	6.308593544e-09	0.9999999733	
6.803025731e-09	6.684477486e-09	6.909815337e-09	6.308593544e-09	0.9999999733	
6.803025731e-09	6.684477486e-09	6.909815337e-09	6.308593544e-09	0.9999999733	
6.803025732e-09	6.684478024e-09	6.909815359e-09	6.308593544e-09	0.9999999733	
6.803025732e-09	6.684478024e-09	6.909815359e-09	6.308593544e-09	0.9999999733	
6.803025732e-09	6.684478024e-09	6.909815359e-09	6.308593544e-09	0.9999999733	
6.803025732e-09	6.684478024e-09	6.909815359e-09	6.308593544e-09	0.9999999733	
6.803371949e-09	7.263996258e-09	6.931966782e-09	6.308912508e-09	0.9999999727	
6.803025732e-09	6.684478024e-09	6.909815359e-09	6.308593544e-09	0.9999999733	
6.803025732e-09	6.684478024e-09	6.909815359e-09	6.308593544e-09	0.9999999733	
6.803025732e-09	6.684478024e-09	6.909815359e-09	6.308593544e-09	0.9999999733	
6.803025732e-09	6.684478024e-09	6.909815359e-09	6.308593544e-09	0.9999999733	
6.803025731e-09	6.684477486e-09	6.909815337e-09	6.308593544e-09	0.9999999733	
6.803025732e-09	6.684478024e-09	6.909815359e-09	6.308593544e-09	0.9999999733	
6.803025731e-09	6.684477486e-09	6.909815337e-09	6.308593544e-09	0.9999999733	
6.803025731e-09	6.684477486e-09	6.909815337e-09	6.308593544e-09	0.9999999733	
6.803025732e-09	6.684478024e-09	6.909815359e-09	6.308593544e-09	0.9999999733	
6.803025732e-09	6.684478024e-09	6.909815359e-09	6.308593544e-09	0.9999999733	
6.803025732e-09	6.684478024e-09	6.909815359e-09	6.308593544e-09	0.9999999733	
6.803025732e-09	6.684478024e-09	6.909815359e-09	6.308593544e-09	0.9999999733	
6.803371949e-09	7.263996258e-09	6.931966782e-09	6.308912508e-09	0.9999999727	
6.803025732e-09	6.684478024e-09	6.909815359e-09	6.308593544e-09	0.9999999733	
6.803025732e-09	6.684478024e-09	6.909815359e-09	6.308593544e-09	0.9999999733	
6.803025732e-09	6.684478024e-09	6.909815359e-09	6.308593544e-09	0.9999999733	
6.803025731e-09	6.684477486e-09	6.909815337e-09	6.308593544e-09	0.9999999733	
6.803025732e-09	6.684478024e-09	6.909815359e-09	6.308593544e-09	0.9999999733	
6.803025731e-09	6.684477486e-09	6.909815337e-09	6.308593544e-09	0.9999999733	
6.803025731e-09	6.684477486e-09	6.909815337e-09	6.308593544e-09	0.9999999733	
6.803025732e-09	6.684478024e-09	6.909815359e-09	6.308593544e-09	0.9999999733	
6.803025732e-09	6.684478024e-09	6.909815359e-09	6.308593544e-09	0.9999999733	
6.803025732e-09	6.684478024e-09	6.909815359e-09	6.308593544e-09	0.9999999733	
6.803025732e-09	6.684478024e-09	6.909815359e-09	6.308593544e-09	0.9999999733	
6.803371949e-09	7.263996258e-09	6.931966782e-09	6.308912508e-09	0.9999999727	
6.803025732e-09	6.684478024e-09	6.909815359e-09	6.308593544e-09	0.9999999733	
6.803025732e-09	6.684478024e-09	6.909815359e-09	6.308593544e-09	0.9999999733	
6.803025731e-09	6.684477486e-09	6.909815337e-09	6.308593544e-09	0.9999999733	
6.803025732e-09	6.684478024e-09	6.909815359e-09	6.308593544e-09	0.9999999733	
6.803025731e-09	6.684477486e-09	6.909815337e-09	6.308593544e-09	0.9999999733	
6.803025731e-09	6.684477486e-09	6.909815337e-09	6.308593544e-09	0.9999999733	
6.803025732e-09	6.684478024e-09	6.909815359e-09	6.308593544e-09	0.9999999733	
6.803025732e-09	6.684478024e-09	6.909815359e-09	6.308593544e-09	0.9999999733	
6.803025732e-09	6.684478024e-09	6.909815359e-09	6.308593544e-09	0.9999999733	
6.803025732e-09	6.684478024e-09	6.909815359e-09	6.308593544e-09	0.9999999733	
6.803371949e-09	7.263996258e-09	6.931966782e-09	6.308912508e-09	0.9999999727	
6.803025732e-09	6.684478024e-09	6.909815359e-09	6.308593544e-09	0.9999999733	
6.803025731e-09	6.684477486e-09	6.909815337e-09	6.308593544e-09	0.9999999733	
6.803025732e-09	6.684478024e-09	6.909815359e-09	6.308593544e-09	0.9999999733	
6.803025731e-09	6.684477486e-09	6.909815337e-09	6.308593544e-09	0.9999999733	
6.803025731e-09	6.684477486e-09	6.909815337e-09	6.308593544e-09	0.9999999733	
6.803025732e-09	6.684478024e-09	6.909815359e-09	6.308593544e-09	0.9999999733	
6.803025732e-09	6.684478024e-09	6.909815359e-09	6.308593544e-09	0.9999999733	
6.803025732e-09	6.684478024e-09	6.909815359e-09	6.308593544e-09	0.9999999733	
6.803025732e-09	6.684478024e-09	6.909815359e-09	6.308593544e-09	0.9999999733	
6.803371949e-09	7.263996258e-09	6.931966782e-09	6.308912508e-09	0.9999999727	
6.803025731e-09	6.684477486e-09	6.909815337e-09	6.308593544e-09	0.9999999733	
6.803025732e-09	6.684478024e-09	6.909815359e-09	6.308593544e-09	0.9999999733	
6.803025731e-09	6.684477486e-09	6.909815337e-09	6.308593544e-09	0.9999999733	
6.803025731e-09	6.684477486e-09	6.909815337e-09	6.308593544e-09	0.9999999733	
6.803025732e-09	6.684478024e-09	6.909815359e-09	6.308593544e-09	0.9999999733	
6.803025732e-09	6.684478024e-09	6.909815359e-09	6.308593544e-09	0.9999999733	
6.803025732e-09	6.684478024e-09	6.909815359e-09	6.308593544e-09	0.9999999733	
6.803025732e-09	6.684478024e-09	6.909815359e-09	6.308593544e-09	0.9999999733	
6.803371949e-09	7.263996258e-09	6.931966782e-09	6.308912508e-09	0.9999999727	
6.803025731e-09	6.684477486e-09	6.909815337e-09	6.308593544e-09	0.9999999733	
6.80302573e-09	6.684476948e-09	6.909815316e-09	6.308593543e-09	0.9999999733	
6.80302573e-09	6.684476948e-09	6.909815316e-09	6.308593543e-09	0.9999999733	
6.803025731e-09	6.684477486e-09	6.909815337e-09	6.308593544e-09	0.9999999733	
6.803025731e-09	6.684477486e-09	6.909815337e-09	6.308593544e-09	0.9999999733	
6.803025731e-09	6.684477486e-09	6.909815337e-09	6.308593544e-09	0.9999999733	
6.803025731e-09	6.684477486e-09	6.909815337e-09	6.308593544e-09	0.9999999733	
6.803025731e-09	6.684477486e-09	6.909815337e-09	6.308593544e-09	0.9999999733	
6.803025731e-09	6.684477486e-09	6.909815337e-09	6.308593544e-09	0.9999999733	
6.803025732e-09	6.684478024e-09	6.909815359e-09	6.308593544e-09	0.9999999733	
6.803025732e-09	6.684478024e-09	6.909815359e-09	6.308593544e-09	0.9999999733	
6.803025732e-09	6.684478024e-09	6.909815359e-09	6.308593544e-09	0.9999999733	
6.803025732e-09	6.684478024e-09	6.909815359e-09	6.308593544e-09	0.9999999733	
6.803371949e-09	7.263996258e-09	6.931966782e-09	6.308912508e-09	0.9999999727	
6.80302573e-09	6.684476948e-09	6.909815316e-09	6.308593543e-09	0.9999999733	
6.803025731e-09	6.684477486e-09	6.909815337e-09	6.308593544e-09	0.9999999733	
6.803025731e-09	6.684477486e-09	6.909815337e-09	6.308593544e-09	0.9999999733	
6.803025731e-09	6.684477486e-09	6.909815337e-09	6.308593544e-09	0.9999999733	
6.803025731e-09	6.684477486e-09	6.909815337e-09	6.308593544e-09	0.9999999733	
6.803025731e-09	6.684477486e-09	6.909815337e-09	6.308593544e-09	0.9999999733	
6.803025731e-09	6.684477486e-09	6.909815337e-09	6.308593544e-09	0.9999999733	
6.803025731e-09	6.684477486e-09	6.909815337e-09	6.308593544e-09	0.9999999733	
6.803025731e-09	6.684477486e-09	6.909815337e-09	6.308593544e-09	0.9999999733	
6.803025732e-09	6.684478024e-09	6.909815359e-09	6.308593544e-09	0.9999999733	
6.803025732e-09	6.684478024e-09	6.909815359e-09	6.308593544e-09	0.9999999733	
6.803025732e-09	6.684478024e-09	6.909815359e-09	6.308593544e-09	0.9999999733	
6.803371949e-09	7.263996258e-09	6.931966782e-09	6.308912508e-09	0.9999999727	
6.803025732e-09	6.684478024e-09	6.909815359e-09	6.308593544e-09	0.9999999733	
6.803025732e-09	6.684478024e-09	6.909815359e-09	6.308593544e-09	0.9999999733	
6.803371949e-09	7.263996258e-09	6.931966782e-09	6.308912508e-09	0.9999999727	
6.803025732e-09	6.684478024e-09	6.909815359e-09	6.308593544e-09	0.9999999733	
6.803371949e-09	7.263996258e-09	6.931966782e-09	6.308912508e-09	0.9999999727	
6.803371949e-09	7.263996258e-09	6.931966782e-09	6.308912508e-09	0.9999999727	
5.056370517e-09	5.021714559e-09	5.155714321e-09	0.9999999813	3.499686444e-09	
5.07461651e-09	5.021725119e-09	5.155725247e-09	0.9999999812	3.499693556e-09	
5.784750301e-09	5.022113237e-09	5.156124984e-09	0.9999999805	3.49995575e-09	
5.056370517e-09	5.021714559e-09	5.155714321e-09	0.9999999813	3.499686444e-09	
5.07461651e-09	5.021725119e-09	5.155725247e-09	0.9999999812	3.499693556e-09	
7.409172037e-09	7.317426564e-09	3.397857857e-05	0.9999660016	5.099578483e-09	
5.073651909e-09	5.072767237e-09	5.174710994e-09	0.9999999812	3.513659223e-09	
5.056382712e-09	5.021726612e-09	5.177037661e-09	0.9999999812	3.499694577e-09	
5.056383088e-09	5.021727464e-09	5.178467491e-09	0.9999999812	3.49969513e-09	
5.05642371e-09	5.072757038e-09	5.174700594e-09	0.9999999812	3.51365245e-09	
5.0736092e-09	5.02173527e-09	5.17466731e-09	0.9999999812	3.499700392e-09	
5.056370483e-09	5.02171455e-09	5.155714312e-09	0.9999999813	3.499686442e-09	
5.074628094e-09	5.021736472e-09	5.175787917e-09	0.9999999812	3.499701211e-09	
5.05638196e-09	5.021725925e-09	5.175776898e-09	0.9999999812	3.499694102e-09	
5.056382712e-09	5.021726646e-09	5.177037647e-09	0.9999999812	3.499694584e-09	
5.056418246e-09	5.079221652e-09	5.155763126e-09	0.9999999812	3.515400357e-09	
5.075717985e-09	4.968226204e-09	5.156935742e-09	0.9999999813	3.484972203e-09	
5.074559943e-09	4.968213605e-09	5.13569446e-09	0.9999999813	3.484963656e-09	
5.784685817e-09	4.968597588e-09	5.136092645e-09	0.9999999806	3.485224747e-09	
5.074559943e-09	4.968213605e-09	5.13569446e-09	0.9999999813	3.484963656e-09	
5.073595353e-09	5.018711819e-09	5.154606445e-09	0.9999999813	3.498870544e-09	
5.056326348e-09	4.968215083e-09	5.156924072e-09	0.9999999813	3.484964673e-09	
5.056326724e-09	4.968215926e-09	5.158348347e-09	0.9999999813	3.484965224e-09	
5.056367345e-09	5.018701729e-09	5.154596085e-09	0.9999999813	3.498863799e-09	
5.073552644e-09	4.968223649e-09	5.154562931e-09	0.9999999813	3.484970463e-09	
5.056314119e-09	4.96820315e-09	5.135683568e-09	0.9999999814	3.484956573e-09	
5.074571527e-09	4.968224838e-09	5.155679184e-09	0.9999999813	3.484971279e-09	
5.056325596e-09	4.968214403e-09	5.155668207e-09	0.9999999813	3.4849642e-09	
5.056326348e-09	4.968215117e-09	5.156924058e-09	0.9999999813	3.48496468e-09	
5.056361882e-09	5.025097456e-09	5.135732192e-09	0.9999999813	3.500604349e-09	
5.094033794e-09	4.968236651e-09	5.156946671e-09	0.9999999813	3.484979284e-09	
5.075717985e-09	4.968226204e-09	5.156935742e-09	0.9999999813	3.484972203e-09	
5.094033794e-09	4.968236651e-09	5.156946671e-09	0.9999999813	3.484979284e-09	
7.4375221e-09	7.239485575e-09	3.398662804e-05	0.9999659936	5.078137542e-09	
5.093065503e-09	5.018735099e-09	5.175936916e-09	0.9999999812	3.498886234e-09	
5.075730227e-09	4.968238128e-09	5.178264134e-09	0.9999999813	3.484980302e-09	
5.075730604e-09	4.968238972e-09	5.179694303e-09	0.9999999813	3.484980853e-09	
5.075771382e-09	5.018725009e-09	5.175926513e-09	0.9999999812	3.498879489e-09	
5.093022629e-09	4.968246695e-09	5.175893222e-09	0.9999999813	3.484986092e-09	
5.075717951e-09	4.968226195e-09	5.156935734e-09	0.9999999813	3.484972201e-09	
5.094045423e-09	4.968247884e-09	5.177014094e-09	0.9999999813	3.484986908e-09	
3.151921155e-05	7.109479214e-09	7.449855206e-09	0.9999684612	4.986943997e-09	
5.075729472e-09	4.968237449e-09	5.177003072e-09	0.9999999813	3.484979828e-09	
5.075730227e-09	4.968238163e-09	5.17826412e-09	0.9999999813	3.484980308e-09	
5.075765897e-09	5.025120766e-09	5.156984559e-09	0.9999999812	3.500620047e-09	
5.805559948e-09	4.968608036e-09	5.136103529e-09	0.9999999806	3.485231829e-09	
5.074559943e-09	4.968213605e-09	5.13569446e-09	0.9999999813	3.484963656e-09	
5.092871573e-09	4.968224053e-09	5.135705344e-09	0.9999999813	3.484970738e-09	
5.091903502e-09	5.018722373e-09	5.154617369e-09	0.9999999812	3.498877654e-09	
5.074572182e-09	4.96822553e-09	5.156935001e-09	0.9999999813	3.484971755e-09	
5.074572559e-09	4.968226373e-09	5.158359279e-09	0.9999999813	3.484972306e-09	
5.074613327e-09	5.018712282e-09	5.154607009e-09	0.9999999813	3.498870908e-09	
5.091860639e-09	4.968234096e-09	5.154573854e-09	0.9999999813	3.484977545e-09	
5.074559908e-09	4.968213597e-09	5.135694452e-09	0.9999999813	3.484963654e-09	
5.092883199e-09	4.968235285e-09	5.15569011e-09	0.9999999813	3.484978361e-09	
3.151202056e-05	7.109461237e-09	7.419169502e-09	0.9999684685	4.986931803e-09	
5.074571427e-09	4.96822485e-09	5.155679133e-09	0.9999999813	3.484971282e-09	
5.074572182e-09	4.968225564e-09	5.156934987e-09	0.9999999813	3.484971762e-09	
5.074607844e-09	5.025108023e-09	5.135743075e-09	0.9999999813	3.500611462e-09	
5.784685817e-09	4.968597588e-09	5.136092645e-09	0.9999999806	3.485224747e-09	
5.805559948e-09	4.968608036e-09	5.136103529e-09	0.9999999806	3.485231829e-09	
5.804456407e-09	5.019110259e-09	5.15501702e-09	0.9999999805	3.499139787e-09	
5.784699769e-09	4.968609513e-09	5.157334832e-09	0.9999999806	3.485232847e-09	
5.784746672e-09	5.019100168e-09	5.155006659e-09	0.9999999805	3.499133041e-09	
5.804407545e-09	4.96861808e-09	5.154973503e-09	0.9999999806	3.485238637e-09	
5.784685778e-09	4.968597579e-09	5.136092636e-09	0.9999999806	3.485224745e-09	
5.805573201e-09	4.968619269e-09	5.156089845e-09	0.9999999806	3.485239453e-09	
5.784698909e-09	4.968608834e-09	5.156078867e-09	0.9999999806	3.485232373e-09	
5.784699769e-09	4.968609548e-09	5.157334818e-09	0.9999999806	3.485232853e-09	
5.784740421e-09	5.025496403e-09	5.136141264e-09	0.9999999806	3.500873726e-09	
5.074559943e-09	4.968213605e-09	5.13569446e-09	0.9999999813	3.484963656e-09	
5.073595353e-09	5.018711819e-09	5.154606445e-09	0.9999999813	3.498870544e-09	
5.056326348e-09	4.968215083e-09	5.156924072e-09	0.9999999813	3.484964673e-09	
5.056326724e-09	4.968215926e-09	5.158348347e-09	0.9999999813	3.484965224e-09	
5.056367345e-09	5.018701729e-09	5.154596085e-09	0.9999999813	3.498863799e-09	
5.073552644e-09	4.968223649e-09	5.154562931e-09	0.9999999813	3.484970463e-09	
5.056314119e-09	4.96820315e-09	5.135683568e-09	0.9999999814	3.484956573e-09	
5.074571527e-09	4.968224838e-09	5.155679184e-09	0.9999999813	3.484971279e-09	
5.056325596e-09	4.968214403e-09	5.155668207e-09	0.9999999813	3.4849642e-09	
5.056326348e-09	4.968215117e-09	5.156924058e-09	0.9999999813	3.48496468e-09	
5.056361882e-09	5.025097456e-09	5.135732192e-09	0.9999999813	3.500604349e-09	
5.091903502e-09	5.018722373e-09	5.154617369e-09	0.9999999812	3.498877654e-09	
5.074572182e-09	4.96822553e-09	5.156935001e-09	0.9999999813	3.484971755e-09	
5.074572559e-09	4.968226373e-09	5.158359279e-09	0.9999999813	3.484972306e-09	
5.074613327e-09	5.018712282e-09	5.154607009e-09	0.9999999813	3.498870908e-09	
5.091860639e-09	4.968234096e-09	5.154573854e-09	0.9999999813	3.484977545e-09	
5.074559908e-09	4.968213597e-09	5.135694452e-09	0.9999999813	3.484963654e-09	
5.092883199e-09	4.968235285e-09	5.15569011e-09	0.9999999813	3.484978361e-09	
3.151202056e-05	7.109461237e-09	7.419169502e-09	0.9999684685	4.986931803e-09	
5.074571427e-09	4.96822485e-09	5.155679133e-09	0.9999999813	3.484971282e-09	
5.074572182e-09	4.968225564e-09	5.156934987e-09	0.9999999813	3.484971762e-09	
5.074607844e-09	5.025108023e-09	5.135743075e-09	0.9999999813	3.500611462e-09	
7.43441189e-09	7.313051154e-09	3.39712774e-05	0.9999660089	5.098389629e-09	
7.409107258e-09	7.23946937e-09	3.398655113e-05	0.9999659937	5.078126571e-09	
7.409107738e-09	7.239470531e-09	3.399593745e-05	0.9999659843	5.078127326e-09	
7.409167444e-09	7.313036452e-09	3.397120912e-05	0.999966009	5.0983798e-09	
7.43434931e-09	7.239481965e-09	3.397099063e-05	0.9999660093	5.078135087e-09	
7.435842239e-09	7.239483644e-09	3.397834701e-05	0.9999660019	5.078136238e-09	
4.600763707e-05	1.035927479e-08	4.889426946e-05	0.9999050805	7.266493979e-09	
7.409106217e-09	7.239468439e-09	3.397827467e-05	0.999966002	5.078125923e-09	
7.409107258e-09	7.23946942e-09	3.398655104e-05	0.9999659937	5.078126581e-09	
5.07360759e-09	5.018723865e-09	5.175925203e-09	0.9999999812	3.498878675e-09	
5.073607967e-09	5.018724717e-09	5.177354726e-09	0.9999999812	3.498879228e-09	
5.073648727e-09	5.069723778e-09	5.173588638e-09	0.9999999812	3.512833294e-09	
5.09089276e-09	5.018732518e-09	5.173555362e-09	0.9999999812	3.498884488e-09	
5.073595318e-09	5.01871181e-09	5.154606437e-09	0.9999999813	3.498870542e-09	
3.150603083e-05	7.18172369e-09	7.446490335e-09	0.9999684743	5.006832385e-09	
5.073606835e-09	5.018723178e-09	5.174664711e-09	0.9999999812	3.4988782e-09	
5.07360759e-09	5.018723899e-09	5.175925189e-09	0.9999999812	3.498878682e-09	
5.073643245e-09	5.076184526e-09	5.154655239e-09	0.9999999812	3.514580793e-09	
5.056338919e-09	4.96822785e-09	5.179682582e-09	0.9999999813	3.484973323e-09	
5.056379541e-09	5.018713774e-09	5.1759148e-09	0.9999999813	3.49887193e-09	
5.07356488e-09	4.968235574e-09	5.175881509e-09	0.9999999813	3.484978563e-09	
5.056326314e-09	4.968215074e-09	5.156924064e-09	0.9999999813	3.484964672e-09	
5.074583766e-09	4.968236762e-09	5.177002379e-09	0.9999999813	3.484979378e-09	
5.056337791e-09	4.968226327e-09	5.176991357e-09	0.9999999813	3.484972299e-09	
5.056338544e-09	4.968227041e-09	5.178252402e-09	0.9999999813	3.484972779e-09	
5.056379916e-09	5.018714626e-09	5.17734432e-09	0.9999999812	3.498872483e-09	
5.073565257e-09	4.968236417e-09	5.17731102e-09	0.9999999813	3.484979113e-09	
5.056326689e-09	4.968215917e-09	5.158348339e-09	0.9999999813	3.484965222e-09	
5.074584143e-09	4.968237606e-09	5.1784322e-09	0.9999999813	3.484979929e-09	
5.056338167e-09	4.968227171e-09	5.178421174e-09	0.9999999813	3.48497285e-09	
5.056374452e-09	5.02511037e-09	5.158397177e-09	0.9999999813	3.500613037e-09	
5.073606017e-09	5.018722428e-09	5.173544964e-09	0.9999999812	3.498877743e-09	
5.056367311e-09	5.01870172e-09	5.154596076e-09	0.9999999813	3.498863797e-09	
5.074624911e-09	5.018723629e-09	5.174665328e-09	0.9999999812	3.498878562e-09	
5.056378789e-09	5.018713088e-09	5.17465431e-09	0.9999999813	3.498871455e-09	
5.056379541e-09	5.018713809e-09	5.175914786e-09	0.9999999813	3.498871937e-09	
5.056415074e-09	5.07617432e-09	5.154644879e-09	0.9999999812	3.514574018e-09	
5.073552609e-09	4.96822364e-09	5.154562922e-09	0.9999999813	3.484970462e-09	
5.091872262e-09	4.968245329e-09	5.174632044e-09	0.9999999813	3.484985168e-09	
3.150576562e-05	7.109475653e-09	7.446427475e-09	0.9999684747	4.986941575e-09	
5.073564126e-09	4.968234894e-09	5.174621027e-09	0.9999999813	3.484978089e-09	
5.073564881e-09	4.968235608e-09	5.175881495e-09	0.9999999813	3.484978569e-09	
5.073600535e-09	5.025118182e-09	5.154611725e-09	0.9999999812	3.5006183e-09	
5.074571492e-09	4.968224829e-09	5.155679175e-09	0.9999999813	3.484971278e-09	
5.056325562e-09	4.968214394e-09	5.155668199e-09	0.9999999813	3.484964198e-09	
5.056326314e-09	4.968215108e-09	5.15692405e-09	0.9999999813	3.484964678e-09	
5.056361847e-09	5.025097447e-09	5.135732183e-09	0.9999999813	3.500604347e-09	
3.151209249e-05	7.109477309e-09	7.448039999e-09	0.9999684684	4.986942711e-09	
5.074583011e-09	4.968236083e-09	5.175741624e-09	0.9999999813	3.484978905e-09	
5.074583766e-09	4.968236797e-09	5.177002365e-09	0.9999999813	3.484979385e-09	
5.074619428e-09	5.025119384e-09	5.155727989e-09	0.9999999812	3.50061912e-09	
5.056337792e-09	4.968226362e-09	5.176991343e-09	0.9999999813	3.484972306e-09	
5.056373325e-09	5.02510883e-09	5.155717012e-09	0.9999999813	3.500612009e-09	
5.056374077e-09	5.025109552e-09	5.156972874e-09	0.9999999813	3.500612491e-09	
