4.616420481e-09	4.535976359e-09	0.9999999833	4.36537544e-09	3.181770052e-09	
4.616420481e-09	4.535976384e-09	0.9999999833	4.365375463e-09	3.181770056e-09	
4.616420481e-09	4.535976384e-09	0.9999999833	4.365375463e-09	3.181770056e-09	
4.616420481e-09	4.535976359e-09	0.9999999833	4.36537544e-09	3.181770052e-09	
4.61675249e-09	4.968574883e-09	0.9999999828	4.365686943e-09	3.27694815e-09	
4.616420481e-09	4.535976359e-09	0.9999999833	4.36537544e-09	3.181770052e-09	
4.616473899e-09	4.536028661e-09	0.9999999832	4.451558766e-09	3.181805417e-09	
4.616420481e-09	4.535976384e-09	0.9999999833	4.365375463e-09	3.181770056e-09	
4.616473899e-09	4.536028661e-09	0.9999999832	4.451558766e-09	3.181805417e-09	
4.616420481e-09	4.535976359e-09	0.9999999833	4.36537544e-09	3.181770052e-09	
4.616473899e-09	4.536028661e-09	0.9999999832	4.451558766e-09	3.181805417e-09	
4.616420481e-09	4.535976384e-09	0.9999999833	4.365375463e-09	3.181770056e-09	
4.616473899e-09	4.536028661e-09	0.9999999832	4.451558766e-09	3.181805417e-09	
1.498739508e-08	1.464424784e-08	0.9998587179	0.0001412421905	1.027220735e-08	
4.616367063e-09	4.535924083e-09	0.9999999834	4.280860667e-09	3.181734692e-09	
4.616367063e-09	4.535924083e-09	0.9999999834	4.280860667e-09	3.181734692e-09	
4.616367063e-09	4.535924059e-09	0.9999999834	4.280860645e-09	3.181734688e-09	
4.616699068e-09	4.968517595e-09	0.9999999829	4.281166117e-09	3.276911728e-09	
4.616367063e-09	4.535924059e-09	0.9999999834	4.280860645e-09	3.181734688e-09	
4.616420481e-09	4.535976359e-09	0.9999999833	4.36537544e-09	3.181770052e-09	
4.616367063e-09	4.535924083e-09	0.9999999834	4.280860667e-09	3.181734692e-09	
4.616420481e-09	4.535976359e-09	0.9999999833	4.36537544e-09	3.181770052e-09	
4.616367063e-09	4.535924059e-09	0.9999999834	4.280860645e-09	3.181734688e-09	
4.616420481e-09	4.535976359e-09	0.9999999833	4.36537544e-09	3.181770052e-09	
4.616367063e-09	4.535924083e-09	0.9999999834	4.280860667e-09	3.181734692e-09	
4.616420481e-09	4.535976359e-09	0.9999999833	4.36537544e-09	3.181770052e-09	
4.616367063e-09	4.535924108e-09	0.9999999834	4.28086069e-09	3.181734695e-09	
4.616367063e-09	4.535924083e-09	0.9999999834	4.280860667e-09	3.181734692e-09	
4.616699068e-09	4.968517621e-09	0.9999999829	4.28116614e-09	3.276911732e-09	
4.616367063e-09	4.535924083e-09	0.9999999834	4.280860667e-09	3.181734692e-09	
4.616420481e-09	4.535976384e-09	0.9999999833	4.365375463e-09	3.181770056e-09	
4.616367063e-09	4.535924108e-09	0.9999999834	4.28086069e-09	3.181734695e-09	
4.616420481e-09	4.535976384e-09	0.9999999833	4.365375463e-09	3.181770056e-09	
4.616367063e-09	4.535924083e-09	0.9999999834	4.280860667e-09	3.181734692e-09	
4.616420481e-09	4.535976384e-09	0.9999999833	4.365375463e-09	3.181770056e-09	
4.616420481e-09	4.535976384e-09	0.9999999833	4.365375463e-09	3.181770056e-09	
4.616367063e-09	4.535924083e-09	0.9999999834	4.280860667e-09	3.181734692e-09	
4.616699068e-09	4.968517621e-09	0.9999999829	4.28116614e-09	3.276911732e-09	
4.616367063e-09	4.535924083e-09	0.9999999834	4.280860667e-09	3.181734692e-09	
4.616420481e-09	4.535976384e-09	0.9999999833	4.365375463e-09	3.181770056e-09	
4.616420481e-09	4.535976384e-09	0.9999999833	4.365375463e-09	3.181770056e-09	
4.616367063e-09	4.535924083e-09	0.9999999834	4.280860667e-09	3.181734692e-09	
4.616420481e-09	4.535976384e-09	0.9999999833	4.365375463e-09	3.181770056e-09	
4.616367063e-09	4.535924108e-09	0.9999999834	4.28086069e-09	3.181734695e-09	
4.616420481e-09	4.535976384e-09	0.9999999833	4.365375463e-09	3.181770056e-09	
4.616699068e-09	4.968517595e-09	0.9999999829	4.281166117e-09	3.276911728e-09	
4.616367063e-09	4.535924059e-09	0.9999999834	4.280860645e-09	3.181734688e-09	
4.616420481e-09	4.535976359e-09	0.9999999833	4.36537544e-09	3.181770052e-09	
4.616367063e-09	4.535924083e-09	0.9999999834	4.280860667e-09	3.181734692e-09	
4.616420481e-09	4.535976359e-09	0.9999999833	4.36537544e-09	3.181770052e-09	
4.616367063e-09	4.535924059e-09	0.9999999834	4.280860645e-09	3.181734688e-09	
4.616420481e-09	4.535976359e-09	0.9999999833	4.36537544e-09	3.181770052e-09	
4.616367063e-09	4.535924083e-09	0.9999999834	4.280860667e-09	3.181734692e-09	
4.616420481e-09	4.535976359e-09	0.9999999833	4.36537544e-09	3.181770052e-09	
4.616699068e-09	4.968517595e-09	0.9999999829	4.281166117e-09	3.276911728e-09	
4.61675249e-09	4.968574883e-09	0.9999999828	4.365686943e-09	3.27694815e-09	
4.616699068e-09	4.968517621e-09	0.9999999829	4.28116614e-09	3.276911732e-09	
4.61675249e-09	4.968574883e-09	0.9999999828	4.365686943e-09	3.27694815e-09	
4.616699068e-09	4.968517595e-09	0.9999999829	4.281166117e-09	3.276911728e-09	
4.61675249e-09	4.968574883e-09	0.9999999828	4.365686943e-09	3.27694815e-09	
4.616699068e-09	4.968517621e-09	0.9999999829	4.28116614e-09	3.276911732e-09	
4.61675249e-09	4.968574883e-09	0.9999999828	4.365686943e-09	3.27694815e-09	
6.812495881e-08	0.0006666890701	0.9991201986	6.377834259e-08	0.0002129804442	
4.616420481e-09	4.535976359e-09	0.9999999833	4.36537544e-09	3.181770052e-09	
4.616367063e-09	4.535924083e-09	0.9999999834	4.280860667e-09	3.181734692e-09	
4.616420481e-09	4.535976359e-09	0.9999999833	4.36537544e-09	3.181770052e-09	
4.616367063e-09	4.535924059e-09	0.9999999834	4.280860645e-09	3.181734688e-09	
4.616420481e-09	4.535976359e-09	0.9999999833	4.36537544e-09	3.181770052e-09	
4.616367063e-09	4.535924083e-09	0.9999999834	4.280860667e-09	3.181734692e-09	
4.616420481e-09	4.535976359e-09	0.9999999833	4.36537544e-09	3.181770052e-09	
4.616420481e-09	4.535976384e-09	0.9999999833	4.365375463e-09	3.181770056e-09	
4.616473899e-09	4.536028661e-09	0.9999999832	4.451558766e-09	3.181805417e-09	
4.616420481e-09	4.535976359e-09	0.9999999833	4.36537544e-09	3.181770052e-09	
4.616473899e-09	4.536028661e-09	0.9999999832	4.451558766e-09	3.181805417e-09	
4.616420481e-09	4.535976384e-09	0.9999999833	4.365375463e-09	3.181770056e-09	
4.616473899e-09	4.536028661e-09	0.9999999832	4.451558766e-09	3.181805417e-09	
1.498739508e-08	1.464424784e-08	0.9998587179	0.0001412421905	1.027220735e-08	
4.616420481e-09	4.535976384e-09	0.9999999833	4.365375463e-09	3.181770056e-09	
4.616367063e-09	4.535924083e-09	0.9999999834	4.280860667e-09	3.181734692e-09	
4.616420481e-09	4.535976384e-09	0.9999999833	4.365375463e-09	3.181770056e-09	
4.616367063e-09	4.535924108e-09	0.9999999834	4.28086069e-09	3.181734695e-09	
4.616420481e-09	4.535976384e-09	0.9999999833	4.365375463e-09	3.181770056e-09	
4.616420481e-09	4.535976359e-09	0.9999999833	4.36537544e-09	3.181770052e-09	
4.616473899e-09	4.536028661e-09	0.9999999832	4.451558766e-09	3.181805417e-09	
4.616420481e-09	4.535976384e-09	0.9999999833	4.365375463e-09	3.181770056e-09	
4.616473899e-09	4.536028661e-09	0.9999999832	4.451558766e-09	3.181805417e-09	
1.498739508e-08	1.464424784e-08	0.9998587179	0.0001412421905	1.027220735e-08	
4.616420481e-09	4.535976359e-09	0.9999999833	4.36537544e-09	3.181770052e-09	
4.616367063e-09	4.535924083e-09	0.9999999834	4.280860667e-09	3.181734692e-09	
4.616420481e-09	4.535976359e-09	0.9999999833	4.36537544e-09	3.181770052e-09	
4.616420481e-09	4.535976384e-09	0.9999999833	4.365375463e-09	3.181770056e-09	
4.616473899e-09	4.536028661e-09	0.9999999832	4.451558766e-09	3.181805417e-09	
1.498739508e-08	1.464424784e-08	0.9998587179	0.0001412421905	1.027220735e-08	
4.616420481e-09	4.535976384e-09	0.9999999833	4.365375463e-09	3.181770056e-09	
1.498739508e-08	1.464424784e-08	0.9998587179	0.0001412421905	1.027220735e-08	
2.68103573e-08	0.0006348462679	2.737643184e-08	2.566368185e-08	0.9993650739	
8.214351205e-09	0.9140627468	8.372450273e-09	7.699174431e-09	0.08593722887	
8.227333983e-09	0.9134284675	8.385703466e-09	7.711342979e-09	0.08657150821	
1.339123636e-08	0.8809169492	1.365758563e-08	6.060644989e-05	0.1190224173	
2.68103573e-08	0.0006348464052	2.737643184e-08	2.566368185e-08	0.9993650737	
8.586817283e-09	0.8958677172	8.748822649e-09	8.125284894e-09	0.1041322573	
9.713253246e-09	0.9348098003	7.937671803e-09	7.302090246e-09	0.0651901747	
9.250952351e-09	0.8959338647	9.306249958e-06	8.753753526e-09	0.1040568111	
8.249872799e-09	0.9123302048	8.408712029e-09	7.826115112e-09	0.08766977067	
8.052302245e-09	0.9219821076	8.205674743e-09	7.628736717e-09	0.07801786849	
8.391281615e-09	0.9054187396	8.554859686e-09	7.865007897e-09	0.09458123561	
2.425123031e-08	0.0005535190166	2.476832105e-08	2.296724863e-08	0.999446409	
2.41117052e-08	0.0005490847321	2.462588126e-08	2.28351107e-08	0.9994508437	
2.854632425e-08	0.0003851771477	2.917339241e-08	0.0001305427232	0.9994842224	
6.810213913e-09	3.307675102e-08	6.968165823e-09	6.58690528e-09	0.9999999466	
2.092352018e-08	0.000447757063	2.136169087e-08	2.000531674e-08	0.9995521806	
3.779555441e-08	0.0007460969985	3.094942817e-08	2.870962424e-08	0.9992538055	
2.255764315e-08	0.0004481044515	2.273869172e-05	2.156780242e-08	0.9995291127	
2.387505792e-08	0.0005415583577	2.438429162e-08	2.288483138e-08	0.9994583705	
2.61843106e-08	0.0006149497042	2.673738054e-08	2.506559435e-08	0.9993849723	
2.251071065e-08	0.0004982030888	2.299626383e-08	2.131887956e-08	0.9995017301	
1.778038515e-08	0.0003478651028	1.81592213e-08	1.703866505e-08	0.9996520819	
8.42817572e-09	0.9019486183	8.59216298e-09	7.815617719e-09	0.09805135687	
2.425123031e-08	0.0005535191363	2.476832105e-08	2.296724863e-08	0.9994464089	
8.774066378e-09	0.882359126	8.941427469e-09	8.214216141e-09	0.1176408481	
9.981350624e-09	0.9259353347	8.158424322e-09	7.423874658e-09	0.07406463976	
9.452783969e-09	0.8824336121	9.511227137e-06	8.849656992e-09	0.1175568584	
8.259127043e-09	0.9115266546	8.418155201e-09	7.741507528e-09	0.08847332103	
8.586141613e-09	0.8930011754	8.755303245e-09	7.962102215e-09	0.1069987993	
9.283330897e-09	0.8535133203	9.46378699e-09	8.710694115e-09	0.1464866523	
2.41117052e-08	0.0005490848508	2.462588126e-08	2.28351107e-08	0.9994508436	
8.785684691e-09	0.8815211808	8.953289326e-09	8.225093127e-09	0.1184787932	
9.998084629e-09	0.9253815302	8.172122158e-09	7.436320991e-09	0.07461844418	
9.465307229e-09	0.8815961749	9.523851152e-06	8.861381223e-09	0.1183942829	
8.462360913e-09	0.8999985681	8.627071271e-09	7.942356157e-09	0.1000014069	
8.598249748e-09	0.8922297742	8.767671406e-09	7.973330339e-09	0.1077702005	
9.293459487e-09	0.8525042549	9.474135672e-09	8.720197936e-09	0.1474957176	
2.854632425e-08	0.000385177231	2.917339242e-08	0.0001305427232	0.9994842223	
1.41151288e-08	0.839152437	1.439344442e-08	6.380832351e-05	0.1607837262	
1.52073648e-08	0.8392431821	1.531104142e-05	6.874608128e-05	0.1606727456	
1.369824687e-08	0.8632053815	1.397364527e-08	6.207976737e-05	0.1367325111	
1.344985752e-08	0.8775350223	1.371748243e-08	6.087463293e-05	0.1224040759	
1.475738325e-08	0.8020978956	1.505374063e-08	6.686295505e-05	0.1978352116	
1.529054552e-08	9.379566891e-05	1.562963039e-08	0.9998693404	3.683305063e-05	
1.534263469e-08	9.373958976e-05	1.562627285e-08	0.999869405	3.682446593e-05	
1.529053692e-08	9.373940133e-05	1.562624145e-08	0.9998694053	3.682439495e-05	
1.529051829e-08	9.385884787e-05	1.556905311e-08	0.9998692676	3.68427086e-05	
2.092352018e-08	0.0004477571599	2.136169087e-08	2.000531674e-08	0.9995521805	
3.779555441e-08	0.0007460971599	3.094942817e-08	2.870962424e-08	0.9992538054	
2.255764315e-08	0.0004481045484	2.273869172e-05	2.156780242e-08	0.9995291126	
2.387505792e-08	0.0005415584748	2.438429162e-08	2.288483138e-08	0.9994583704	
2.61843106e-08	0.0006149498372	2.673738054e-08	2.506559435e-08	0.9993849722	
2.251071065e-08	0.0004982031966	2.299626383e-08	2.131887956e-08	0.99950173	
1.778038515e-08	0.0003478651781	1.81592213e-08	1.703866505e-08	0.9996520818	
1.046271134e-08	0.910006538	8.548684767e-09	7.856354045e-09	0.08999343516	
9.809552875e-09	0.8585793617	9.866522584e-06	9.271529863e-09	0.1414107527	
8.805850837e-09	0.8800712822	8.973878487e-09	8.343814159e-09	0.1199286916	
8.628554685e-09	0.892857611	8.791417788e-09	8.165164405e-09	0.1071423634	
8.931891693e-09	0.8709763341	9.104470128e-09	8.361970548e-09	0.1290236395	
9.570047385e-09	0.824953527	9.752440189e-09	9.06564074e-09	0.1750464446	
2.091833017e-08	0.0002187874415	2.134514544e-08	1.958359565e-08	0.9997811507	
1.127180991e-08	0.9100636501	9.093259671e-06	8.463927868e-09	0.08992723687	
1.002713904e-08	0.9244223597	8.195905307e-09	7.548252912e-09	0.07557761451	
9.772745563e-09	0.932840989	7.986352782e-09	7.347161361e-09	0.06715898593	
1.020967951e-08	0.9183788968	8.347076079e-09	7.593699433e-09	0.08162107707	
1.1155698e-08	0.8870723119	9.118155437e-09	8.395706995e-09	0.1129276594	
0.001418628776	0.998384899	8.587795672e-08	7.835417149e-08	0.0001963080065	
9.487044115e-09	0.8801471525	9.545763229e-06	8.98929665e-09	0.1198432833	
9.295939791e-09	0.8929256416	9.351581077e-06	8.79673835e-09	0.1070649887	
9.622903638e-09	0.8710576243	9.684746154e-06	9.008921792e-09	0.1289326723	
1.031080172e-08	0.8250602691	1.037438882e-05	9.767385894e-09	0.1749293365	
2.255205232e-08	0.0002189572298	2.272108431e-05	2.111314766e-08	0.999758278	
8.294378308e-09	0.9097480319	8.454142018e-09	7.868706035e-09	0.09025194351	
9.311040437e-09	0.850759376	9.492098934e-09	8.842503339e-09	0.1492405964	
8.434667974e-09	0.9026547209	8.59916056e-09	7.906046422e-09	0.09734525417	
9.156085978e-09	0.8661956883	9.33224021e-09	8.684012937e-09	0.1338042846	
1.777506638e-08	0.0001699685674	1.814422905e-08	1.667862996e-08	0.9998299788	
0.9999999829	4.614278972e-09	4.762501093e-09	4.447349739e-09	3.231723157e-09	
0.9999946493	5.337218037e-06	5.160507412e-09	4.71888694e-09	3.605503561e-09	
0.999999983	4.614484611e-09	4.762441691e-09	4.35461717e-09	3.231684536e-09	
0.999999983	4.614484611e-09	4.762441691e-09	4.35461717e-09	3.231684536e-09	
0.999999983	4.614791735e-09	4.762442056e-09	4.354890877e-09	3.231684778e-09	
0.999999983	4.614791735e-09	4.762442056e-09	4.354890877e-09	3.231684778e-09	
0.9999999829	4.614544563e-09	4.762503876e-09	4.451487026e-09	3.231724972e-09	
0.999999983	4.614791735e-09	4.762442056e-09	4.354890877e-09	3.231684778e-09	
0.999999983	4.610805545e-09	4.762439624e-09	4.354888675e-09	3.23168314e-09	
0.9999949464	5.000652104e-09	5.160648607e-09	5.039932905e-06	3.501886952e-09	
0.999999983	4.614484611e-09	4.762441691e-09	4.35461717e-09	3.231684536e-09	
0.999999983	4.614791735e-09	4.762442056e-09	4.354890877e-09	3.231684778e-09	
0.9999999829	4.614278972e-09	4.762501093e-09	4.447349739e-09	3.231723157e-09	
0.9999946494	5.336980191e-06	5.16057178e-09	4.819376719e-09	3.605546651e-09	
0.9999999829	4.614278972e-09	4.762501093e-09	4.447349739e-09	3.231723157e-09	
0.9999999829	4.614278972e-09	4.762501093e-09	4.447349739e-09	3.231723157e-09	
0.9999999829	4.614586082e-09	4.762501458e-09	4.447629276e-09	3.231723399e-09	
0.9999999829	4.614586082e-09	4.762501458e-09	4.447629276e-09	3.231723399e-09	
0.9999999828	4.614338921e-09	4.762563279e-09	4.546282462e-09	3.231763594e-09	
0.9999999829	4.614586082e-09	4.762501458e-09	4.447629276e-09	3.231723399e-09	
0.9999999829	4.61060007e-09	4.762499026e-09	4.447627027e-09	3.231721761e-09	
0.9999948391	5.000428719e-09	5.160712423e-09	5.147258878e-06	3.501928427e-09	
0.9999999829	4.614278972e-09	4.762501093e-09	4.447349739e-09	3.231723157e-09	
0.9999999829	4.614586082e-09	4.762501458e-09	4.447629276e-09	3.231723399e-09	
0.9999999828	4.614073341e-09	4.762560496e-09	4.54205707e-09	3.231761779e-09	
0.9998473585	1.551376368e-08	1.617760828e-08	0.0001525989066	1.087407536e-08	
0.9999946493	5.337218037e-06	5.160507412e-09	4.71888694e-09	3.605503561e-09	
0.9999946493	5.337218037e-06	5.160507412e-09	4.71888694e-09	3.605503561e-09	
0.9999946489	5.337573262e-06	5.160507806e-09	4.719183542e-09	3.60550383e-09	
0.9999946489	5.337573262e-06	5.160507806e-09	4.719183542e-09	3.60550383e-09	
0.9999946491	5.337287379e-06	5.160574794e-09	4.823860094e-09	3.605548674e-09	
0.9999946489	5.337573262e-06	5.160507806e-09	4.719183542e-09	3.60550383e-09	
0.9999887451	5.78386314e-06	5.591993354e-09	5.46152555e-06	3.906957743e-09	
0.9999946493	5.337218037e-06	5.160507412e-09	4.71888694e-09	3.605503561e-09	
0.9999946489	5.337573262e-06	5.160507806e-09	4.719183542e-09	3.60550383e-09	
0.9999946494	5.336980191e-06	5.16057178e-09	4.819376719e-09	3.605546651e-09	
0.999999983	4.614484611e-09	4.762441691e-09	4.35461717e-09	3.231684536e-09	
0.999999983	4.614791735e-09	4.762442056e-09	4.354890877e-09	3.231684778e-09	
0.999999983	4.614791735e-09	4.762442056e-09	4.354890877e-09	3.231684778e-09	
0.9999999829	4.614544563e-09	4.762503876e-09	4.451487026e-09	3.231724972e-09	
0.999999983	4.614791735e-09	4.762442056e-09	4.354890877e-09	3.231684778e-09	
0.999999983	4.610805545e-09	4.762439624e-09	4.354888675e-09	3.23168314e-09	
0.9999949464	5.000652104e-09	5.160648607e-09	5.039932905e-06	3.501886952e-09	
0.999999983	4.614484611e-09	4.762441691e-09	4.35461717e-09	3.231684536e-09	
0.999999983	4.614791735e-09	4.762442056e-09	4.354890877e-09	3.231684778e-09	
0.9999999829	4.614278972e-09	4.762501093e-09	4.447349739e-09	3.231723157e-09	
0.999999983	4.614791735e-09	4.762442056e-09	4.354890877e-09	3.231684778e-09	
0.999999983	4.614791735e-09	4.762442056e-09	4.354890877e-09	3.231684778e-09	
0.9999999829	4.614544563e-09	4.762503876e-09	4.451487026e-09	3.231724972e-09	
0.999999983	4.614791735e-09	4.762442056e-09	4.354890877e-09	3.231684778e-09	
0.999999983	4.610805545e-09	4.762439624e-09	4.354888675e-09	3.23168314e-09	
0.9999949464	5.000652104e-09	5.160648607e-09	5.039932905e-06	3.501886952e-09	
0.999999983	4.614484611e-09	4.762441691e-09	4.35461717e-09	3.231684536e-09	
0.999999983	4.614791735e-09	4.762442056e-09	4.354890877e-09	3.231684778e-09	
0.9999999829	4.614278972e-09	4.762501093e-09	4.447349739e-09	3.231723157e-09	
0.999999983	4.61509888e-09	4.762442422e-09	4.355164602e-09	3.23168502e-09	
0.9999999829	4.614851691e-09	4.762504241e-09	4.451766823e-09	3.231725214e-09	
0.999999983	4.61509888e-09	4.762442422e-09	4.355164602e-09	3.23168502e-09	
0.999999983	4.611112425e-09	4.762439989e-09	4.3551624e-09	3.231683382e-09	
0.9999949461	5.000984929e-09	5.160649002e-09	5.040249687e-06	3.501887213e-09	
0.999999983	4.614791735e-09	4.762442056e-09	4.354890877e-09	3.231684778e-09	
0.9999999829	4.614586082e-09	4.762501458e-09	4.447629276e-09	3.231723399e-09	
0.9999999829	4.614851691e-09	4.762504241e-09	4.451766823e-09	3.231725214e-09	
0.999999983	4.611112425e-09	4.762439989e-09	4.3551624e-09	3.231683382e-09	
0.9999949461	5.000984929e-09	5.160649002e-09	5.040249687e-06	3.501887213e-09	
0.999999983	4.614791735e-09	4.762442056e-09	4.354890877e-09	3.231684778e-09	
0.999999983	4.61509888e-09	4.762442422e-09	4.355164602e-09	3.23168502e-09	
0.9999999829	4.614586082e-09	4.762501458e-09	4.447629276e-09	3.231723399e-09	
0.9999999829	4.614851691e-09	4.762504241e-09	4.451766823e-09	3.231725214e-09	
0.9999999829	4.61086545e-09	4.762501809e-09	4.451764572e-09	3.231723576e-09	
0.9999999829	4.614544563e-09	4.762503876e-09	4.451487026e-09	3.231724972e-09	
0.9999999829	4.614851691e-09	4.762504241e-09	4.451766823e-09	3.231725214e-09	
0.9999999828	4.614338921e-09	4.762563279e-09	4.546282462e-09	3.231763594e-09	
0.9998472166	1.551465443e-08	1.617761543e-08	0.0001527408448	1.087407992e-08	
0.999999983	4.611112425e-09	4.762439989e-09	4.3551624e-09	3.231683382e-09	
0.9999949461	5.000984929e-09	5.160649002e-09	5.040249687e-06	3.501887213e-09	
0.999999983	4.614791735e-09	4.762442056e-09	4.354890877e-09	3.231684778e-09	
0.999999983	4.61509888e-09	4.762442422e-09	4.355164602e-09	3.23168502e-09	
0.9999999829	4.614586082e-09	4.762501458e-09	4.447629276e-09	3.231723399e-09	
0.9999949461	4.996665151e-09	5.160646366e-09	5.040247138e-06	3.501885438e-09	
0.999999983	4.610805545e-09	4.762439624e-09	4.354888675e-09	3.23168314e-09	
0.999999983	4.611112425e-09	4.762439989e-09	4.3551624e-09	3.231683382e-09	
0.9999999829	4.61060007e-09	4.762499026e-09	4.447627027e-09	3.231721761e-09	
0.9999949464	5.000652104e-09	5.160648607e-09	5.039932905e-06	3.501886952e-09	
0.9999949461	5.000984929e-09	5.160649002e-09	5.040249687e-06	3.501887213e-09	
0.9999948391	5.000428719e-09	5.160712423e-09	5.147258878e-06	3.501928427e-09	
0.001064016535	6.787143169e-08	7.009886554e-08	0.9989357979	4.756719592e-08	
0.999999983	4.614791735e-09	4.762442056e-09	4.354890877e-09	3.231684778e-09	
0.9999999829	4.614278972e-09	4.762501093e-09	4.447349739e-09	3.231723157e-09	
0.9999999829	4.614586082e-09	4.762501458e-09	4.447629276e-09	3.231723399e-09	
0.9998473585	1.551376368e-08	1.617760828e-08	0.0001525989066	1.087407536e-08	
6.803026098e-09	6.68447845e-09	6.909815731e-09	6.308593883e-09	0.9999999733	
6.803026098e-09	6.68447845e-09	6.909815731e-09	6.308593883e-09	0.9999999733	
6.803026098e-09	6.68447845e-09	6.909815731e-09	6.308593883e-09	0.9999999733	
6.803026098e-09	6.68447845e-09	6.909815731e-09	6.308593883e-09	0.9999999733	
6.803026098e-09	6.68447845e-09	6.909815731e-09	6.308593883e-09	0.9999999733	
6.803026097e-09	6.684477912e-09	6.909815709e-09	6.308593883e-09	0.9999999733	
6.803026098e-09	6.68447845e-09	6.909815731e-09	6.308593883e-09	0.9999999733	
6.803026097e-09	6.684477912e-09	6.909815709e-09	6.308593883e-09	0.9999999733	
6.803026097e-09	6.684477912e-09	6.909815709e-09	6.308593883e-09	0.9999999733	
6.803026098e-09	6.68447845e-09	6.909815731e-09	6.308593883e-09	0.9999999733	
6.803026098e-09	6.68447845e-09	6.909815731e-09	6.308593883e-09	0.9999999733	
6.803026098e-09	6.68447845e-09	6.909815731e-09	6.308593883e-09	0.9999999733	
6.803026098e-09	6.68447845e-09	6.909815731e-09	6.308593883e-09	0.9999999733	
6.803372315e-09	7.263996317e-09	6.931967146e-09	6.308912847e-09	0.9999999727	
6.803026098e-09	6.68447845e-09	6.909815731e-09	6.308593883e-09	0.9999999733	
6.803026098e-09	6.68447845e-09	6.909815731e-09	6.308593883e-09	0.9999999733	
6.803026098e-09	6.68447845e-09	6.909815731e-09	6.308593883e-09	0.9999999733	
6.803026098e-09	6.68447845e-09	6.909815731e-09	6.308593883e-09	0.9999999733	
6.803026097e-09	6.684477912e-09	6.909815709e-09	6.308593883e-09	0.9999999733	
6.803026098e-09	6.68447845e-09	6.909815731e-09	6.308593883e-09	0.9999999733	
6.803026097e-09	6.684477912e-09	6.909815709e-09	6.308593883e-09	0.9999999733	
6.803026097e-09	6.684477912e-09	6.909815709e-09	6.308593883e-09	0.9999999733	
6.803026098e-09	6.68447845e-09	6.909815731e-09	6.308593883e-09	0.9999999733	
6.803026098e-09	6.68447845e-09	6.909815731e-09	6.308593883e-09	0.9999999733	
6.803026098e-09	6.68447845e-09	6.909815731e-09	6.308593883e-09	0.9999999733	
6.803026098e-09	6.68447845e-09	6.909815731e-09	6.308593883e-09	0.9999999733	
6.803372315e-09	7.263996317e-09	6.931967146e-09	6.308912847e-09	0.9999999727	
6.803026098e-09	6.68447845e-09	6.909815731e-09	6.308593883e-09	0.9999999733	
6.803026098e-09	6.68447845e-09	6.909815731e-09	6.308593883e-09	0.9999999733	
6.803026098e-09	6.68447845e-09	6.909815731e-09	6.308593883e-09	0.9999999733	
6.803026097e-09	6.684477912e-09	6.909815709e-09	6.308593883e-09	0.9999999733	
6.803026098e-09	6.68447845e-09	6.909815731e-09	6.308593883e-09	0.9999999733	
6.803026097e-09	6.684477912e-09	6.909815709e-09	6.308593883e-09	0.9999999733	
6.803026097e-09	6.684477912e-09	6.909815709e-09	6.308593883e-09	0.9999999733	
6.803026098e-09	6.68447845e-09	6.909815731e-09	6.308593883e-09	0.9999999733	
6.803026098e-09	6.68447845e-09	6.909815731e-09	6.308593883e-09	0.9999999733	
6.803026098e-09	6.68447845e-09	6.909815731e-09	6.308593883e-09	0.9999999733	
6.803026098e-09	6.68447845e-09	6.909815731e-09	6.308593883e-09	0.9999999733	
6.803372315e-09	7.263996317e-09	6.931967146e-09	6.308912847e-09	0.9999999727	
6.803026098e-09	6.68447845e-09	6.909815731e-09	6.308593883e-09	0.9999999733	
6.803026098e-09	6.68447845e-09	6.909815731e-09	6.308593883e-09	0.9999999733	
6.803026097e-09	6.684477912e-09	6.909815709e-09	6.308593883e-09	0.9999999733	
6.803026098e-09	6.68447845e-09	6.909815731e-09	6.308593883e-09	0.9999999733	
6.803026097e-09	6.684477912e-09	6.909815709e-09	6.308593883e-09	0.9999999733	
6.803026097e-09	6.684477912e-09	6.909815709e-09	6.308593883e-09	0.9999999733	
6.803026098e-09	6.68447845e-09	6.909815731e-09	6.308593883e-09	0.9999999733	
6.803026098e-09	6.68447845e-09	6.909815731e-09	6.308593883e-09	0.9999999733	
6.803026098e-09	6.68447845e-09	6.909815731e-09	6.308593883e-09	0.9999999733	
6.803026098e-09	6.68447845e-09	6.909815731e-09	6.308593883e-09	0.9999999733	
6.803372315e-09	7.263996317e-09	6.931967146e-09	6.308912847e-09	0.9999999727	
6.803026098e-09	6.68447845e-09	6.909815731e-09	6.308593883e-09	0.9999999733	
6.803026097e-09	6.684477912e-09	6.909815709e-09	6.308593883e-09	0.9999999733	
6.803026098e-09	6.68447845e-09	6.909815731e-09	6.308593883e-09	0.9999999733	
6.803026097e-09	6.684477912e-09	6.909815709e-09	6.308593883e-09	0.9999999733	
6.803026097e-09	6.684477912e-09	6.909815709e-09	6.308593883e-09	0.9999999733	
6.803026098e-09	6.68447845e-09	6.909815731e-09	6.308593883e-09	0.9999999733	
6.803026098e-09	6.68447845e-09	6.909815731e-09	6.308593883e-09	0.9999999733	
6.803026098e-09	6.68447845e-09	6.909815731e-09	6.308593883e-09	0.9999999733	
6.803026098e-09	6.68447845e-09	6.909815731e-09	6.308593883e-09	0.9999999733	
6.803372315e-09	7.263996317e-09	6.931967146e-09	6.308912847e-09	0.9999999727	
6.803026097e-09	6.684477912e-09	6.909815709e-09	6.308593883e-09	0.9999999733	
6.803026098e-09	6.68447845e-09	6.909815731e-09	6.308593883e-09	0.9999999733	
6.803026097e-09	6.684477912e-09	6.909815709e-09	6.308593883e-09	0.9999999733	
6.803026097e-09	6.684477912e-09	6.909815709e-09	6.308593883e-09	0.9999999733	
6.803026098e-09	6.68447845e-09	6.909815731e-09	6.308593883e-09	0.9999999733	
6.803026098e-09	6.68447845e-09	6.909815731e-09	6.308593883e-09	0.9999999733	
6.803026098e-09	6.68447845e-09	6.909815731e-09	6.308593883e-09	0.9999999733	
6.803026098e-09	6.68447845e-09	6.909815731e-09	6.308593883e-09	0.9999999733	
6.803372315e-09	7.263996317e-09	6.931967146e-09	6.308912847e-09	0.9999999727	
6.803026097e-09	6.684477912e-09	6.909815709e-09	6.308593883e-09	0.9999999733	
6.803026096e-09	6.684477374e-09	6.909815688e-09	6.308593882e-09	0.9999999733	
6.803026096e-09	6.684477374e-09	6.909815688e-09	6.308593882e-09	0.9999999733	
6.803026097e-09	6.684477912e-09	6.909815709e-09	6.308593883e-09	0.9999999733	
6.803026097e-09	6.684477912e-09	6.909815709e-09	6.308593883e-09	0.9999999733	
6.803026097e-09	6.684477912e-09	6.909815709e-09	6.308593883e-09	0.9999999733	
6.803026097e-09	6.684477912e-09	6.909815709e-09	6.308593883e-09	0.9999999733	
6.803026097e-09	6.684477912e-09	6.909815709e-09	6.308593883e-09	0.9999999733	
6.803026097e-09	6.684477912e-09	6.909815709e-09	6.308593883e-09	0.9999999733	
6.803026098e-09	6.68447845e-09	6.909815731e-09	6.308593883e-09	0.9999999733	
6.803026098e-09	6.68447845e-09	6.909815731e-09	6.308593883e-09	0.9999999733	
6.803026098e-09	6.68447845e-09	6.909815731e-09	6.308593883e-09	0.9999999733	
6.803026098e-09	6.68447845e-09	6.909815731e-09	6.308593883e-09	0.9999999733	
6.803372315e-09	7.263996317e-09	6.931967146e-09	6.308912847e-09	0.9999999727	
6.803026096e-09	6.684477374e-09	6.909815688e-09	6.308593882e-09	0.9999999733	
6.803026097e-09	6.684477912e-09	6.909815709e-09	6.308593883e-09	0.9999999733	
6.803026097e-09	6.684477912e-09	6.909815709e-09	6.308593883e-09	0.9999999733	
6.803026097e-09	6.684477912e-09	6.909815709e-09	6.308593883e-09	0.9999999733	
6.803026097e-09	6.684477912e-09	6.909815709e-09	6.308593883e-09	0.9999999733	
6.803026097e-09	6.684477912e-09	6.909815709e-09	6.308593883e-09	0.9999999733	
6.803026097e-09	6.684477912e-09	6.909815709e-09	6.308593883e-09	0.9999999733	
6.803026097e-09	6.684477912e-09	6.909815709e-09	6.308593883e-09	0.9999999733	
6.803026097e-09	6.684477912e-09	6.909815709e-09	6.308593883e-09	0.9999999733	
6.803026098e-09	6.68447845e-09	6.909815731e-09	6.308593883e-09	0.9999999733	
6.803026098e-09	6.68447845e-09	6.909815731e-09	6.308593883e-09	0.9999999733	
6.803026098e-09	6.68447845e-09	6.909815731e-09	6.308593883e-09	0.9999999733	
6.803372315e-09	7.263996317e-09	6.931967146e-09	6.308912847e-09	0.9999999727	
6.803026098e-09	6.68447845e-09	6.909815731e-09	6.308593883e-09	0.9999999733	
6.803026098e-09	6.68447845e-09	6.909815731e-09	6.308593883e-09	0.9999999733	
6.803372315e-09	7.263996317e-09	6.931967146e-09	6.308912847e-09	0.9999999727	
6.803026098e-09	6.68447845e-09	6.909815731e-09	6.308593883e-09	0.9999999733	
6.803372315e-09	7.263996317e-09	6.931967146e-09	6.308912847e-09	0.9999999727	
6.803372315e-09	7.263996317e-09	6.931967146e-09	6.308912847e-09	0.9999999727	
5.056370517e-09	5.021714593e-09	5.155714321e-09	0.9999999813	3.499686262e-09	
5.07461651e-09	5.021725153e-09	5.155725247e-09	0.9999999812	3.499693374e-09	
5.784750301e-09	5.022113272e-09	5.156124984e-09	0.9999999805	3.499955569e-09	
5.056370517e-09	5.021714593e-09	5.155714321e-09	0.9999999813	3.499686262e-09	
5.07461651e-09	5.021725153e-09	5.155725247e-09	0.9999999812	3.499693374e-09	
7.409172037e-09	7.317426615e-09	3.397857857e-05	0.9999660016	5.099578219e-09	
5.073651909e-09	5.072767257e-09	5.174710994e-09	0.9999999812	3.513659048e-09	
5.056382712e-09	5.021726646e-09	5.177037661e-09	0.9999999812	3.499694396e-09	
5.056383088e-09	5.021727499e-09	5.178467491e-09	0.9999999812	3.499694949e-09	
5.05642371e-09	5.072757059e-09	5.174700594e-09	0.9999999812	3.513652274e-09	
5.0736092e-09	5.021735305e-09	5.17466731e-09	0.9999999812	3.49970021e-09	
5.056370483e-09	5.021714585e-09	5.155714312e-09	0.9999999813	3.499686261e-09	
5.074628094e-09	5.021736507e-09	5.175787917e-09	0.9999999812	3.49970103e-09	
5.05638196e-09	5.021725959e-09	5.175776898e-09	0.9999999812	3.49969392e-09	
5.056382712e-09	5.021726681e-09	5.177037647e-09	0.9999999812	3.499694402e-09	
5.056418246e-09	5.079221671e-09	5.155763126e-09	0.9999999812	3.515400182e-09	
5.075717985e-09	4.968226253e-09	5.156935742e-09	0.9999999813	3.484972015e-09	
5.074559943e-09	4.968213655e-09	5.13569446e-09	0.9999999813	3.484963468e-09	
5.784685817e-09	4.968597637e-09	5.136092645e-09	0.9999999806	3.485224559e-09	
5.074559943e-09	4.968213655e-09	5.13569446e-09	0.9999999813	3.484963468e-09	
5.073595353e-09	5.018711855e-09	5.154606445e-09	0.9999999813	3.498870362e-09	
5.056326348e-09	4.968215132e-09	5.156924072e-09	0.9999999813	3.484964486e-09	
5.056326724e-09	4.968215976e-09	5.158348347e-09	0.9999999813	3.484965037e-09	
5.056367345e-09	5.018701764e-09	5.154596085e-09	0.9999999813	3.498863617e-09	
5.073552644e-09	4.968223699e-09	5.154562931e-09	0.9999999813	3.484970276e-09	
5.056314119e-09	4.968203199e-09	5.135683568e-09	0.9999999814	3.484956385e-09	
5.074571527e-09	4.968224887e-09	5.155679184e-09	0.9999999813	3.484971092e-09	
5.056325596e-09	4.968214453e-09	5.155668207e-09	0.9999999813	3.484964012e-09	
5.056326348e-09	4.968215167e-09	5.156924058e-09	0.9999999813	3.484964493e-09	
5.056361882e-09	5.02509749e-09	5.135732192e-09	0.9999999813	3.500604168e-09	
5.094033794e-09	4.968236701e-09	5.156946671e-09	0.9999999813	3.484979097e-09	
5.075717985e-09	4.968226253e-09	5.156935742e-09	0.9999999813	3.484972015e-09	
5.094033794e-09	4.968236701e-09	5.156946671e-09	0.9999999813	3.484979097e-09	
7.4375221e-09	7.239485647e-09	3.398662804e-05	0.9999659936	5.078137269e-09	
5.093065503e-09	5.018735135e-09	5.175936916e-09	0.9999999812	3.498886053e-09	
5.075730227e-09	4.968238178e-09	5.178264134e-09	0.9999999813	3.484980114e-09	
5.075730604e-09	4.968239021e-09	5.179694303e-09	0.9999999813	3.484980665e-09	
5.075771382e-09	5.018725044e-09	5.175926513e-09	0.9999999812	3.498879307e-09	
5.093022629e-09	4.968246744e-09	5.175893222e-09	0.9999999813	3.484985904e-09	
5.075717951e-09	4.968226245e-09	5.156935734e-09	0.9999999813	3.484972014e-09	
5.094045423e-09	4.968247933e-09	5.177014094e-09	0.9999999813	3.48498672e-09	
3.151921155e-05	7.109479285e-09	7.449855206e-09	0.9999684612	4.986943729e-09	
5.075729472e-09	4.968237498e-09	5.177003072e-09	0.9999999813	3.484979641e-09	
5.075730227e-09	4.968238212e-09	5.17826412e-09	0.9999999813	3.484980121e-09	
5.075765897e-09	5.025120799e-09	5.156984559e-09	0.9999999812	3.500619866e-09	
5.805559948e-09	4.968608086e-09	5.136103529e-09	0.9999999806	3.485231642e-09	
5.074559943e-09	4.968213655e-09	5.13569446e-09	0.9999999813	3.484963468e-09	
5.092871573e-09	4.968224102e-09	5.135705344e-09	0.9999999813	3.48497055e-09	
5.091903502e-09	5.018722408e-09	5.154617369e-09	0.9999999812	3.498877472e-09	
5.074572182e-09	4.968225579e-09	5.156935001e-09	0.9999999813	3.484971568e-09	
5.074572559e-09	4.968226423e-09	5.158359279e-09	0.9999999813	3.484972118e-09	
5.074613327e-09	5.018712318e-09	5.154607009e-09	0.9999999813	3.498870727e-09	
5.091860639e-09	4.968234146e-09	5.154573854e-09	0.9999999813	3.484977358e-09	
5.074559908e-09	4.968213646e-09	5.135694452e-09	0.9999999813	3.484963467e-09	
5.092883199e-09	4.968235335e-09	5.15569011e-09	0.9999999813	3.484978173e-09	
3.151202056e-05	7.109461308e-09	7.419169502e-09	0.9999684685	4.986931534e-09	
5.074571427e-09	4.9682249e-09	5.155679133e-09	0.9999999813	3.484971094e-09	
5.074572182e-09	4.968225614e-09	5.156934987e-09	0.9999999813	3.484971574e-09	
5.074607844e-09	5.025108057e-09	5.135743075e-09	0.9999999813	3.500611281e-09	
5.784685817e-09	4.968597637e-09	5.136092645e-09	0.9999999806	3.485224559e-09	
5.805559948e-09	4.968608086e-09	5.136103529e-09	0.9999999806	3.485231642e-09	
5.804456407e-09	5.019110294e-09	5.15501702e-09	0.9999999805	3.499139605e-09	
5.784699769e-09	4.968609563e-09	5.157334832e-09	0.9999999806	3.485232659e-09	
5.784746672e-09	5.019100203e-09	5.155006659e-09	0.9999999805	3.49913286e-09	
5.804407545e-09	4.96861813e-09	5.154973503e-09	0.9999999806	3.48523845e-09	
5.784685778e-09	4.968597629e-09	5.136092636e-09	0.9999999806	3.485224558e-09	
5.805573201e-09	4.968619319e-09	5.156089845e-09	0.9999999806	3.485239266e-09	
5.784698909e-09	4.968608883e-09	5.156078867e-09	0.9999999806	3.485232186e-09	
5.784699769e-09	4.968609597e-09	5.157334818e-09	0.9999999806	3.485232666e-09	
5.784740421e-09	5.025496436e-09	5.136141264e-09	0.9999999806	3.500873544e-09	
5.074559943e-09	4.968213655e-09	5.13569446e-09	0.9999999813	3.484963468e-09	
5.073595353e-09	5.018711855e-09	5.154606445e-09	0.9999999813	3.498870362e-09	
5.056326348e-09	4.968215132e-09	5.156924072e-09	0.9999999813	3.484964486e-09	
5.056326724e-09	4.968215976e-09	5.158348347e-09	0.9999999813	3.484965037e-09	
5.056367345e-09	5.018701764e-09	5.154596085e-09	0.9999999813	3.498863617e-09	
5.073552644e-09	4.968223699e-09	5.154562931e-09	0.9999999813	3.484970276e-09	
5.056314119e-09	4.968203199e-09	5.135683568e-09	0.9999999814	3.484956385e-09	
5.074571527e-09	4.968224887e-09	5.155679184e-09	0.9999999813	3.484971092e-09	
5.056325596e-09	4.968214453e-09	5.155668207e-09	0.9999999813	3.484964012e-09	
5.056326348e-09	4.968215167e-09	5.156924058e-09	0.9999999813	3.484964493e-09	
5.056361882e-09	5.02509749e-09	5.135732192e-09	0.9999999813	3.500604168e-09	
5.091903502e-09	5.018722408e-09	5.154617369e-09	0.9999999812	3.498877472e-09	
5.074572182e-09	4.968225579e-09	5.156935001e-09	0.9999999813	3.484971568e-09	
5.074572559e-09	4.968226423e-09	5.158359279e-09	0.9999999813	3.484972118e-09	
5.074613327e-09	5.018712318e-09	5.154607009e-09	0.9999999813	3.498870727e-09	
5.091860639e-09	4.968234146e-09	5.154573854e-09	0.9999999813	3.484977358e-09	
5.074559908e-09	4.968213646e-09	5.135694452e-09	0.9999999813	3.484963467e-09	
5.092883199e-09	4.968235335e-09	5.15569011e-09	0.9999999813	3.484978173e-09	
3.151202056e-05	7.109461308e-09	7.419169502e-09	0.9999684685	4.986931534e-09	
5.074571427e-09	4.9682249e-09	5.155679133e-09	0.9999999813	3.484971094e-09	
5.074572182e-09	4.968225614e-09	5.156934987e-09	0.9999999813	3.484971574e-09	
5.074607844e-09	5.025108057e-09	5.135743075e-09	0.9999999813	3.500611281e-09	
7.43441189e-09	7.313051206e-09	3.39712774e-05	0.9999660089	5.098389364e-09	
7.409107257e-09	7.239469442e-09	3.398655113e-05	0.9999659937	5.078126298e-09	
7.409107738e-09	7.239470603e-09	3.399593745e-05	0.9999659843	5.078127053e-09	
7.409167444e-09	7.313036503e-09	3.397120912e-05	0.999966009	5.098379535e-09	
7.43434931e-09	7.239482037e-09	3.397099063e-05	0.9999660093	5.078134814e-09	
7.435842239e-09	7.239483716e-09	3.397834701e-05	0.9999660019	5.078135965e-09	
4.600763707e-05	1.03592749e-08	4.889426946e-05	0.9999050805	7.266493588e-09	
7.409106217e-09	7.239468512e-09	3.397827467e-05	0.999966002	5.07812565e-09	
7.409107258e-09	7.239469492e-09	3.398655104e-05	0.9999659937	5.078126308e-09	
5.07360759e-09	5.0187239e-09	5.175925203e-09	0.9999999812	3.498878493e-09	
5.073607967e-09	5.018724752e-09	5.177354726e-09	0.9999999812	3.498879046e-09	
5.073648727e-09	5.069723799e-09	5.173588638e-09	0.9999999812	3.512833117e-09	
5.09089276e-09	5.018732554e-09	5.173555362e-09	0.9999999812	3.498884306e-09	
5.073595318e-09	5.018711846e-09	5.154606437e-09	0.9999999813	3.49887036e-09	
3.150603083e-05	7.181723741e-09	7.446490335e-09	0.9999684743	5.006832124e-09	
5.073606835e-09	5.018723214e-09	5.174664711e-09	0.9999999812	3.498878018e-09	
5.07360759e-09	5.018723935e-09	5.175925189e-09	0.9999999812	3.4988785e-09	
5.073643245e-09	5.076184545e-09	5.154655239e-09	0.9999999812	3.514580618e-09	
5.056338919e-09	4.9682279e-09	5.179682582e-09	0.9999999813	3.484973136e-09	
5.056379541e-09	5.01871381e-09	5.1759148e-09	0.9999999813	3.498871748e-09	
5.07356488e-09	4.968235623e-09	5.175881509e-09	0.9999999813	3.484978375e-09	
5.056326314e-09	4.968215124e-09	5.156924064e-09	0.9999999813	3.484964484e-09	
5.074583766e-09	4.968236812e-09	5.177002379e-09	0.9999999813	3.484979191e-09	
5.056337791e-09	4.968226377e-09	5.176991357e-09	0.9999999813	3.484972112e-09	
5.056338544e-09	4.968227091e-09	5.178252402e-09	0.9999999813	3.484972592e-09	
5.056379916e-09	5.018714662e-09	5.17734432e-09	0.9999999812	3.498872301e-09	
5.073565257e-09	4.968236466e-09	5.17731102e-09	0.9999999813	3.484978926e-09	
5.056326689e-09	4.968215967e-09	5.158348339e-09	0.9999999813	3.484965035e-09	
5.074584143e-09	4.968237655e-09	5.178432199e-09	0.9999999813	3.484979742e-09	
5.056338167e-09	4.96822722e-09	5.178421174e-09	0.9999999813	3.484972662e-09	
5.056374452e-09	5.025110404e-09	5.158397177e-09	0.9999999813	3.500612856e-09	
5.073606017e-09	5.018722464e-09	5.173544964e-09	0.9999999812	3.498877561e-09	
5.056367311e-09	5.018701756e-09	5.154596076e-09	0.9999999813	3.498863615e-09	
5.074624911e-09	5.018723664e-09	5.174665328e-09	0.9999999812	3.49887838e-09	
5.056378789e-09	5.018713123e-09	5.17465431e-09	0.9999999813	3.498871273e-09	
5.056379541e-09	5.018713845e-09	5.175914786e-09	0.9999999813	3.498871755e-09	
5.056415074e-09	5.07617434e-09	5.154644879e-09	0.9999999812	3.514573842e-09	
5.073552609e-09	4.96822369e-09	5.154562922e-09	0.9999999813	3.484970274e-09	
5.091872262e-09	4.968245378e-09	5.174632044e-09	0.9999999813	3.484984981e-09	
3.150576562e-05	7.109475724e-09	7.446427475e-09	0.9999684747	4.986941307e-09	
5.073564126e-09	4.968234944e-09	5.174621027e-09	0.9999999813	3.484977902e-09	
5.073564881e-09	4.968235657e-09	5.175881495e-09	0.9999999813	3.484978382e-09	
5.073600535e-09	5.025118215e-09	5.154611725e-09	0.9999999812	3.500618119e-09	
5.074571492e-09	4.968224879e-09	5.155679175e-09	0.9999999813	3.48497109e-09	
5.056325562e-09	4.968214444e-09	5.155668199e-09	0.9999999813	3.484964011e-09	
5.056326314e-09	4.968215158e-09	5.15692405e-09	0.9999999813	3.484964491e-09	
5.056361847e-09	5.025097481e-09	5.135732183e-09	0.9999999813	3.500604166e-09	
3.151209249e-05	7.10947738e-09	7.448039999e-09	0.9999684684	4.986942443e-09	
5.074583011e-09	4.968236132e-09	5.175741624e-09	0.9999999813	3.484978717e-09	
5.074583766e-09	4.968236846e-09	5.177002365e-09	0.9999999813	3.484979198e-09	
5.074619428e-09	5.025119417e-09	5.155727989e-09	0.9999999812	3.500618939e-09	
5.056337792e-09	4.968226411e-09	5.176991343e-09	0.9999999813	3.484972118e-09	
5.056373325e-09	5.025108863e-09	5.155717012e-09	0.9999999813	3.500611828e-09	
5.056374077e-09	5.025109585e-09	5.156972874e-09	0.9999999813	3.50061231e-09	
