4.616420481e-09	4.535976158e-09	0.9999999833	4.36537544e-09	3.181770812e-09	
4.616420481e-09	4.535976183e-09	0.9999999833	4.365375463e-09	3.181770816e-09	
4.616420481e-09	4.535976183e-09	0.9999999833	4.365375463e-09	3.181770816e-09	
4.616420481e-09	4.535976158e-09	0.9999999833	4.36537544e-09	3.181770812e-09	
4.61675249e-09	4.968575126e-09	0.9999999828	4.365686943e-09	3.276948765e-09	
4.616420481e-09	4.535976158e-09	0.9999999833	4.36537544e-09	3.181770812e-09	
4.616473899e-09	4.53602846e-09	0.9999999832	4.451558766e-09	3.181806177e-09	
4.616420481e-09	4.535976183e-09	0.9999999833	4.365375463e-09	3.181770816e-09	
4.616473899e-09	4.53602846e-09	0.9999999832	4.451558766e-09	3.181806177e-09	
4.616420481e-09	4.535976158e-09	0.9999999833	4.36537544e-09	3.181770812e-09	
4.616473899e-09	4.53602846e-09	0.9999999832	4.451558766e-09	3.181806177e-09	
4.616420481e-09	4.535976183e-09	0.9999999833	4.365375463e-09	3.181770816e-09	
4.616473899e-09	4.53602846e-09	0.9999999832	4.451558766e-09	3.181806177e-09	
1.498739508e-08	1.464424719e-08	0.9998587179	0.0001412421905	1.02722098e-08	
4.616367063e-09	4.535923882e-09	0.9999999834	4.280860667e-09	3.181735451e-09	
4.616367063e-09	4.535923882e-09	0.9999999834	4.280860667e-09	3.181735451e-09	
4.616367063e-09	4.535923858e-09	0.9999999834	4.280860645e-09	3.181735447e-09	
4.616699068e-09	4.968517837e-09	0.9999999829	4.281166117e-09	3.276912343e-09	
4.616367063e-09	4.535923858e-09	0.9999999834	4.280860645e-09	3.181735447e-09	
4.616420481e-09	4.535976158e-09	0.9999999833	4.36537544e-09	3.181770812e-09	
4.616367063e-09	4.535923882e-09	0.9999999834	4.280860667e-09	3.181735451e-09	
4.616420481e-09	4.535976158e-09	0.9999999833	4.36537544e-09	3.181770812e-09	
4.616367063e-09	4.535923858e-09	0.9999999834	4.280860645e-09	3.181735447e-09	
4.616420481e-09	4.535976158e-09	0.9999999833	4.36537544e-09	3.181770812e-09	
4.616367063e-09	4.535923882e-09	0.9999999834	4.280860667e-09	3.181735451e-09	
4.616420481e-09	4.535976158e-09	0.9999999833	4.36537544e-09	3.181770812e-09	
4.616367063e-09	4.535923907e-09	0.9999999834	4.28086069e-09	3.181735455e-09	
4.616367063e-09	4.535923882e-09	0.9999999834	4.280860667e-09	3.181735451e-09	
4.616699069e-09	4.968517864e-09	0.9999999829	4.28116614e-09	3.276912347e-09	
4.616367063e-09	4.535923882e-09	0.9999999834	4.280860667e-09	3.181735451e-09	
4.616420481e-09	4.535976183e-09	0.9999999833	4.365375463e-09	3.181770816e-09	
4.616367063e-09	4.535923907e-09	0.9999999834	4.28086069e-09	3.181735455e-09	
4.616420481e-09	4.535976183e-09	0.9999999833	4.365375463e-09	3.181770816e-09	
4.616367063e-09	4.535923882e-09	0.9999999834	4.280860667e-09	3.181735451e-09	
4.616420481e-09	4.535976183e-09	0.9999999833	4.365375463e-09	3.181770816e-09	
4.616420481e-09	4.535976183e-09	0.9999999833	4.365375463e-09	3.181770816e-09	
4.616367063e-09	4.535923882e-09	0.9999999834	4.280860667e-09	3.181735451e-09	
4.616699069e-09	4.968517864e-09	0.9999999829	4.28116614e-09	3.276912347e-09	
4.616367063e-09	4.535923882e-09	0.9999999834	4.280860667e-09	3.181735451e-09	
4.616420481e-09	4.535976183e-09	0.9999999833	4.365375463e-09	3.181770816e-09	
4.616420481e-09	4.535976183e-09	0.9999999833	4.365375463e-09	3.181770816e-09	
4.616367063e-09	4.535923882e-09	0.9999999834	4.280860667e-09	3.181735451e-09	
4.616420481e-09	4.535976183e-09	0.9999999833	4.365375463e-09	3.181770816e-09	
4.616367063e-09	4.535923907e-09	0.9999999834	4.28086069e-09	3.181735455e-09	
4.616420481e-09	4.535976183e-09	0.9999999833	4.365375463e-09	3.181770816e-09	
4.616699068e-09	4.968517837e-09	0.9999999829	4.281166117e-09	3.276912343e-09	
4.616367063e-09	4.535923858e-09	0.9999999834	4.280860645e-09	3.181735447e-09	
4.616420481e-09	4.535976158e-09	0.9999999833	4.36537544e-09	3.181770812e-09	
4.616367063e-09	4.535923882e-09	0.9999999834	4.280860667e-09	3.181735451e-09	
4.616420481e-09	4.535976158e-09	0.9999999833	4.36537544e-09	3.181770812e-09	
4.616367063e-09	4.535923858e-09	0.9999999834	4.280860645e-09	3.181735447e-09	
4.616420481e-09	4.535976158e-09	0.9999999833	4.36537544e-09	3.181770812e-09	
4.616367063e-09	4.535923882e-09	0.9999999834	4.280860667e-09	3.181735451e-09	
4.616420481e-09	4.535976158e-09	0.9999999833	4.36537544e-09	3.181770812e-09	
4.616699068e-09	4.968517837e-09	0.9999999829	4.281166117e-09	3.276912343e-09	
4.61675249e-09	4.968575126e-09	0.9999999828	4.365686943e-09	3.276948765e-09	
4.616699069e-09	4.968517864e-09	0.9999999829	4.28116614e-09	3.276912347e-09	
4.61675249e-09	4.968575126e-09	0.9999999828	4.365686943e-09	3.276948765e-09	
4.616699068e-09	4.968517837e-09	0.9999999829	4.281166117e-09	3.276912343e-09	
4.61675249e-09	4.968575126e-09	0.9999999828	4.365686943e-09	3.276948765e-09	
4.616699069e-09	4.968517864e-09	0.9999999829	4.28116614e-09	3.276912347e-09	
4.61675249e-09	4.968575126e-09	0.9999999828	4.365686943e-09	3.276948765e-09	
6.812495882e-08	0.000666689567	0.9991201984	6.377834184e-08	0.000212980178	
4.616420481e-09	4.535976158e-09	0.9999999833	4.36537544e-09	3.181770812e-09	
4.616367063e-09	4.535923882e-09	0.9999999834	4.280860667e-09	3.181735451e-09	
4.616420481e-09	4.535976158e-09	0.9999999833	4.36537544e-09	3.181770812e-09	
4.616367063e-09	4.535923858e-09	0.9999999834	4.280860645e-09	3.181735447e-09	
4.616420481e-09	4.535976158e-09	0.9999999833	4.36537544e-09	3.181770812e-09	
4.616367063e-09	4.535923882e-09	0.9999999834	4.280860667e-09	3.181735451e-09	
4.616420481e-09	4.535976158e-09	0.9999999833	4.36537544e-09	3.181770812e-09	
4.616420481e-09	4.535976183e-09	0.9999999833	4.365375463e-09	3.181770816e-09	
4.616473899e-09	4.53602846e-09	0.9999999832	4.451558766e-09	3.181806177e-09	
4.616420481e-09	4.535976158e-09	0.9999999833	4.36537544e-09	3.181770812e-09	
4.616473899e-09	4.53602846e-09	0.9999999832	4.451558766e-09	3.181806177e-09	
4.616420481e-09	4.535976183e-09	0.9999999833	4.365375463e-09	3.181770816e-09	
4.616473899e-09	4.53602846e-09	0.9999999832	4.451558766e-09	3.181806177e-09	
1.498739508e-08	1.464424719e-08	0.9998587179	0.0001412421905	1.02722098e-08	
4.616420481e-09	4.535976183e-09	0.9999999833	4.365375463e-09	3.181770816e-09	
4.616367063e-09	4.535923882e-09	0.9999999834	4.280860667e-09	3.181735451e-09	
4.616420481e-09	4.535976183e-09	0.9999999833	4.365375463e-09	3.181770816e-09	
4.616367063e-09	4.535923907e-09	0.9999999834	4.28086069e-09	3.181735455e-09	
4.616420481e-09	4.535976183e-09	0.9999999833	4.365375463e-09	3.181770816e-09	
4.616420481e-09	4.535976158e-09	0.9999999833	4.36537544e-09	3.181770812e-09	
4.616473899e-09	4.53602846e-09	0.9999999832	4.451558766e-09	3.181806177e-09	
4.616420481e-09	4.535976183e-09	0.9999999833	4.365375463e-09	3.181770816e-09	
4.616473899e-09	4.53602846e-09	0.9999999832	4.451558766e-09	3.181806177e-09	
1.498739508e-08	1.464424719e-08	0.9998587179	0.0001412421905	1.02722098e-08	
4.616420481e-09	4.535976158e-09	0.9999999833	4.36537544e-09	3.181770812e-09	
4.616367063e-09	4.535923882e-09	0.9999999834	4.280860667e-09	3.181735451e-09	
4.616420481e-09	4.535976158e-09	0.9999999833	4.36537544e-09	3.181770812e-09	
4.616420481e-09	4.535976183e-09	0.9999999833	4.365375463e-09	3.181770816e-09	
4.616473899e-09	4.53602846e-09	0.9999999832	4.451558766e-09	3.181806177e-09	
1.498739508e-08	1.464424719e-08	0.9998587179	0.0001412421905	1.02722098e-08	
4.616420481e-09	4.535976183e-09	0.9999999833	4.365375463e-09	3.181770816e-09	
1.498739508e-08	1.464424719e-08	0.9998587179	0.0001412421905	1.02722098e-08	
2.681038799e-08	0.0006348648096	2.73764633e-08	2.566371201e-08	0.9993650553	
8.214345752e-09	0.9140630191	8.372444685e-09	7.699169218e-09	0.08593695666	
8.227328417e-09	0.9134287462	8.385697763e-09	7.71133766e-09	0.08657122944	
1.339122461e-08	0.8809173906	1.365757358e-08	6.060639589e-05	0.119021976	
2.681038801e-08	0.0006348689824	2.737646331e-08	2.566371203e-08	0.9993650512	
8.586810939e-09	0.8958680628	8.748816156e-09	8.125278687e-09	0.1041319117	
9.713246538e-09	0.9348099878	7.937667279e-09	7.30208601e-09	0.06518998721	
9.250945514e-09	0.8959342102	9.306243061e-06	8.753746837e-09	0.1040564656	
8.24986681e-09	0.9123305061	8.408705894e-09	7.826109205e-09	0.08766946944	
8.052296693e-09	0.9219823717	8.205669056e-09	7.628731251e-09	0.0780176044	
8.391276344e-09	0.9054190171	8.554854279e-09	7.865002851e-09	0.09458095807	
2.425125759e-08	0.0005535352055	2.476834901e-08	2.296727547e-08	0.9994463928	
2.411173328e-08	0.0005491008242	2.462591005e-08	2.28351383e-08	0.9994508276	
2.85463658e-08	0.0003851887011	2.917343497e-08	0.000130542919	0.9994842107	
6.810212585e-09	3.307878142e-08	6.968164551e-09	6.586904574e-09	0.9999999466	
2.092354537e-08	0.000447770267	2.136171668e-08	2.000534147e-08	0.9995521674	
3.779558469e-08	0.0007461185258	3.094945694e-08	2.870965205e-08	0.999253784	
2.255767034e-08	0.0004481176665	2.273871926e-05	2.15678291e-08	0.9995290995	
2.38750897e-08	0.0005415743598	2.438432418e-08	2.288486249e-08	0.9994583545	
2.618434503e-08	0.0006149678153	2.67374158e-08	2.506562805e-08	0.9993849542	
2.251073156e-08	0.0004982175489	2.299628529e-08	2.13189003e-08	0.9995017156	
1.778040702e-08	0.000347875445	1.815924372e-08	1.703868651e-08	0.9996520716	
8.42816988e-09	0.9019489334	8.592156993e-09	7.815612304e-09	0.09805104172	
2.425125761e-08	0.0005535388441	2.476834904e-08	2.29672755e-08	0.9994463892	
8.774059842e-09	0.8823595145	8.941420777e-09	8.214209924e-09	0.1176404596	
9.981343426e-09	0.9259355483	8.158419421e-09	7.423870223e-09	0.07406442614	
9.452776924e-09	0.8824340006	9.511220028e-06	8.849650292e-09	0.1175564699	
8.259121192e-09	0.9115269537	8.418149206e-09	7.741501936e-09	0.08847302185	
8.586136079e-09	0.8930014887	8.755297567e-09	7.962097082e-09	0.106998486	
9.283323315e-09	0.853513818	9.463779222e-09	8.710686872e-09	0.1464861545	
2.411173331e-08	0.0005491044336	2.462591007e-08	2.283513832e-08	0.999450824	
8.78567806e-09	0.881521578	8.953282536e-09	8.225086821e-09	0.1184783961	
9.99807728e-09	0.9253817494	8.172117135e-09	7.436316446e-09	0.07461822496	
9.465300083e-09	0.881596572	9.523843939e-06	8.861374427e-09	0.1183938859	
8.462354563e-09	0.8999989159	8.627064763e-09	7.942350074e-09	0.1000010591	
8.598244111e-09	0.8922300953	8.767665622e-09	7.973325111e-09	0.1077698794	
9.29345183e-09	0.852504763	9.474127827e-09	8.720190623e-09	0.1474952095	
2.854636586e-08	0.0003851912334	2.917343503e-08	0.0001305429192	0.9994842081	
1.411511637e-08	0.8391530423	1.439343167e-08	6.380826654e-05	0.1607831209	
1.52073514e-08	0.8392437873	1.531102788e-05	6.874601988e-05	0.1606721404	
1.369823438e-08	0.8632059183	1.397363246e-08	6.207970979e-05	0.1367319743	
1.34498453e-08	0.8775355007	1.37174699e-08	6.087457678e-05	0.1224035975	
1.475737023e-08	0.8020986454	1.505372727e-08	6.686289507e-05	0.1978344619	
1.529054552e-08	9.379575518e-05	1.562963034e-08	0.9998693403	3.6832997e-05	
1.534263469e-08	9.373967591e-05	1.562627281e-08	0.9998694049	3.682441232e-05	
1.529053692e-08	9.373948747e-05	1.56262414e-08	0.9998694053	3.682434134e-05	
1.529051829e-08	9.385893428e-05	1.556905306e-08	0.9998692676	3.684265493e-05	
2.092354541e-08	0.0004477732107	2.136171672e-08	2.00053415e-08	0.9995521645	
3.779558468e-08	0.0007461234293	3.094945693e-08	2.870965205e-08	0.9992537791	
2.255767038e-08	0.0004481206124	2.27387193e-05	2.156782914e-08	0.9995290965	
2.387508973e-08	0.0005415779197	2.438432421e-08	2.288486252e-08	0.9994583509	
2.618434504e-08	0.0006149718574	2.673741582e-08	2.506562807e-08	0.9993849502	
2.251073159e-08	0.000498220824	2.299628532e-08	2.131890033e-08	0.9995017124	
1.778040706e-08	0.0003478777321	1.815924376e-08	1.703868655e-08	0.9996520693	
1.046270284e-08	0.9100068126	8.54867885e-09	7.856348537e-09	0.08999316049	
9.809545174e-09	0.8585798454	9.866514819e-06	9.271522365e-09	0.141410269	
8.805843838e-09	0.880071709	8.973871322e-09	8.343807299e-09	0.1199282649	
8.628547985e-09	0.8928579888	8.791410931e-09	8.165157855e-09	0.1071419856	
8.931885401e-09	0.8709767295	9.104463681e-09	8.361964558e-09	0.1290232441	
9.570039498e-09	0.8249541364	9.752432115e-09	9.065633028e-09	0.1750458352	
2.091835521e-08	0.0002187879001	2.134517107e-08	1.958361886e-08	0.9997811503	
1.127180074e-08	0.9100639248	9.093253386e-06	8.463921933e-09	0.08992696224	
1.002713113e-08	0.9244225984	8.195899833e-09	7.548247779e-09	0.07557737587	
9.7727383e-09	0.932841197	7.98634781e-09	7.347156709e-09	0.06715877787	
1.020967248e-08	0.9183791134	8.347071331e-09	7.59369514e-09	0.0816208604	
1.115568769e-08	0.8870726718	9.118148109e-09	8.395700154e-09	0.1129272995	
0.001418628182	0.9983848998	8.587793125e-08	7.835414836e-08	0.0001963077565	
9.487036572e-09	0.8801475792	9.545755616e-06	8.989289256e-09	0.1198428566	
9.29593257e-09	0.8929260193	9.351573793e-06	8.796731291e-09	0.107064611	
9.622896856e-09	0.8710580196	9.684739306e-06	9.008915337e-09	0.128932277	
1.031079322e-08	0.8250608784	1.037438024e-05	9.767377581e-09	0.1749287272	
2.255207935e-08	0.0002189576891	2.272111166e-05	2.111317271e-08	0.9997582775	
8.294371929e-09	0.9097483612	8.454135483e-09	7.868699751e-09	0.09025161421	
9.311032472e-09	0.8507599196	9.492090775e-09	8.842495508e-09	0.1492400527	
8.434662318e-09	0.9026550271	8.599154761e-09	7.906041012e-09	0.09734494792	
9.156078158e-09	0.8661961736	9.332232203e-09	8.684005273e-09	0.1338037993	
1.777508808e-08	0.0001699689642	1.814425126e-08	1.667865008e-08	0.9998299784	
0.9999999829	4.614278767e-09	4.762501093e-09	4.447349739e-09	3.231723929e-09	
0.9999946493	5.337217807e-06	5.160507412e-09	4.718886941e-09	3.605504236e-09	
0.999999983	4.614484406e-09	4.762441691e-09	4.35461717e-09	3.231685307e-09	
0.999999983	4.614484406e-09	4.762441691e-09	4.35461717e-09	3.231685307e-09	
0.999999983	4.61479153e-09	4.762442056e-09	4.354890877e-09	3.231685549e-09	
0.999999983	4.61479153e-09	4.762442056e-09	4.354890877e-09	3.231685549e-09	
0.9999999829	4.614544358e-09	4.762503876e-09	4.451487026e-09	3.231725743e-09	
0.999999983	4.61479153e-09	4.762442056e-09	4.354890877e-09	3.231685549e-09	
0.999999983	4.610805341e-09	4.762439624e-09	4.354888675e-09	3.231683911e-09	
0.9999949464	5.000651882e-09	5.160648607e-09	5.039932905e-06	3.501887788e-09	
0.999999983	4.614484406e-09	4.762441691e-09	4.35461717e-09	3.231685307e-09	
0.999999983	4.61479153e-09	4.762442056e-09	4.354890877e-09	3.231685549e-09	
0.9999999829	4.614278767e-09	4.762501093e-09	4.447349739e-09	3.231723929e-09	
0.9999946494	5.336979961e-06	5.16057178e-09	4.819376719e-09	3.605547325e-09	
0.9999999829	4.614278767e-09	4.762501093e-09	4.447349739e-09	3.231723929e-09	
0.9999999829	4.614278767e-09	4.762501093e-09	4.447349739e-09	3.231723929e-09	
0.9999999829	4.614585877e-09	4.762501458e-09	4.447629276e-09	3.23172417e-09	
0.9999999829	4.614585877e-09	4.762501458e-09	4.447629276e-09	3.23172417e-09	
0.9999999828	4.614338716e-09	4.762563279e-09	4.546282462e-09	3.231764365e-09	
0.9999999829	4.614585877e-09	4.762501458e-09	4.447629276e-09	3.23172417e-09	
0.9999999829	4.610599865e-09	4.762499026e-09	4.447627026e-09	3.231722532e-09	
0.9999948391	5.000428497e-09	5.160712423e-09	5.147258878e-06	3.501929262e-09	
0.9999999829	4.614278767e-09	4.762501093e-09	4.447349739e-09	3.231723929e-09	
0.9999999829	4.614585877e-09	4.762501458e-09	4.447629276e-09	3.23172417e-09	
0.9999999828	4.614073136e-09	4.762560496e-09	4.54205707e-09	3.23176255e-09	
0.9998473585	1.551376299e-08	1.617760828e-08	0.0001525989066	1.087407795e-08	
0.9999946493	5.337217807e-06	5.160507412e-09	4.718886941e-09	3.605504236e-09	
0.9999946493	5.337217807e-06	5.160507412e-09	4.718886941e-09	3.605504236e-09	
0.9999946489	5.337573032e-06	5.160507806e-09	4.719183542e-09	3.605504504e-09	
0.9999946489	5.337573032e-06	5.160507806e-09	4.719183542e-09	3.605504504e-09	
0.9999946491	5.337287149e-06	5.160574795e-09	4.823860095e-09	3.605549349e-09	
0.9999946489	5.337573032e-06	5.160507806e-09	4.719183542e-09	3.605504504e-09	
0.9999887451	5.783862891e-06	5.591993354e-09	5.46152555e-06	3.906958474e-09	
0.9999946493	5.337217807e-06	5.160507412e-09	4.718886941e-09	3.605504236e-09	
0.9999946489	5.337573032e-06	5.160507806e-09	4.719183542e-09	3.605504504e-09	
0.9999946494	5.336979961e-06	5.16057178e-09	4.819376719e-09	3.605547325e-09	
0.999999983	4.614484406e-09	4.762441691e-09	4.35461717e-09	3.231685307e-09	
0.999999983	4.61479153e-09	4.762442056e-09	4.354890877e-09	3.231685549e-09	
0.999999983	4.61479153e-09	4.762442056e-09	4.354890877e-09	3.231685549e-09	
0.9999999829	4.614544358e-09	4.762503876e-09	4.451487026e-09	3.231725743e-09	
0.999999983	4.61479153e-09	4.762442056e-09	4.354890877e-09	3.231685549e-09	
0.999999983	4.610805341e-09	4.762439624e-09	4.354888675e-09	3.231683911e-09	
0.9999949464	5.000651882e-09	5.160648607e-09	5.039932905e-06	3.501887788e-09	
0.999999983	4.614484406e-09	4.762441691e-09	4.35461717e-09	3.231685307e-09	
0.999999983	4.61479153e-09	4.762442056e-09	4.354890877e-09	3.231685549e-09	
0.9999999829	4.614278767e-09	4.762501093e-09	4.447349739e-09	3.231723929e-09	
0.999999983	4.61479153e-09	4.762442056e-09	4.354890877e-09	3.231685549e-09	
0.999999983	4.61479153e-09	4.762442056e-09	4.354890877e-09	3.231685549e-09	
0.9999999829	4.614544358e-09	4.762503876e-09	4.451487026e-09	3.231725743e-09	
0.999999983	4.61479153e-09	4.762442056e-09	4.354890877e-09	3.231685549e-09	
0.999999983	4.610805341e-09	4.762439624e-09	4.354888675e-09	3.231683911e-09	
0.9999949464	5.000651882e-09	5.160648607e-09	5.039932905e-06	3.501887788e-09	
0.999999983	4.614484406e-09	4.762441691e-09	4.35461717e-09	3.231685307e-09	
0.999999983	4.61479153e-09	4.762442056e-09	4.354890877e-09	3.231685549e-09	
0.9999999829	4.614278767e-09	4.762501093e-09	4.447349739e-09	3.231723929e-09	
0.999999983	4.615098675e-09	4.762442422e-09	4.355164602e-09	3.231685791e-09	
0.9999999829	4.614851486e-09	4.762504241e-09	4.451766823e-09	3.231725985e-09	
0.999999983	4.615098675e-09	4.762442422e-09	4.355164602e-09	3.231685791e-09	
0.999999983	4.61111222e-09	4.762439989e-09	4.3551624e-09	3.231684153e-09	
0.9999949461	5.000984707e-09	5.160649002e-09	5.040249687e-06	3.501888048e-09	
0.999999983	4.61479153e-09	4.762442056e-09	4.354890877e-09	3.231685549e-09	
0.9999999829	4.614585877e-09	4.762501458e-09	4.447629276e-09	3.23172417e-09	
0.9999999829	4.614851486e-09	4.762504241e-09	4.451766823e-09	3.231725985e-09	
0.999999983	4.61111222e-09	4.762439989e-09	4.3551624e-09	3.231684153e-09	
0.9999949461	5.000984707e-09	5.160649002e-09	5.040249687e-06	3.501888048e-09	
0.999999983	4.61479153e-09	4.762442056e-09	4.354890877e-09	3.231685549e-09	
0.999999983	4.615098675e-09	4.762442422e-09	4.355164602e-09	3.231685791e-09	
0.9999999829	4.614585877e-09	4.762501458e-09	4.447629276e-09	3.23172417e-09	
0.9999999829	4.614851486e-09	4.762504241e-09	4.451766823e-09	3.231725985e-09	
0.9999999829	4.610865245e-09	4.762501809e-09	4.451764571e-09	3.231724347e-09	
0.9999999829	4.614544358e-09	4.762503876e-09	4.451487026e-09	3.231725743e-09	
0.9999999829	4.614851486e-09	4.762504241e-09	4.451766823e-09	3.231725985e-09	
0.9999999828	4.614338716e-09	4.762563279e-09	4.546282462e-09	3.231764365e-09	
0.9998472166	1.551465374e-08	1.617761543e-08	0.0001527408448	1.087408252e-08	
0.999999983	4.61111222e-09	4.762439989e-09	4.3551624e-09	3.231684153e-09	
0.9999949461	5.000984707e-09	5.160649002e-09	5.040249687e-06	3.501888048e-09	
0.999999983	4.61479153e-09	4.762442056e-09	4.354890877e-09	3.231685549e-09	
0.999999983	4.615098675e-09	4.762442422e-09	4.355164602e-09	3.231685791e-09	
0.9999999829	4.614585877e-09	4.762501458e-09	4.447629276e-09	3.23172417e-09	
0.9999949461	4.996664929e-09	5.160646366e-09	5.040247138e-06	3.501886273e-09	
0.999999983	4.610805341e-09	4.762439624e-09	4.354888675e-09	3.231683911e-09	
0.999999983	4.61111222e-09	4.762439989e-09	4.3551624e-09	3.231684153e-09	
0.9999999829	4.610599865e-09	4.762499026e-09	4.447627026e-09	3.231722532e-09	
0.9999949464	5.000651882e-09	5.160648607e-09	5.039932905e-06	3.501887788e-09	
0.9999949461	5.000984707e-09	5.160649002e-09	5.040249687e-06	3.501888048e-09	
0.9999948391	5.000428497e-09	5.160712423e-09	5.147258878e-06	3.501929262e-09	
0.001064016535	6.787142868e-08	7.009886554e-08	0.9989357979	4.756720728e-08	
0.999999983	4.61479153e-09	4.762442056e-09	4.354890877e-09	3.231685549e-09	
0.9999999829	4.614278767e-09	4.762501093e-09	4.447349739e-09	3.231723929e-09	
0.9999999829	4.614585877e-09	4.762501458e-09	4.447629276e-09	3.23172417e-09	
0.9998473585	1.551376299e-08	1.617760828e-08	0.0001525989066	1.087407795e-08	
6.803024474e-09	6.684476559e-09	6.909814081e-09	6.308592378e-09	0.9999999733	
6.803024474e-09	6.684476559e-09	6.909814081e-09	6.308592378e-09	0.9999999733	
6.803024474e-09	6.684476559e-09	6.909814081e-09	6.308592378e-09	0.9999999733	
6.803024474e-09	6.684476559e-09	6.909814081e-09	6.308592378e-09	0.9999999733	
6.803024474e-09	6.684476559e-09	6.909814081e-09	6.308592378e-09	0.9999999733	
6.803024473e-09	6.684476021e-09	6.90981406e-09	6.308592377e-09	0.9999999733	
6.803024474e-09	6.684476559e-09	6.909814081e-09	6.308592378e-09	0.9999999733	
6.803024473e-09	6.684476021e-09	6.90981406e-09	6.308592377e-09	0.9999999733	
6.803024473e-09	6.684476021e-09	6.90981406e-09	6.308592377e-09	0.9999999733	
6.803024474e-09	6.684476559e-09	6.909814081e-09	6.308592378e-09	0.9999999733	
6.803024474e-09	6.684476559e-09	6.909814081e-09	6.308592378e-09	0.9999999733	
6.803024474e-09	6.684476559e-09	6.909814081e-09	6.308592378e-09	0.9999999733	
6.803024474e-09	6.684476559e-09	6.909814081e-09	6.308592378e-09	0.9999999733	
6.803370692e-09	7.263996057e-09	6.931965529e-09	6.308911342e-09	0.9999999727	
6.803024474e-09	6.684476559e-09	6.909814081e-09	6.308592378e-09	0.9999999733	
6.803024474e-09	6.684476559e-09	6.909814081e-09	6.308592378e-09	0.9999999733	
6.803024474e-09	6.684476559e-09	6.909814081e-09	6.308592378e-09	0.9999999733	
6.803024474e-09	6.684476559e-09	6.909814081e-09	6.308592378e-09	0.9999999733	
6.803024473e-09	6.684476021e-09	6.90981406e-09	6.308592377e-09	0.9999999733	
6.803024474e-09	6.684476559e-09	6.909814081e-09	6.308592378e-09	0.9999999733	
6.803024473e-09	6.684476021e-09	6.90981406e-09	6.308592377e-09	0.9999999733	
6.803024473e-09	6.684476021e-09	6.90981406e-09	6.308592377e-09	0.9999999733	
6.803024474e-09	6.684476559e-09	6.909814081e-09	6.308592378e-09	0.9999999733	
6.803024474e-09	6.684476559e-09	6.909814081e-09	6.308592378e-09	0.9999999733	
6.803024474e-09	6.684476559e-09	6.909814081e-09	6.308592378e-09	0.9999999733	
6.803024474e-09	6.684476559e-09	6.909814081e-09	6.308592378e-09	0.9999999733	
6.803370692e-09	7.263996057e-09	6.931965529e-09	6.308911342e-09	0.9999999727	
6.803024474e-09	6.684476559e-09	6.909814081e-09	6.308592378e-09	0.9999999733	
6.803024474e-09	6.684476559e-09	6.909814081e-09	6.308592378e-09	0.9999999733	
6.803024474e-09	6.684476559e-09	6.909814081e-09	6.308592378e-09	0.9999999733	
6.803024473e-09	6.684476021e-09	6.90981406e-09	6.308592377e-09	0.9999999733	
6.803024474e-09	6.684476559e-09	6.909814081e-09	6.308592378e-09	0.9999999733	
6.803024473e-09	6.684476021e-09	6.90981406e-09	6.308592377e-09	0.9999999733	
6.803024473e-09	6.684476021e-09	6.90981406e-09	6.308592377e-09	0.9999999733	
6.803024474e-09	6.684476559e-09	6.909814081e-09	6.308592378e-09	0.9999999733	
6.803024474e-09	6.684476559e-09	6.909814081e-09	6.308592378e-09	0.9999999733	
6.803024474e-09	6.684476559e-09	6.909814081e-09	6.308592378e-09	0.9999999733	
6.803024474e-09	6.684476559e-09	6.909814081e-09	6.308592378e-09	0.9999999733	
6.803370692e-09	7.263996057e-09	6.931965529e-09	6.308911342e-09	0.9999999727	
6.803024474e-09	6.684476559e-09	6.909814081e-09	6.308592378e-09	0.9999999733	
6.803024474e-09	6.684476559e-09	6.909814081e-09	6.308592378e-09	0.9999999733	
6.803024473e-09	6.684476021e-09	6.90981406e-09	6.308592377e-09	0.9999999733	
6.803024474e-09	6.684476559e-09	6.909814081e-09	6.308592378e-09	0.9999999733	
6.803024473e-09	6.684476021e-09	6.90981406e-09	6.308592377e-09	0.9999999733	
6.803024473e-09	6.684476021e-09	6.90981406e-09	6.308592377e-09	0.9999999733	
6.803024474e-09	6.684476559e-09	6.909814081e-09	6.308592378e-09	0.9999999733	
6.803024474e-09	6.684476559e-09	6.909814081e-09	6.308592378e-09	0.9999999733	
6.803024474e-09	6.684476559e-09	6.909814081e-09	6.308592378e-09	0.9999999733	
6.803024474e-09	6.684476559e-09	6.909814081e-09	6.308592378e-09	0.9999999733	
6.803370692e-09	7.263996057e-09	6.931965529e-09	6.308911342e-09	0.9999999727	
6.803024474e-09	6.684476559e-09	6.909814081e-09	6.308592378e-09	0.9999999733	
6.803024473e-09	6.684476021e-09	6.90981406e-09	6.308592377e-09	0.9999999733	
6.803024474e-09	6.684476559e-09	6.909814081e-09	6.308592378e-09	0.9999999733	
6.803024473e-09	6.684476021e-09	6.90981406e-09	6.308592377e-09	0.9999999733	
6.803024473e-09	6.684476021e-09	6.90981406e-09	6.308592377e-09	0.9999999733	
6.803024474e-09	6.684476559e-09	6.909814081e-09	6.308592378e-09	0.9999999733	
6.803024474e-09	6.684476559e-09	6.909814081e-09	6.308592378e-09	0.9999999733	
6.803024474e-09	6.684476559e-09	6.909814081e-09	6.308592378e-09	0.9999999733	
6.803024474e-09	6.684476559e-09	6.909814081e-09	6.308592378e-09	0.9999999733	
6.803370692e-09	7.263996057e-09	6.931965529e-09	6.308911342e-09	0.9999999727	
6.803024473e-09	6.684476021e-09	6.90981406e-09	6.308592377e-09	0.9999999733	
6.803024474e-09	6.684476559e-09	6.909814081e-09	6.308592378e-09	0.9999999733	
6.803024473e-09	6.684476021e-09	6.90981406e-09	6.308592377e-09	0.9999999733	
6.803024473e-09	6.684476021e-09	6.90981406e-09	6.308592377e-09	0.9999999733	
6.803024474e-09	6.684476559e-09	6.909814081e-09	6.308592378e-09	0.9999999733	
6.803024474e-09	6.684476559e-09	6.909814081e-09	6.308592378e-09	0.9999999733	
6.803024474e-09	6.684476559e-09	6.909814081e-09	6.308592378e-09	0.9999999733	
6.803024474e-09	6.684476559e-09	6.909814081e-09	6.308592378e-09	0.9999999733	
6.803370692e-09	7.263996057e-09	6.931965529e-09	6.308911342e-09	0.9999999727	
6.803024473e-09	6.684476021e-09	6.90981406e-09	6.308592377e-09	0.9999999733	
6.803024473e-09	6.684475482e-09	6.909814038e-09	6.308592376e-09	0.9999999733	
6.803024473e-09	6.684475482e-09	6.909814038e-09	6.308592376e-09	0.9999999733	
6.803024473e-09	6.684476021e-09	6.90981406e-09	6.308592377e-09	0.9999999733	
6.803024473e-09	6.684476021e-09	6.90981406e-09	6.308592377e-09	0.9999999733	
6.803024473e-09	6.684476021e-09	6.90981406e-09	6.308592377e-09	0.9999999733	
6.803024473e-09	6.684476021e-09	6.90981406e-09	6.308592377e-09	0.9999999733	
6.803024473e-09	6.684476021e-09	6.90981406e-09	6.308592377e-09	0.9999999733	
6.803024473e-09	6.684476021e-09	6.90981406e-09	6.308592377e-09	0.9999999733	
6.803024474e-09	6.684476559e-09	6.909814081e-09	6.308592378e-09	0.9999999733	
6.803024474e-09	6.684476559e-09	6.909814081e-09	6.308592378e-09	0.9999999733	
6.803024474e-09	6.684476559e-09	6.909814081e-09	6.308592378e-09	0.9999999733	
6.803024474e-09	6.684476559e-09	6.909814081e-09	6.308592378e-09	0.9999999733	
6.803370692e-09	7.263996057e-09	6.931965529e-09	6.308911342e-09	0.9999999727	
6.803024473e-09	6.684475482e-09	6.909814038e-09	6.308592376e-09	0.9999999733	
6.803024473e-09	6.684476021e-09	6.90981406e-09	6.308592377e-09	0.9999999733	
6.803024473e-09	6.684476021e-09	6.90981406e-09	6.308592377e-09	0.9999999733	
6.803024473e-09	6.684476021e-09	6.90981406e-09	6.308592377e-09	0.9999999733	
6.803024473e-09	6.684476021e-09	6.90981406e-09	6.308592377e-09	0.9999999733	
6.803024473e-09	6.684476021e-09	6.90981406e-09	6.308592377e-09	0.9999999733	
6.803024473e-09	6.684476021e-09	6.90981406e-09	6.308592377e-09	0.9999999733	
6.803024473e-09	6.684476021e-09	6.90981406e-09	6.308592377e-09	0.9999999733	
6.803024473e-09	6.684476021e-09	6.90981406e-09	6.308592377e-09	0.9999999733	
6.803024474e-09	6.684476559e-09	6.909814081e-09	6.308592378e-09	0.9999999733	
6.803024474e-09	6.684476559e-09	6.909814081e-09	6.308592378e-09	0.9999999733	
6.803024474e-09	6.684476559e-09	6.909814081e-09	6.308592378e-09	0.9999999733	
6.803370692e-09	7.263996057e-09	6.931965529e-09	6.308911342e-09	0.9999999727	
6.803024474e-09	6.684476559e-09	6.909814081e-09	6.308592378e-09	0.9999999733	
6.803024474e-09	6.684476559e-09	6.909814081e-09	6.308592378e-09	0.9999999733	
6.803370692e-09	7.263996057e-09	6.931965529e-09	6.308911342e-09	0.9999999727	
6.803024474e-09	6.684476559e-09	6.909814081e-09	6.308592378e-09	0.9999999733	
6.803370692e-09	7.263996057e-09	6.931965529e-09	6.308911342e-09	0.9999999727	
6.803370692e-09	7.263996057e-09	6.931965529e-09	6.308911342e-09	0.9999999727	
5.056370517e-09	5.02171444e-09	5.155714321e-09	0.9999999813	3.499687068e-09	
5.07461651e-09	5.021725e-09	5.155725247e-09	0.9999999812	3.499694179e-09	
5.784750301e-09	5.022113118e-09	5.156124984e-09	0.9999999805	3.499956374e-09	
5.056370517e-09	5.02171444e-09	5.155714321e-09	0.9999999813	3.499687068e-09	
5.07461651e-09	5.021725e-09	5.155725247e-09	0.9999999812	3.499694179e-09	
7.409172037e-09	7.317426391e-09	3.397857857e-05	0.9999660016	5.099579392e-09	
5.07365191e-09	5.072767168e-09	5.174710994e-09	0.9999999812	3.513659828e-09	
5.056382712e-09	5.021726493e-09	5.177037661e-09	0.9999999812	3.499695201e-09	
5.056383088e-09	5.021727345e-09	5.178467491e-09	0.9999999812	3.499695754e-09	
5.05642371e-09	5.072756969e-09	5.174700594e-09	0.9999999812	3.513653054e-09	
5.0736092e-09	5.021735151e-09	5.17466731e-09	0.9999999812	3.499701016e-09	
5.056370483e-09	5.021714431e-09	5.155714312e-09	0.9999999813	3.499687066e-09	
5.074628094e-09	5.021736353e-09	5.175787917e-09	0.9999999812	3.499701835e-09	
5.05638196e-09	5.021725806e-09	5.175776898e-09	0.9999999812	3.499694726e-09	
5.056382712e-09	5.021726527e-09	5.177037647e-09	0.9999999812	3.499695208e-09	
5.056418246e-09	5.079221589e-09	5.155763126e-09	0.9999999812	3.515400959e-09	
5.075717985e-09	4.968226033e-09	5.156935742e-09	0.9999999813	3.484972847e-09	
5.074559943e-09	4.968213435e-09	5.13569446e-09	0.9999999813	3.4849643e-09	
5.784685817e-09	4.968597417e-09	5.136092645e-09	0.9999999806	3.485225391e-09	
5.074559943e-09	4.968213435e-09	5.13569446e-09	0.9999999813	3.4849643e-09	
5.073595353e-09	5.018711697e-09	5.154606445e-09	0.9999999813	3.498871169e-09	
5.056326348e-09	4.968214912e-09	5.156924072e-09	0.9999999813	3.484965318e-09	
5.056326724e-09	4.968215755e-09	5.158348347e-09	0.9999999813	3.484965868e-09	
5.056367345e-09	5.018701607e-09	5.154596085e-09	0.9999999813	3.498864424e-09	
5.073552644e-09	4.968223478e-09	5.154562931e-09	0.9999999813	3.484971108e-09	
5.056314119e-09	4.968202979e-09	5.135683568e-09	0.9999999814	3.484957217e-09	
5.074571527e-09	4.968224667e-09	5.155679184e-09	0.9999999813	3.484971924e-09	
5.056325596e-09	4.968214232e-09	5.155668207e-09	0.9999999813	3.484964844e-09	
5.056326348e-09	4.968214946e-09	5.156924058e-09	0.9999999813	3.484965324e-09	
5.056361882e-09	5.02509734e-09	5.135732192e-09	0.9999999813	3.500604971e-09	
5.094033794e-09	4.968236481e-09	5.156946671e-09	0.9999999813	3.484979929e-09	
5.075717985e-09	4.968226033e-09	5.156935742e-09	0.9999999813	3.484972847e-09	
5.094033794e-09	4.968236481e-09	5.156946671e-09	0.9999999813	3.484979929e-09	
7.4375221e-09	7.239485326e-09	3.398662804e-05	0.9999659936	5.078138481e-09	
5.093065503e-09	5.018734977e-09	5.175936916e-09	0.9999999812	3.49888686e-09	
5.075730227e-09	4.968237958e-09	5.178264134e-09	0.9999999813	3.484980946e-09	
5.075730604e-09	4.968238801e-09	5.179694303e-09	0.9999999813	3.484981497e-09	
5.075771382e-09	5.018724887e-09	5.175926513e-09	0.9999999812	3.498880114e-09	
5.093022629e-09	4.968246524e-09	5.175893222e-09	0.9999999813	3.484986736e-09	
5.075717951e-09	4.968226025e-09	5.156935734e-09	0.9999999813	3.484972845e-09	
5.094045423e-09	4.968247713e-09	5.177014094e-09	0.9999999813	3.484987552e-09	
3.151921155e-05	7.10947897e-09	7.449855206e-09	0.9999684612	4.986944919e-09	
5.075729472e-09	4.968237278e-09	5.177003072e-09	0.9999999813	3.484980473e-09	
5.075730227e-09	4.968237992e-09	5.17826412e-09	0.9999999813	3.484980953e-09	
5.075765897e-09	5.02512065e-09	5.156984559e-09	0.9999999812	3.50062067e-09	
5.805559948e-09	4.968607865e-09	5.136103529e-09	0.9999999806	3.485232474e-09	
5.074559943e-09	4.968213435e-09	5.13569446e-09	0.9999999813	3.4849643e-09	
5.092871573e-09	4.968223882e-09	5.135705344e-09	0.9999999813	3.484971382e-09	
5.091903502e-09	5.018722251e-09	5.154617369e-09	0.9999999812	3.498878279e-09	
5.074572182e-09	4.968225359e-09	5.156935001e-09	0.9999999813	3.484972399e-09	
5.074572559e-09	4.968226203e-09	5.158359279e-09	0.9999999813	3.48497295e-09	
5.074613327e-09	5.01871216e-09	5.154607009e-09	0.9999999813	3.498871534e-09	
5.091860639e-09	4.968233926e-09	5.154573854e-09	0.9999999813	3.484978189e-09	
5.074559908e-09	4.968213426e-09	5.135694452e-09	0.9999999813	3.484964299e-09	
5.092883199e-09	4.968235115e-09	5.15569011e-09	0.9999999813	3.484979005e-09	
3.151202056e-05	7.109460993e-09	7.419169502e-09	0.9999684685	4.986932725e-09	
5.074571427e-09	4.96822468e-09	5.155679133e-09	0.9999999813	3.484971926e-09	
5.074572182e-09	4.968225394e-09	5.156934987e-09	0.9999999813	3.484972406e-09	
5.074607844e-09	5.025107907e-09	5.135743075e-09	0.9999999813	3.500612085e-09	
5.784685817e-09	4.968597417e-09	5.136092645e-09	0.9999999806	3.485225391e-09	
5.805559948e-09	4.968607865e-09	5.136103529e-09	0.9999999806	3.485232474e-09	
5.804456407e-09	5.019110137e-09	5.15501702e-09	0.9999999805	3.499140412e-09	
5.784699769e-09	4.968609343e-09	5.157334832e-09	0.9999999806	3.485233491e-09	
5.784746672e-09	5.019100046e-09	5.155006659e-09	0.9999999805	3.499133667e-09	
5.804407545e-09	4.96861791e-09	5.154973503e-09	0.9999999806	3.485239282e-09	
5.784685778e-09	4.968597409e-09	5.136092636e-09	0.9999999806	3.48522539e-09	
5.805573201e-09	4.968619099e-09	5.156089845e-09	0.9999999806	3.485240097e-09	
5.784698909e-09	4.968608663e-09	5.156078867e-09	0.9999999806	3.485233018e-09	
5.784699769e-09	4.968609377e-09	5.157334818e-09	0.9999999806	3.485233498e-09	
5.784740421e-09	5.025496287e-09	5.136141264e-09	0.9999999806	3.500874348e-09	
5.074559943e-09	4.968213435e-09	5.13569446e-09	0.9999999813	3.4849643e-09	
5.073595353e-09	5.018711697e-09	5.154606445e-09	0.9999999813	3.498871169e-09	
5.056326348e-09	4.968214912e-09	5.156924072e-09	0.9999999813	3.484965318e-09	
5.056326724e-09	4.968215755e-09	5.158348347e-09	0.9999999813	3.484965868e-09	
5.056367345e-09	5.018701607e-09	5.154596085e-09	0.9999999813	3.498864424e-09	
5.073552644e-09	4.968223478e-09	5.154562931e-09	0.9999999813	3.484971108e-09	
5.056314119e-09	4.968202979e-09	5.135683568e-09	0.9999999814	3.484957217e-09	
5.074571527e-09	4.968224667e-09	5.155679184e-09	0.9999999813	3.484971924e-09	
5.056325596e-09	4.968214232e-09	5.155668207e-09	0.9999999813	3.484964844e-09	
5.056326348e-09	4.968214946e-09	5.156924058e-09	0.9999999813	3.484965324e-09	
5.056361882e-09	5.02509734e-09	5.135732192e-09	0.9999999813	3.500604971e-09	
5.091903502e-09	5.018722251e-09	5.154617369e-09	0.9999999812	3.498878279e-09	
5.074572182e-09	4.968225359e-09	5.156935001e-09	0.9999999813	3.484972399e-09	
5.074572559e-09	4.968226203e-09	5.158359279e-09	0.9999999813	3.48497295e-09	
5.074613327e-09	5.01871216e-09	5.154607009e-09	0.9999999813	3.498871534e-09	
5.091860639e-09	4.968233926e-09	5.154573854e-09	0.9999999813	3.484978189e-09	
5.074559908e-09	4.968213426e-09	5.135694452e-09	0.9999999813	3.484964299e-09	
5.092883199e-09	4.968235115e-09	5.15569011e-09	0.9999999813	3.484979005e-09	
3.151202056e-05	7.109460993e-09	7.419169502e-09	0.9999684685	4.986932725e-09	
5.074571427e-09	4.96822468e-09	5.155679133e-09	0.9999999813	3.484971926e-09	
5.074572182e-09	4.968225394e-09	5.156934987e-09	0.9999999813	3.484972406e-09	
5.074607844e-09	5.025107907e-09	5.135743075e-09	0.9999999813	3.500612085e-09	
7.43441189e-09	7.313050976e-09	3.39712774e-05	0.9999660089	5.098390539e-09	
7.409107258e-09	7.239469121e-09	3.398655113e-05	0.9999659937	5.07812751e-09	
7.409107738e-09	7.239470282e-09	3.399593745e-05	0.9999659843	5.078128265e-09	
7.409167444e-09	7.313036274e-09	3.397120912e-05	0.999966009	5.098380711e-09	
7.43434931e-09	7.239481717e-09	3.397099063e-05	0.9999660093	5.078136026e-09	
7.435842239e-09	7.239483395e-09	3.397834701e-05	0.9999660019	5.078137177e-09	
4.600763707e-05	1.035927444e-08	4.889426946e-05	0.9999050805	7.266495323e-09	
7.409106217e-09	7.239468191e-09	3.397827467e-05	0.999966002	5.078126862e-09	
7.409107258e-09	7.239469171e-09	3.398655104e-05	0.9999659937	5.07812752e-09	
5.07360759e-09	5.018723743e-09	5.175925203e-09	0.9999999812	3.4988793e-09	
5.073607967e-09	5.018724595e-09	5.177354726e-09	0.9999999812	3.498879853e-09	
5.073648727e-09	5.069723705e-09	5.173588638e-09	0.9999999812	3.512833899e-09	
5.09089276e-09	5.018732396e-09	5.173555362e-09	0.9999999812	3.498885113e-09	
5.073595319e-09	5.018711688e-09	5.154606437e-09	0.9999999813	3.498871167e-09	
3.150603083e-05	7.181723516e-09	7.446490335e-09	0.9999684743	5.006833279e-09	
5.073606835e-09	5.018723056e-09	5.174664711e-09	0.9999999812	3.498878825e-09	
5.07360759e-09	5.018723777e-09	5.175925189e-09	0.9999999812	3.498879307e-09	
5.073643245e-09	5.07618446e-09	5.154655239e-09	0.9999999812	3.514581396e-09	
5.056338919e-09	4.96822768e-09	5.179682582e-09	0.9999999813	3.484973968e-09	
5.056379541e-09	5.018713653e-09	5.1759148e-09	0.9999999813	3.498872555e-09	
5.073564881e-09	4.968235403e-09	5.175881509e-09	0.9999999813	3.484979207e-09	
5.056326314e-09	4.968214903e-09	5.156924064e-09	0.9999999813	3.484965316e-09	
5.074583766e-09	4.968236592e-09	5.177002379e-09	0.9999999813	3.484980023e-09	
5.056337792e-09	4.968226157e-09	5.176991357e-09	0.9999999813	3.484972943e-09	
5.056338544e-09	4.968226871e-09	5.178252402e-09	0.9999999813	3.484973423e-09	
5.056379916e-09	5.018714504e-09	5.17734432e-09	0.9999999812	3.498873108e-09	
5.073565257e-09	4.968236246e-09	5.17731102e-09	0.9999999813	3.484979758e-09	
5.056326689e-09	4.968215747e-09	5.158348339e-09	0.9999999813	3.484965867e-09	
5.074584143e-09	4.968237435e-09	5.1784322e-09	0.9999999813	3.484980573e-09	
5.056338167e-09	4.968227e-09	5.178421174e-09	0.9999999813	3.484973494e-09	
5.056374452e-09	5.025110254e-09	5.158397177e-09	0.9999999813	3.50061366e-09	
5.073606017e-09	5.018722306e-09	5.173544964e-09	0.9999999812	3.498878368e-09	
5.056367311e-09	5.018701598e-09	5.154596076e-09	0.9999999813	3.498864422e-09	
5.074624911e-09	5.018723507e-09	5.174665328e-09	0.9999999812	3.498879187e-09	
5.056378789e-09	5.018712966e-09	5.17465431e-09	0.9999999813	3.49887208e-09	
5.056379541e-09	5.018713687e-09	5.175914786e-09	0.9999999813	3.498872562e-09	
5.056415074e-09	5.076174254e-09	5.154644879e-09	0.9999999812	3.514574621e-09	
5.073552609e-09	4.96822347e-09	5.154562922e-09	0.9999999813	3.484971106e-09	
5.091872262e-09	4.968245158e-09	5.174632044e-09	0.9999999813	3.484985813e-09	
3.150576563e-05	7.109475409e-09	7.446427475e-09	0.9999684747	4.986942497e-09	
5.073564126e-09	4.968234723e-09	5.174621027e-09	0.9999999813	3.484978733e-09	
5.073564881e-09	4.968235437e-09	5.175881495e-09	0.9999999813	3.484979214e-09	
5.073600535e-09	5.025118066e-09	5.154611725e-09	0.9999999812	3.500618923e-09	
5.074571492e-09	4.968224659e-09	5.155679175e-09	0.9999999813	3.484971922e-09	
5.056325562e-09	4.968214224e-09	5.155668199e-09	0.9999999813	3.484964843e-09	
5.056326314e-09	4.968214938e-09	5.15692405e-09	0.9999999813	3.484965323e-09	
5.056361847e-09	5.025097332e-09	5.135732183e-09	0.9999999813	3.50060497e-09	
3.151209249e-05	7.109477065e-09	7.448039999e-09	0.9999684684	4.986943633e-09	
5.074583011e-09	4.968235912e-09	5.175741624e-09	0.9999999813	3.484979549e-09	
5.074583766e-09	4.968236626e-09	5.177002365e-09	0.9999999813	3.484980029e-09	
5.074619428e-09	5.025119268e-09	5.155727989e-09	0.9999999812	3.500619742e-09	
5.056337792e-09	4.968226191e-09	5.176991343e-09	0.9999999813	3.48497295e-09	
5.056373325e-09	5.025108714e-09	5.155717012e-09	0.9999999813	3.500612631e-09	
5.056374077e-09	5.025109436e-09	5.156972874e-09	0.9999999813	3.500613114e-09	
