4.616420481e-09	4.53597633e-09	0.9999999833	4.36537544e-09	3.181770164e-09	
4.616420481e-09	4.535976354e-09	0.9999999833	4.365375463e-09	3.181770168e-09	
4.616420481e-09	4.535976354e-09	0.9999999833	4.365375463e-09	3.181770168e-09	
4.616420481e-09	4.53597633e-09	0.9999999833	4.36537544e-09	3.181770164e-09	
4.61675249e-09	4.968574919e-09	0.9999999828	4.365686943e-09	3.276948241e-09	
4.616420481e-09	4.53597633e-09	0.9999999833	4.36537544e-09	3.181770164e-09	
4.616473899e-09	4.536028631e-09	0.9999999832	4.451558766e-09	3.181805529e-09	
4.616420481e-09	4.535976354e-09	0.9999999833	4.365375463e-09	3.181770168e-09	
4.616473899e-09	4.536028631e-09	0.9999999832	4.451558766e-09	3.181805529e-09	
4.616420481e-09	4.53597633e-09	0.9999999833	4.36537544e-09	3.181770164e-09	
4.616473899e-09	4.536028631e-09	0.9999999832	4.451558766e-09	3.181805529e-09	
4.616420481e-09	4.535976354e-09	0.9999999833	4.365375463e-09	3.181770168e-09	
4.616473899e-09	4.536028631e-09	0.9999999832	4.451558766e-09	3.181805529e-09	
1.498739508e-08	1.464424774e-08	0.9998587179	0.0001412421905	1.027220771e-08	
4.616367063e-09	4.535924054e-09	0.9999999834	4.280860667e-09	3.181734803e-09	
4.616367063e-09	4.535924054e-09	0.9999999834	4.280860667e-09	3.181734803e-09	
4.616367063e-09	4.535924029e-09	0.9999999834	4.280860645e-09	3.181734799e-09	
4.616699068e-09	4.96851763e-09	0.9999999829	4.281166117e-09	3.276911818e-09	
4.616367063e-09	4.535924029e-09	0.9999999834	4.280860645e-09	3.181734799e-09	
4.616420481e-09	4.53597633e-09	0.9999999833	4.36537544e-09	3.181770164e-09	
4.616367063e-09	4.535924054e-09	0.9999999834	4.280860667e-09	3.181734803e-09	
4.616420481e-09	4.53597633e-09	0.9999999833	4.36537544e-09	3.181770164e-09	
4.616367063e-09	4.535924029e-09	0.9999999834	4.280860645e-09	3.181734799e-09	
4.616420481e-09	4.53597633e-09	0.9999999833	4.36537544e-09	3.181770164e-09	
4.616367063e-09	4.535924054e-09	0.9999999834	4.280860667e-09	3.181734803e-09	
4.616420481e-09	4.53597633e-09	0.9999999833	4.36537544e-09	3.181770164e-09	
4.616367063e-09	4.535924078e-09	0.9999999834	4.28086069e-09	3.181734807e-09	
4.616367063e-09	4.535924054e-09	0.9999999834	4.280860667e-09	3.181734803e-09	
4.616699068e-09	4.968517657e-09	0.9999999829	4.28116614e-09	3.276911822e-09	
4.616367063e-09	4.535924054e-09	0.9999999834	4.280860667e-09	3.181734803e-09	
4.616420481e-09	4.535976354e-09	0.9999999833	4.365375463e-09	3.181770168e-09	
4.616367063e-09	4.535924078e-09	0.9999999834	4.28086069e-09	3.181734807e-09	
4.616420481e-09	4.535976354e-09	0.9999999833	4.365375463e-09	3.181770168e-09	
4.616367063e-09	4.535924054e-09	0.9999999834	4.280860667e-09	3.181734803e-09	
4.616420481e-09	4.535976354e-09	0.9999999833	4.365375463e-09	3.181770168e-09	
4.616420481e-09	4.535976354e-09	0.9999999833	4.365375463e-09	3.181770168e-09	
4.616367063e-09	4.535924054e-09	0.9999999834	4.280860667e-09	3.181734803e-09	
4.616699068e-09	4.968517657e-09	0.9999999829	4.28116614e-09	3.276911822e-09	
4.616367063e-09	4.535924054e-09	0.9999999834	4.280860667e-09	3.181734803e-09	
4.616420481e-09	4.535976354e-09	0.9999999833	4.365375463e-09	3.181770168e-09	
4.616420481e-09	4.535976354e-09	0.9999999833	4.365375463e-09	3.181770168e-09	
4.616367063e-09	4.535924054e-09	0.9999999834	4.280860667e-09	3.181734803e-09	
4.616420481e-09	4.535976354e-09	0.9999999833	4.365375463e-09	3.181770168e-09	
4.616367063e-09	4.535924078e-09	0.9999999834	4.28086069e-09	3.181734807e-09	
4.616420481e-09	4.535976354e-09	0.9999999833	4.365375463e-09	3.181770168e-09	
4.616699068e-09	4.96851763e-09	0.9999999829	4.281166117e-09	3.276911818e-09	
4.616367063e-09	4.535924029e-09	0.9999999834	4.280860645e-09	3.181734799e-09	
4.616420481e-09	4.53597633e-09	0.9999999833	4.36537544e-09	3.181770164e-09	
4.616367063e-09	4.535924054e-09	0.9999999834	4.280860667e-09	3.181734803e-09	
4.616420481e-09	4.53597633e-09	0.9999999833	4.36537544e-09	3.181770164e-09	
4.616367063e-09	4.535924029e-09	0.9999999834	4.280860645e-09	3.181734799e-09	
4.616420481e-09	4.53597633e-09	0.9999999833	4.36537544e-09	3.181770164e-09	
4.616367063e-09	4.535924054e-09	0.9999999834	4.280860667e-09	3.181734803e-09	
4.616420481e-09	4.53597633e-09	0.9999999833	4.36537544e-09	3.181770164e-09	
4.616699068e-09	4.96851763e-09	0.9999999829	4.281166117e-09	3.276911818e-09	
4.61675249e-09	4.968574919e-09	0.9999999828	4.365686943e-09	3.276948241e-09	
4.616699068e-09	4.968517657e-09	0.9999999829	4.28116614e-09	3.276911822e-09	
4.61675249e-09	4.968574919e-09	0.9999999828	4.365686943e-09	3.276948241e-09	
4.616699068e-09	4.96851763e-09	0.9999999829	4.281166117e-09	3.276911818e-09	
4.61675249e-09	4.968574919e-09	0.9999999828	4.365686943e-09	3.276948241e-09	
4.616699068e-09	4.968517657e-09	0.9999999829	4.28116614e-09	3.276911822e-09	
4.61675249e-09	4.968574919e-09	0.9999999828	4.365686943e-09	3.276948241e-09	
6.812495881e-08	0.0006666891429	0.9991201985	6.377834248e-08	0.0002129804052	
4.616420481e-09	4.53597633e-09	0.9999999833	4.36537544e-09	3.181770164e-09	
4.616367063e-09	4.535924054e-09	0.9999999834	4.280860667e-09	3.181734803e-09	
4.616420481e-09	4.53597633e-09	0.9999999833	4.36537544e-09	3.181770164e-09	
4.616367063e-09	4.535924029e-09	0.9999999834	4.280860645e-09	3.181734799e-09	
4.616420481e-09	4.53597633e-09	0.9999999833	4.36537544e-09	3.181770164e-09	
4.616367063e-09	4.535924054e-09	0.9999999834	4.280860667e-09	3.181734803e-09	
4.616420481e-09	4.53597633e-09	0.9999999833	4.36537544e-09	3.181770164e-09	
4.616420481e-09	4.535976354e-09	0.9999999833	4.365375463e-09	3.181770168e-09	
4.616473899e-09	4.536028631e-09	0.9999999832	4.451558766e-09	3.181805529e-09	
4.616420481e-09	4.53597633e-09	0.9999999833	4.36537544e-09	3.181770164e-09	
4.616473899e-09	4.536028631e-09	0.9999999832	4.451558766e-09	3.181805529e-09	
4.616420481e-09	4.535976354e-09	0.9999999833	4.365375463e-09	3.181770168e-09	
4.616473899e-09	4.536028631e-09	0.9999999832	4.451558766e-09	3.181805529e-09	
1.498739508e-08	1.464424774e-08	0.9998587179	0.0001412421905	1.027220771e-08	
4.616420481e-09	4.535976354e-09	0.9999999833	4.365375463e-09	3.181770168e-09	
4.616367063e-09	4.535924054e-09	0.9999999834	4.280860667e-09	3.181734803e-09	
4.616420481e-09	4.535976354e-09	0.9999999833	4.365375463e-09	3.181770168e-09	
4.616367063e-09	4.535924078e-09	0.9999999834	4.28086069e-09	3.181734807e-09	
4.616420481e-09	4.535976354e-09	0.9999999833	4.365375463e-09	3.181770168e-09	
4.616420481e-09	4.53597633e-09	0.9999999833	4.36537544e-09	3.181770164e-09	
4.616473899e-09	4.536028631e-09	0.9999999832	4.451558766e-09	3.181805529e-09	
4.616420481e-09	4.535976354e-09	0.9999999833	4.365375463e-09	3.181770168e-09	
4.616473899e-09	4.536028631e-09	0.9999999832	4.451558766e-09	3.181805529e-09	
1.498739508e-08	1.464424774e-08	0.9998587179	0.0001412421905	1.027220771e-08	
4.616420481e-09	4.53597633e-09	0.9999999833	4.36537544e-09	3.181770164e-09	
4.616367063e-09	4.535924054e-09	0.9999999834	4.280860667e-09	3.181734803e-09	
4.616420481e-09	4.53597633e-09	0.9999999833	4.36537544e-09	3.181770164e-09	
4.616420481e-09	4.535976354e-09	0.9999999833	4.365375463e-09	3.181770168e-09	
4.616473899e-09	4.536028631e-09	0.9999999832	4.451558766e-09	3.181805529e-09	
1.498739508e-08	1.464424774e-08	0.9998587179	0.0001412421905	1.027220771e-08	
4.616420481e-09	4.535976354e-09	0.9999999833	4.365375463e-09	3.181770168e-09	
1.498739508e-08	1.464424774e-08	0.9998587179	0.0001412421905	1.027220771e-08	
2.68103618e-08	0.0006348491204	2.737643645e-08	2.566368627e-08	0.999365071	
8.214350405e-09	0.9140627868	8.372449454e-09	7.699173666e-09	0.08593718894	
8.227333167e-09	0.9134285084	8.38570263e-09	7.711342199e-09	0.08657146732	
1.339123464e-08	0.880917014	1.365758386e-08	6.060644197e-05	0.1190223526	
2.681036181e-08	0.0006348497465	2.737643645e-08	2.566368627e-08	0.9993650704	
8.586816353e-09	0.8958677679	8.748821697e-09	8.125283984e-09	0.1041322066	
9.713252262e-09	0.9348098279	7.937671139e-09	7.302089625e-09	0.06519014719	
9.250951349e-09	0.8959339153	9.306248947e-06	8.753752546e-09	0.1040567604	
8.249871921e-09	0.912330249	8.408711129e-09	7.826114246e-09	0.0876697265	
8.052301431e-09	0.9219821464	8.205673909e-09	7.628735916e-09	0.07801782976	
8.391280842e-09	0.9054187803	8.554858893e-09	7.865007156e-09	0.0945811949	
2.425123431e-08	0.000553521507	2.476832515e-08	2.296725257e-08	0.9994464065	
2.411170932e-08	0.0005490872073	2.462588548e-08	2.283511475e-08	0.9994508412	
2.854633034e-08	0.0003851789228	2.917339865e-08	0.0001305427519	0.9994842206	
6.810213719e-09	3.30770573e-08	6.968165638e-09	6.586905177e-09	0.9999999466	
2.092352388e-08	0.0004477590934	2.136169465e-08	2.000532037e-08	0.9995521786	
3.779555886e-08	0.0007461003122	3.094943239e-08	2.870962832e-08	0.9992538022	
2.255764714e-08	0.0004481064835	2.273869576e-05	2.156780633e-08	0.9995291107	
2.387506258e-08	0.0005415608181	2.43842964e-08	2.288483594e-08	0.999458368	
2.618431565e-08	0.0006149524893	2.673738571e-08	2.506559929e-08	0.9993849695	
2.251071372e-08	0.0004982053141	2.299626698e-08	2.13188826e-08	0.9995017279	
1.778038835e-08	0.0003478666925	1.815922459e-08	1.70386682e-08	0.9996520803	
8.428174863e-09	0.9019486645	8.592162102e-09	7.815616925e-09	0.09805131065	
2.425123432e-08	0.0005535220529	2.476832515e-08	2.296725257e-08	0.999446406	
8.774065419e-09	0.8823591829	8.941426488e-09	8.214215229e-09	0.1176407911	
9.981349568e-09	0.925935366	8.158423603e-09	7.423874007e-09	0.07406460842	
9.452782936e-09	0.8824336691	9.511226095e-06	8.849656009e-09	0.1175568014	
8.259126185e-09	0.9115266984	8.418154322e-09	7.741506708e-09	0.08847327715	
8.586140801e-09	0.8930012214	8.755302412e-09	7.962101462e-09	0.1069987533	
9.283329786e-09	0.8535133932	9.463785851e-09	8.710693054e-09	0.1464865793	
2.411170932e-08	0.0005490877489	2.462588549e-08	2.283511475e-08	0.9994508407	
8.785683719e-09	0.881521239	8.95328833e-09	8.225092202e-09	0.118478735	
9.998083551e-09	0.9253815624	8.172121421e-09	7.436320325e-09	0.07461841203	
9.465306182e-09	0.8815962331	9.523850094e-06	8.861380227e-09	0.1183942247	
8.462359982e-09	0.8999986191	8.627070317e-09	7.942355265e-09	0.1000013559	
8.598248921e-09	0.8922298213	8.767670557e-09	7.973329572e-09	0.1077701534	
9.293458365e-09	0.8525043294	9.474134522e-09	8.720196864e-09	0.1474956431	
2.854633035e-08	0.0003851793027	2.917339866e-08	0.000130542752	0.9994842202	
1.411512698e-08	0.8391525257	1.439344255e-08	6.380831516e-05	0.1607836375	
1.520736283e-08	0.8392432708	1.531103944e-05	6.874607228e-05	0.1606726569	
1.369824504e-08	0.8632054602	1.397364339e-08	6.207975893e-05	0.1367324324	
1.344985573e-08	0.8775350925	1.371748059e-08	6.08746247e-05	0.1224040057	
1.475738134e-08	0.8020980055	1.505373867e-08	6.686294626e-05	0.1978351017	
1.529054552e-08	9.379568155e-05	1.562963038e-08	0.9998693404	3.683304277e-05	
1.534263469e-08	9.373960239e-05	1.562627285e-08	0.999869405	3.682445807e-05	
1.529053692e-08	9.373941395e-05	1.562624144e-08	0.9998694053	3.682438709e-05	
1.529051829e-08	9.385886053e-05	1.55690531e-08	0.9998692676	3.684270074e-05	
2.092352388e-08	0.000447759535	2.136169466e-08	2.000532037e-08	0.9995521782	
3.779555885e-08	0.000746101048	3.094943239e-08	2.870962832e-08	0.9992538015	
2.255764714e-08	0.0004481069255	2.273869577e-05	2.156780633e-08	0.9995291103	
2.387506258e-08	0.0005415613522	2.43842964e-08	2.288483595e-08	0.9994583675	
2.618431565e-08	0.0006149530958	2.673738571e-08	2.506559929e-08	0.9993849689	
2.251071372e-08	0.0004982058055	2.299626699e-08	2.131888261e-08	0.9995017274	
1.778038836e-08	0.0003478670357	1.815922459e-08	1.70386682e-08	0.99965208	
1.046271009e-08	0.9100065783	8.5486839e-09	7.856353237e-09	0.08999339488	
9.809551746e-09	0.8585794326	9.866521446e-06	9.271528764e-09	0.1414106818	
8.805849811e-09	0.8800713448	8.973877437e-09	8.343813153e-09	0.1199286291	
8.628553703e-09	0.8928576664	8.791416782e-09	8.165163444e-09	0.107142308	
8.93189077e-09	0.8709763921	9.104469183e-09	8.361969669e-09	0.1290235815	
9.570046229e-09	0.8249536163	9.752439005e-09	9.06563961e-09	0.1750463553	
2.091833384e-08	0.0002187875087	2.13451492e-08	1.958359905e-08	0.9997811506	
1.127180856e-08	0.9100636904	9.093258749e-06	8.463926998e-09	0.0899271966	
1.002713788e-08	0.9244223947	8.195904504e-09	7.548252159e-09	0.07557757951	
9.772744497e-09	0.9328410195	7.986352053e-09	7.347160679e-09	0.06715895542	
1.020967848e-08	0.9183789286	8.347075382e-09	7.593698803e-09	0.08162104528	
1.115569649e-08	0.8870723647	9.118154363e-09	8.395705992e-09	0.1129276066	
0.001418628689	0.9983848991	8.587795298e-08	7.835416809e-08	0.0001963079699	
9.487043009e-09	0.8801472151	9.545762113e-06	8.989295566e-09	0.1198432207	
9.295938733e-09	0.892925697	9.351580009e-06	8.796737315e-09	0.1070649333	
9.622902643e-09	0.8710576823	9.68474515e-06	9.008920845e-09	0.1289326143	
1.031080048e-08	0.8250603584	1.037438756e-05	9.767384676e-09	0.1749292472	
2.255205628e-08	0.0002189572971	2.272108832e-05	2.111315133e-08	0.9997582779	
8.294377373e-09	0.9097480802	8.45414106e-09	7.868705113e-09	0.09025189523	
9.311039269e-09	0.8507594556	9.492097738e-09	8.842502191e-09	0.1492405167	
8.434667144e-09	0.9026547658	8.59915971e-09	7.906045628e-09	0.09734520925	
9.156084832e-09	0.8661957594	9.332239036e-09	8.684011814e-09	0.1338042134	
1.777506956e-08	0.0001699686255	1.81442323e-08	1.667863291e-08	0.9998299788	
0.9999999829	4.614278942e-09	4.762501093e-09	4.447349739e-09	3.23172327e-09	
0.9999946493	5.337218004e-06	5.160507412e-09	4.71888694e-09	3.60550366e-09	
0.999999983	4.614484581e-09	4.762441691e-09	4.35461717e-09	3.231684649e-09	
0.999999983	4.614484581e-09	4.762441691e-09	4.35461717e-09	3.231684649e-09	
0.999999983	4.614791705e-09	4.762442056e-09	4.354890877e-09	3.231684891e-09	
0.999999983	4.614791705e-09	4.762442056e-09	4.354890877e-09	3.231684891e-09	
0.9999999829	4.614544533e-09	4.762503876e-09	4.451487026e-09	3.231725085e-09	
0.999999983	4.614791705e-09	4.762442056e-09	4.354890877e-09	3.231684891e-09	
0.999999983	4.610805515e-09	4.762439624e-09	4.354888675e-09	3.231683253e-09	
0.9999949464	5.000652072e-09	5.160648607e-09	5.039932905e-06	3.501887074e-09	
0.999999983	4.614484581e-09	4.762441691e-09	4.35461717e-09	3.231684649e-09	
0.999999983	4.614791705e-09	4.762442056e-09	4.354890877e-09	3.231684891e-09	
0.9999999829	4.614278942e-09	4.762501093e-09	4.447349739e-09	3.23172327e-09	
0.9999946494	5.336980157e-06	5.16057178e-09	4.819376719e-09	3.60554675e-09	
0.9999999829	4.614278942e-09	4.762501093e-09	4.447349739e-09	3.23172327e-09	
0.9999999829	4.614278942e-09	4.762501093e-09	4.447349739e-09	3.23172327e-09	
0.9999999829	4.614586052e-09	4.762501458e-09	4.447629276e-09	3.231723512e-09	
0.9999999829	4.614586052e-09	4.762501458e-09	4.447629276e-09	3.231723512e-09	
0.9999999828	4.614338891e-09	4.762563279e-09	4.546282462e-09	3.231763707e-09	
0.9999999829	4.614586052e-09	4.762501458e-09	4.447629276e-09	3.231723512e-09	
0.9999999829	4.61060004e-09	4.762499026e-09	4.447627027e-09	3.231721874e-09	
0.9999948391	5.000428687e-09	5.160712423e-09	5.147258878e-06	3.501928549e-09	
0.9999999829	4.614278942e-09	4.762501093e-09	4.447349739e-09	3.23172327e-09	
0.9999999829	4.614586052e-09	4.762501458e-09	4.447629276e-09	3.231723512e-09	
0.9999999828	4.614073311e-09	4.762560496e-09	4.54205707e-09	3.231761892e-09	
0.9998473585	1.551376358e-08	1.617760828e-08	0.0001525989066	1.087407574e-08	
0.9999946493	5.337218004e-06	5.160507412e-09	4.71888694e-09	3.60550366e-09	
0.9999946493	5.337218004e-06	5.160507412e-09	4.71888694e-09	3.60550366e-09	
0.9999946489	5.337573229e-06	5.160507806e-09	4.719183542e-09	3.605503929e-09	
0.9999946489	5.337573229e-06	5.160507806e-09	4.719183542e-09	3.605503929e-09	
0.9999946491	5.337287345e-06	5.160574794e-09	4.823860094e-09	3.605548773e-09	
0.9999946489	5.337573229e-06	5.160507806e-09	4.719183542e-09	3.605503929e-09	
0.9999887451	5.783863104e-06	5.591993354e-09	5.46152555e-06	3.90695785e-09	
0.9999946493	5.337218004e-06	5.160507412e-09	4.71888694e-09	3.60550366e-09	
0.9999946489	5.337573229e-06	5.160507806e-09	4.719183542e-09	3.605503929e-09	
0.9999946494	5.336980157e-06	5.16057178e-09	4.819376719e-09	3.60554675e-09	
0.999999983	4.614484581e-09	4.762441691e-09	4.35461717e-09	3.231684649e-09	
0.999999983	4.614791705e-09	4.762442056e-09	4.354890877e-09	3.231684891e-09	
0.999999983	4.614791705e-09	4.762442056e-09	4.354890877e-09	3.231684891e-09	
0.9999999829	4.614544533e-09	4.762503876e-09	4.451487026e-09	3.231725085e-09	
0.999999983	4.614791705e-09	4.762442056e-09	4.354890877e-09	3.231684891e-09	
0.999999983	4.610805515e-09	4.762439624e-09	4.354888675e-09	3.231683253e-09	
0.9999949464	5.000652072e-09	5.160648607e-09	5.039932905e-06	3.501887074e-09	
0.999999983	4.614484581e-09	4.762441691e-09	4.35461717e-09	3.231684649e-09	
0.999999983	4.614791705e-09	4.762442056e-09	4.354890877e-09	3.231684891e-09	
0.9999999829	4.614278942e-09	4.762501093e-09	4.447349739e-09	3.23172327e-09	
0.999999983	4.614791705e-09	4.762442056e-09	4.354890877e-09	3.231684891e-09	
0.999999983	4.614791705e-09	4.762442056e-09	4.354890877e-09	3.231684891e-09	
0.9999999829	4.614544533e-09	4.762503876e-09	4.451487026e-09	3.231725085e-09	
0.999999983	4.614791705e-09	4.762442056e-09	4.354890877e-09	3.231684891e-09	
0.999999983	4.610805515e-09	4.762439624e-09	4.354888675e-09	3.231683253e-09	
0.9999949464	5.000652072e-09	5.160648607e-09	5.039932905e-06	3.501887074e-09	
0.999999983	4.614484581e-09	4.762441691e-09	4.35461717e-09	3.231684649e-09	
0.999999983	4.614791705e-09	4.762442056e-09	4.354890877e-09	3.231684891e-09	
0.9999999829	4.614278942e-09	4.762501093e-09	4.447349739e-09	3.23172327e-09	
0.999999983	4.61509885e-09	4.762442422e-09	4.355164602e-09	3.231685133e-09	
0.9999999829	4.614851661e-09	4.762504241e-09	4.451766823e-09	3.231725327e-09	
0.999999983	4.61509885e-09	4.762442422e-09	4.355164602e-09	3.231685133e-09	
0.999999983	4.611112395e-09	4.762439989e-09	4.3551624e-09	3.231683495e-09	
0.9999949461	5.000984896e-09	5.160649002e-09	5.040249687e-06	3.501887335e-09	
0.999999983	4.614791705e-09	4.762442056e-09	4.354890877e-09	3.231684891e-09	
0.9999999829	4.614586052e-09	4.762501458e-09	4.447629276e-09	3.231723512e-09	
0.9999999829	4.614851661e-09	4.762504241e-09	4.451766823e-09	3.231725327e-09	
0.999999983	4.611112395e-09	4.762439989e-09	4.3551624e-09	3.231683495e-09	
0.9999949461	5.000984896e-09	5.160649002e-09	5.040249687e-06	3.501887335e-09	
0.999999983	4.614791705e-09	4.762442056e-09	4.354890877e-09	3.231684891e-09	
0.999999983	4.61509885e-09	4.762442422e-09	4.355164602e-09	3.231685133e-09	
0.9999999829	4.614586052e-09	4.762501458e-09	4.447629276e-09	3.231723512e-09	
0.9999999829	4.614851661e-09	4.762504241e-09	4.451766823e-09	3.231725327e-09	
0.9999999829	4.61086542e-09	4.762501809e-09	4.451764572e-09	3.231723689e-09	
0.9999999829	4.614544533e-09	4.762503876e-09	4.451487026e-09	3.231725085e-09	
0.9999999829	4.614851661e-09	4.762504241e-09	4.451766823e-09	3.231725327e-09	
0.9999999828	4.614338891e-09	4.762563279e-09	4.546282462e-09	3.231763707e-09	
0.9998472166	1.551465432e-08	1.617761543e-08	0.0001527408448	1.08740803e-08	
0.999999983	4.611112395e-09	4.762439989e-09	4.3551624e-09	3.231683495e-09	
0.9999949461	5.000984896e-09	5.160649002e-09	5.040249687e-06	3.501887335e-09	
0.999999983	4.614791705e-09	4.762442056e-09	4.354890877e-09	3.231684891e-09	
0.999999983	4.61509885e-09	4.762442422e-09	4.355164602e-09	3.231685133e-09	
0.9999999829	4.614586052e-09	4.762501458e-09	4.447629276e-09	3.231723512e-09	
0.9999949461	4.996665118e-09	5.160646366e-09	5.040247138e-06	3.50188556e-09	
0.999999983	4.610805515e-09	4.762439624e-09	4.354888675e-09	3.231683253e-09	
0.999999983	4.611112395e-09	4.762439989e-09	4.3551624e-09	3.231683495e-09	
0.9999999829	4.61060004e-09	4.762499026e-09	4.447627027e-09	3.231721874e-09	
0.9999949464	5.000652072e-09	5.160648607e-09	5.039932905e-06	3.501887074e-09	
0.9999949461	5.000984896e-09	5.160649002e-09	5.040249687e-06	3.501887335e-09	
0.9999948391	5.000428687e-09	5.160712423e-09	5.147258878e-06	3.501928549e-09	
0.001064016535	6.787143125e-08	7.009886554e-08	0.9989357979	4.756719759e-08	
0.999999983	4.614791705e-09	4.762442056e-09	4.354890877e-09	3.231684891e-09	
0.9999999829	4.614278942e-09	4.762501093e-09	4.447349739e-09	3.23172327e-09	
0.9999999829	4.614586052e-09	4.762501458e-09	4.447629276e-09	3.231723512e-09	
0.9998473585	1.551376358e-08	1.617760828e-08	0.0001525989066	1.087407574e-08	
6.803025859e-09	6.684478173e-09	6.909815489e-09	6.308593663e-09	0.9999999733	
6.803025859e-09	6.684478173e-09	6.909815489e-09	6.308593663e-09	0.9999999733	
6.803025859e-09	6.684478173e-09	6.909815489e-09	6.308593663e-09	0.9999999733	
6.803025859e-09	6.684478173e-09	6.909815489e-09	6.308593663e-09	0.9999999733	
6.803025859e-09	6.684478173e-09	6.909815489e-09	6.308593663e-09	0.9999999733	
6.803025859e-09	6.684477635e-09	6.909815467e-09	6.308593662e-09	0.9999999733	
6.803025859e-09	6.684478173e-09	6.909815489e-09	6.308593663e-09	0.9999999733	
6.803025859e-09	6.684477635e-09	6.909815467e-09	6.308593662e-09	0.9999999733	
6.803025859e-09	6.684477635e-09	6.909815467e-09	6.308593662e-09	0.9999999733	
6.803025859e-09	6.684478173e-09	6.909815489e-09	6.308593663e-09	0.9999999733	
6.803025859e-09	6.684478173e-09	6.909815489e-09	6.308593663e-09	0.9999999733	
6.803025859e-09	6.684478173e-09	6.909815489e-09	6.308593663e-09	0.9999999733	
6.803025859e-09	6.684478173e-09	6.909815489e-09	6.308593663e-09	0.9999999733	
6.803372077e-09	7.263996278e-09	6.931966909e-09	6.308912626e-09	0.9999999727	
6.803025859e-09	6.684478173e-09	6.909815489e-09	6.308593663e-09	0.9999999733	
6.803025859e-09	6.684478173e-09	6.909815489e-09	6.308593663e-09	0.9999999733	
6.803025859e-09	6.684478173e-09	6.909815489e-09	6.308593663e-09	0.9999999733	
6.803025859e-09	6.684478173e-09	6.909815489e-09	6.308593663e-09	0.9999999733	
6.803025859e-09	6.684477635e-09	6.909815467e-09	6.308593662e-09	0.9999999733	
6.803025859e-09	6.684478173e-09	6.909815489e-09	6.308593663e-09	0.9999999733	
6.803025859e-09	6.684477635e-09	6.909815467e-09	6.308593662e-09	0.9999999733	
6.803025859e-09	6.684477635e-09	6.909815467e-09	6.308593662e-09	0.9999999733	
6.803025859e-09	6.684478173e-09	6.909815489e-09	6.308593663e-09	0.9999999733	
6.803025859e-09	6.684478173e-09	6.909815489e-09	6.308593663e-09	0.9999999733	
6.803025859e-09	6.684478173e-09	6.909815489e-09	6.308593663e-09	0.9999999733	
6.803025859e-09	6.684478173e-09	6.909815489e-09	6.308593663e-09	0.9999999733	
6.803372077e-09	7.263996278e-09	6.931966909e-09	6.308912626e-09	0.9999999727	
6.803025859e-09	6.684478173e-09	6.909815489e-09	6.308593663e-09	0.9999999733	
6.803025859e-09	6.684478173e-09	6.909815489e-09	6.308593663e-09	0.9999999733	
6.803025859e-09	6.684478173e-09	6.909815489e-09	6.308593663e-09	0.9999999733	
6.803025859e-09	6.684477635e-09	6.909815467e-09	6.308593662e-09	0.9999999733	
6.803025859e-09	6.684478173e-09	6.909815489e-09	6.308593663e-09	0.9999999733	
6.803025859e-09	6.684477635e-09	6.909815467e-09	6.308593662e-09	0.9999999733	
6.803025859e-09	6.684477635e-09	6.909815467e-09	6.308593662e-09	0.9999999733	
6.803025859e-09	6.684478173e-09	6.909815489e-09	6.308593663e-09	0.9999999733	
6.803025859e-09	6.684478173e-09	6.909815489e-09	6.308593663e-09	0.9999999733	
6.803025859e-09	6.684478173e-09	6.909815489e-09	6.308593663e-09	0.9999999733	
6.803025859e-09	6.684478173e-09	6.909815489e-09	6.308593663e-09	0.9999999733	
6.803372077e-09	7.263996278e-09	6.931966909e-09	6.308912626e-09	0.9999999727	
6.803025859e-09	6.684478173e-09	6.909815489e-09	6.308593663e-09	0.9999999733	
6.803025859e-09	6.684478173e-09	6.909815489e-09	6.308593663e-09	0.9999999733	
6.803025859e-09	6.684477635e-09	6.909815467e-09	6.308593662e-09	0.9999999733	
6.803025859e-09	6.684478173e-09	6.909815489e-09	6.308593663e-09	0.9999999733	
6.803025859e-09	6.684477635e-09	6.909815467e-09	6.308593662e-09	0.9999999733	
6.803025859e-09	6.684477635e-09	6.909815467e-09	6.308593662e-09	0.9999999733	
6.803025859e-09	6.684478173e-09	6.909815489e-09	6.308593663e-09	0.9999999733	
6.803025859e-09	6.684478173e-09	6.909815489e-09	6.308593663e-09	0.9999999733	
6.803025859e-09	6.684478173e-09	6.909815489e-09	6.308593663e-09	0.9999999733	
6.803025859e-09	6.684478173e-09	6.909815489e-09	6.308593663e-09	0.9999999733	
6.803372077e-09	7.263996278e-09	6.931966909e-09	6.308912626e-09	0.9999999727	
6.803025859e-09	6.684478173e-09	6.909815489e-09	6.308593663e-09	0.9999999733	
6.803025859e-09	6.684477635e-09	6.909815467e-09	6.308593662e-09	0.9999999733	
6.803025859e-09	6.684478173e-09	6.909815489e-09	6.308593663e-09	0.9999999733	
6.803025859e-09	6.684477635e-09	6.909815467e-09	6.308593662e-09	0.9999999733	
6.803025859e-09	6.684477635e-09	6.909815467e-09	6.308593662e-09	0.9999999733	
6.803025859e-09	6.684478173e-09	6.909815489e-09	6.308593663e-09	0.9999999733	
6.803025859e-09	6.684478173e-09	6.909815489e-09	6.308593663e-09	0.9999999733	
6.803025859e-09	6.684478173e-09	6.909815489e-09	6.308593663e-09	0.9999999733	
6.803025859e-09	6.684478173e-09	6.909815489e-09	6.308593663e-09	0.9999999733	
6.803372077e-09	7.263996278e-09	6.931966909e-09	6.308912626e-09	0.9999999727	
6.803025859e-09	6.684477635e-09	6.909815467e-09	6.308593662e-09	0.9999999733	
6.803025859e-09	6.684478173e-09	6.909815489e-09	6.308593663e-09	0.9999999733	
6.803025859e-09	6.684477635e-09	6.909815467e-09	6.308593662e-09	0.9999999733	
6.803025859e-09	6.684477635e-09	6.909815467e-09	6.308593662e-09	0.9999999733	
6.803025859e-09	6.684478173e-09	6.909815489e-09	6.308593663e-09	0.9999999733	
6.803025859e-09	6.684478173e-09	6.909815489e-09	6.308593663e-09	0.9999999733	
6.803025859e-09	6.684478173e-09	6.909815489e-09	6.308593663e-09	0.9999999733	
6.803025859e-09	6.684478173e-09	6.909815489e-09	6.308593663e-09	0.9999999733	
6.803372077e-09	7.263996278e-09	6.931966909e-09	6.308912626e-09	0.9999999727	
6.803025859e-09	6.684477635e-09	6.909815467e-09	6.308593662e-09	0.9999999733	
6.803025858e-09	6.684477097e-09	6.909815446e-09	6.308593661e-09	0.9999999733	
6.803025858e-09	6.684477097e-09	6.909815446e-09	6.308593661e-09	0.9999999733	
6.803025859e-09	6.684477635e-09	6.909815467e-09	6.308593662e-09	0.9999999733	
6.803025859e-09	6.684477635e-09	6.909815467e-09	6.308593662e-09	0.9999999733	
6.803025859e-09	6.684477635e-09	6.909815467e-09	6.308593662e-09	0.9999999733	
6.803025859e-09	6.684477635e-09	6.909815467e-09	6.308593662e-09	0.9999999733	
6.803025859e-09	6.684477635e-09	6.909815467e-09	6.308593662e-09	0.9999999733	
6.803025859e-09	6.684477635e-09	6.909815467e-09	6.308593662e-09	0.9999999733	
6.803025859e-09	6.684478173e-09	6.909815489e-09	6.308593663e-09	0.9999999733	
6.803025859e-09	6.684478173e-09	6.909815489e-09	6.308593663e-09	0.9999999733	
6.803025859e-09	6.684478173e-09	6.909815489e-09	6.308593663e-09	0.9999999733	
6.803025859e-09	6.684478173e-09	6.909815489e-09	6.308593663e-09	0.9999999733	
6.803372077e-09	7.263996278e-09	6.931966909e-09	6.308912626e-09	0.9999999727	
6.803025858e-09	6.684477097e-09	6.909815446e-09	6.308593661e-09	0.9999999733	
6.803025859e-09	6.684477635e-09	6.909815467e-09	6.308593662e-09	0.9999999733	
6.803025859e-09	6.684477635e-09	6.909815467e-09	6.308593662e-09	0.9999999733	
6.803025859e-09	6.684477635e-09	6.909815467e-09	6.308593662e-09	0.9999999733	
6.803025859e-09	6.684477635e-09	6.909815467e-09	6.308593662e-09	0.9999999733	
6.803025859e-09	6.684477635e-09	6.909815467e-09	6.308593662e-09	0.9999999733	
6.803025859e-09	6.684477635e-09	6.909815467e-09	6.308593662e-09	0.9999999733	
6.803025859e-09	6.684477635e-09	6.909815467e-09	6.308593662e-09	0.9999999733	
6.803025859e-09	6.684477635e-09	6.909815467e-09	6.308593662e-09	0.9999999733	
6.803025859e-09	6.684478173e-09	6.909815489e-09	6.308593663e-09	0.9999999733	
6.803025859e-09	6.684478173e-09	6.909815489e-09	6.308593663e-09	0.9999999733	
6.803025859e-09	6.684478173e-09	6.909815489e-09	6.308593663e-09	0.9999999733	
6.803372077e-09	7.263996278e-09	6.931966909e-09	6.308912626e-09	0.9999999727	
6.803025859e-09	6.684478173e-09	6.909815489e-09	6.308593663e-09	0.9999999733	
6.803025859e-09	6.684478173e-09	6.909815489e-09	6.308593663e-09	0.9999999733	
6.803372077e-09	7.263996278e-09	6.931966909e-09	6.308912626e-09	0.9999999727	
6.803025859e-09	6.684478173e-09	6.909815489e-09	6.308593663e-09	0.9999999733	
6.803372077e-09	7.263996278e-09	6.931966909e-09	6.308912626e-09	0.9999999727	
6.803372077e-09	7.263996278e-09	6.931966909e-09	6.308912626e-09	0.9999999727	
5.056370517e-09	5.021714571e-09	5.155714321e-09	0.9999999813	3.499686381e-09	
5.07461651e-09	5.021725131e-09	5.155725247e-09	0.9999999812	3.499693492e-09	
5.784750301e-09	5.022113249e-09	5.156124984e-09	0.9999999805	3.499955687e-09	
5.056370517e-09	5.021714571e-09	5.155714321e-09	0.9999999813	3.499686381e-09	
5.07461651e-09	5.021725131e-09	5.155725247e-09	0.9999999812	3.499693492e-09	
7.409172037e-09	7.317426582e-09	3.397857857e-05	0.9999660016	5.099578391e-09	
5.073651909e-09	5.072767244e-09	5.174710994e-09	0.9999999812	3.513659162e-09	
5.056382712e-09	5.021726624e-09	5.177037661e-09	0.9999999812	3.499694514e-09	
5.056383088e-09	5.021727476e-09	5.178467491e-09	0.9999999812	3.499695067e-09	
5.05642371e-09	5.072757045e-09	5.174700594e-09	0.9999999812	3.513652388e-09	
5.0736092e-09	5.021735283e-09	5.17466731e-09	0.9999999812	3.499700328e-09	
5.056370483e-09	5.021714562e-09	5.155714312e-09	0.9999999813	3.499686379e-09	
5.074628094e-09	5.021736484e-09	5.175787917e-09	0.9999999812	3.499701148e-09	
5.05638196e-09	5.021725937e-09	5.175776898e-09	0.9999999812	3.499694038e-09	
5.056382712e-09	5.021726659e-09	5.177037647e-09	0.9999999812	3.499694521e-09	
5.056418246e-09	5.079221659e-09	5.155763126e-09	0.9999999812	3.515400296e-09	
5.075717985e-09	4.968226221e-09	5.156935742e-09	0.9999999813	3.484972137e-09	
5.074559943e-09	4.968213623e-09	5.13569446e-09	0.9999999813	3.48496359e-09	
5.784685817e-09	4.968597605e-09	5.136092645e-09	0.9999999806	3.485224681e-09	
5.074559943e-09	4.968213623e-09	5.13569446e-09	0.9999999813	3.48496359e-09	
5.073595353e-09	5.018711831e-09	5.154606445e-09	0.9999999813	3.49887048e-09	
5.056326348e-09	4.9682151e-09	5.156924072e-09	0.9999999813	3.484964608e-09	
5.056326724e-09	4.968215943e-09	5.158348347e-09	0.9999999813	3.484965159e-09	
5.056367345e-09	5.018701741e-09	5.154596085e-09	0.9999999813	3.498863735e-09	
5.073552644e-09	4.968223666e-09	5.154562931e-09	0.9999999813	3.484970398e-09	
5.056314119e-09	4.968203167e-09	5.135683568e-09	0.9999999814	3.484956507e-09	
5.074571527e-09	4.968224855e-09	5.155679184e-09	0.9999999813	3.484971214e-09	
5.056325596e-09	4.96821442e-09	5.155668207e-09	0.9999999813	3.484964134e-09	
5.056326348e-09	4.968215134e-09	5.156924058e-09	0.9999999813	3.484964615e-09	
5.056361882e-09	5.025097468e-09	5.135732192e-09	0.9999999813	3.500604286e-09	
5.094033794e-09	4.968236668e-09	5.156946671e-09	0.9999999813	3.484979219e-09	
5.075717985e-09	4.968226221e-09	5.156935742e-09	0.9999999813	3.484972137e-09	
5.094033794e-09	4.968236668e-09	5.156946671e-09	0.9999999813	3.484979219e-09	
7.4375221e-09	7.2394856e-09	3.398662804e-05	0.9999659936	5.078137447e-09	
5.093065503e-09	5.018735111e-09	5.175936916e-09	0.9999999812	3.498886171e-09	
5.075730227e-09	4.968238146e-09	5.178264134e-09	0.9999999813	3.484980236e-09	
5.075730604e-09	4.968238989e-09	5.179694303e-09	0.9999999813	3.484980787e-09	
5.075771382e-09	5.018725021e-09	5.175926513e-09	0.9999999812	3.498879426e-09	
5.093022629e-09	4.968246712e-09	5.175893222e-09	0.9999999813	3.484986026e-09	
5.075717951e-09	4.968226213e-09	5.156935734e-09	0.9999999813	3.484972136e-09	
5.094045423e-09	4.968247901e-09	5.177014094e-09	0.9999999813	3.484986842e-09	
3.151921155e-05	7.109479238e-09	7.449855206e-09	0.9999684612	4.986943904e-09	
5.075729472e-09	4.968237466e-09	5.177003072e-09	0.9999999813	3.484979763e-09	
5.075730227e-09	4.96823818e-09	5.17826412e-09	0.9999999813	3.484980243e-09	
5.075765897e-09	5.025120777e-09	5.156984559e-09	0.9999999812	3.500619984e-09	
5.805559948e-09	4.968608053e-09	5.136103529e-09	0.9999999806	3.485231764e-09	
5.074559943e-09	4.968213623e-09	5.13569446e-09	0.9999999813	3.48496359e-09	
5.092871573e-09	4.96822407e-09	5.135705344e-09	0.9999999813	3.484970672e-09	
5.091903502e-09	5.018722385e-09	5.154617369e-09	0.9999999812	3.49887759e-09	
5.074572182e-09	4.968225547e-09	5.156935001e-09	0.9999999813	3.48497169e-09	
5.074572559e-09	4.968226391e-09	5.158359279e-09	0.9999999813	3.48497224e-09	
5.074613327e-09	5.018712295e-09	5.154607009e-09	0.9999999813	3.498870845e-09	
5.091860639e-09	4.968234114e-09	5.154573854e-09	0.9999999813	3.48497748e-09	
5.074559908e-09	4.968213614e-09	5.135694452e-09	0.9999999813	3.484963589e-09	
5.092883199e-09	4.968235302e-09	5.15569011e-09	0.9999999813	3.484978295e-09	
3.151202056e-05	7.109461261e-09	7.419169502e-09	0.9999684685	4.986931709e-09	
5.074571427e-09	4.968224868e-09	5.155679133e-09	0.9999999813	3.484971216e-09	
5.074572182e-09	4.968225582e-09	5.156934987e-09	0.9999999813	3.484971696e-09	
5.074607844e-09	5.025108035e-09	5.135743075e-09	0.9999999813	3.500611399e-09	
5.784685817e-09	4.968597605e-09	5.136092645e-09	0.9999999806	3.485224681e-09	
5.805559948e-09	4.968608053e-09	5.136103529e-09	0.9999999806	3.485231764e-09	
5.804456407e-09	5.019110271e-09	5.15501702e-09	0.9999999805	3.499139723e-09	
5.784699769e-09	4.968609531e-09	5.157334832e-09	0.9999999806	3.485232781e-09	
5.784746672e-09	5.01910018e-09	5.155006659e-09	0.9999999805	3.499132978e-09	
5.804407545e-09	4.968618098e-09	5.154973503e-09	0.9999999806	3.485238572e-09	
5.784685778e-09	4.968597597e-09	5.136092636e-09	0.9999999806	3.48522468e-09	
5.805573201e-09	4.968619287e-09	5.156089845e-09	0.9999999806	3.485239388e-09	
5.784698909e-09	4.968608851e-09	5.156078867e-09	0.9999999806	3.485232308e-09	
5.784699769e-09	4.968609565e-09	5.157334818e-09	0.9999999806	3.485232788e-09	
5.784740421e-09	5.025496414e-09	5.136141264e-09	0.9999999806	3.500873662e-09	
5.074559943e-09	4.968213623e-09	5.13569446e-09	0.9999999813	3.48496359e-09	
5.073595353e-09	5.018711831e-09	5.154606445e-09	0.9999999813	3.49887048e-09	
5.056326348e-09	4.9682151e-09	5.156924072e-09	0.9999999813	3.484964608e-09	
5.056326724e-09	4.968215943e-09	5.158348347e-09	0.9999999813	3.484965159e-09	
5.056367345e-09	5.018701741e-09	5.154596085e-09	0.9999999813	3.498863735e-09	
5.073552644e-09	4.968223666e-09	5.154562931e-09	0.9999999813	3.484970398e-09	
5.056314119e-09	4.968203167e-09	5.135683568e-09	0.9999999814	3.484956507e-09	
5.074571527e-09	4.968224855e-09	5.155679184e-09	0.9999999813	3.484971214e-09	
5.056325596e-09	4.96821442e-09	5.155668207e-09	0.9999999813	3.484964134e-09	
5.056326348e-09	4.968215134e-09	5.156924058e-09	0.9999999813	3.484964615e-09	
5.056361882e-09	5.025097468e-09	5.135732192e-09	0.9999999813	3.500604286e-09	
5.091903502e-09	5.018722385e-09	5.154617369e-09	0.9999999812	3.49887759e-09	
5.074572182e-09	4.968225547e-09	5.156935001e-09	0.9999999813	3.48497169e-09	
5.074572559e-09	4.968226391e-09	5.158359279e-09	0.9999999813	3.48497224e-09	
5.074613327e-09	5.018712295e-09	5.154607009e-09	0.9999999813	3.498870845e-09	
5.091860639e-09	4.968234114e-09	5.154573854e-09	0.9999999813	3.48497748e-09	
5.074559908e-09	4.968213614e-09	5.135694452e-09	0.9999999813	3.484963589e-09	
5.092883199e-09	4.968235302e-09	5.15569011e-09	0.9999999813	3.484978295e-09	
3.151202056e-05	7.109461261e-09	7.419169502e-09	0.9999684685	4.986931709e-09	
5.074571427e-09	4.968224868e-09	5.155679133e-09	0.9999999813	3.484971216e-09	
5.074572182e-09	4.968225582e-09	5.156934987e-09	0.9999999813	3.484971696e-09	
5.074607844e-09	5.025108035e-09	5.135743075e-09	0.9999999813	3.500611399e-09	
7.43441189e-09	7.313051172e-09	3.39712774e-05	0.9999660089	5.098389536e-09	
7.409107257e-09	7.239469395e-09	3.398655113e-05	0.9999659937	5.078126476e-09	
7.409107738e-09	7.239470556e-09	3.399593745e-05	0.9999659843	5.07812723e-09	
7.409167444e-09	7.31303647e-09	3.397120912e-05	0.999966009	5.098379708e-09	
7.43434931e-09	7.23948199e-09	3.397099063e-05	0.9999660093	5.078134992e-09	
7.435842239e-09	7.239483669e-09	3.397834701e-05	0.9999660019	5.078136143e-09	
4.600763707e-05	1.035927483e-08	4.889426946e-05	0.9999050805	7.266493843e-09	
7.409106217e-09	7.239468465e-09	3.397827467e-05	0.999966002	5.078125828e-09	
7.409107258e-09	7.239469445e-09	3.398655104e-05	0.9999659937	5.078126485e-09	
5.07360759e-09	5.018723877e-09	5.175925203e-09	0.9999999812	3.498878612e-09	
5.073607967e-09	5.018724729e-09	5.177354726e-09	0.9999999812	3.498879164e-09	
5.073648727e-09	5.069723785e-09	5.173588638e-09	0.9999999812	3.512833232e-09	
5.09089276e-09	5.018732531e-09	5.173555362e-09	0.9999999812	3.498884425e-09	
5.073595318e-09	5.018711823e-09	5.154606437e-09	0.9999999813	3.498870478e-09	
3.150603083e-05	7.181723708e-09	7.446490335e-09	0.9999684743	5.006832294e-09	
5.073606835e-09	5.018723191e-09	5.174664711e-09	0.9999999812	3.498878136e-09	
5.07360759e-09	5.018723912e-09	5.175925189e-09	0.9999999812	3.498878618e-09	
5.073643245e-09	5.076184533e-09	5.154655239e-09	0.9999999812	3.514580732e-09	
5.056338919e-09	4.968227868e-09	5.179682582e-09	0.9999999813	3.484973258e-09	
5.056379541e-09	5.018713787e-09	5.1759148e-09	0.9999999813	3.498871866e-09	
5.07356488e-09	4.968235591e-09	5.175881509e-09	0.9999999813	3.484978497e-09	
5.056326314e-09	4.968215091e-09	5.156924064e-09	0.9999999813	3.484964606e-09	
5.074583766e-09	4.96823678e-09	5.177002379e-09	0.9999999813	3.484979313e-09	
5.056337791e-09	4.968226345e-09	5.176991357e-09	0.9999999813	3.484972234e-09	
5.056338544e-09	4.968227059e-09	5.178252402e-09	0.9999999813	3.484972714e-09	
5.056379916e-09	5.018714639e-09	5.17734432e-09	0.9999999812	3.498872419e-09	
5.073565257e-09	4.968236434e-09	5.17731102e-09	0.9999999813	3.484979048e-09	
5.056326689e-09	4.968215935e-09	5.158348339e-09	0.9999999813	3.484965157e-09	
5.074584143e-09	4.968237623e-09	5.1784322e-09	0.9999999813	3.484979864e-09	
5.056338167e-09	4.968227188e-09	5.178421174e-09	0.9999999813	3.484972784e-09	
5.056374452e-09	5.025110382e-09	5.158397177e-09	0.9999999813	3.500612974e-09	
5.073606017e-09	5.01872244e-09	5.173544964e-09	0.9999999812	3.49887768e-09	
5.056367311e-09	5.018701733e-09	5.154596076e-09	0.9999999813	3.498863733e-09	
5.074624911e-09	5.018723641e-09	5.174665328e-09	0.9999999812	3.498878499e-09	
5.056378789e-09	5.0187131e-09	5.17465431e-09	0.9999999813	3.498871391e-09	
5.056379541e-09	5.018713822e-09	5.175914786e-09	0.9999999813	3.498871873e-09	
5.056415074e-09	5.076174327e-09	5.154644879e-09	0.9999999812	3.514573957e-09	
5.073552609e-09	4.968223658e-09	5.154562922e-09	0.9999999813	3.484970396e-09	
5.091872262e-09	4.968245346e-09	5.174632044e-09	0.9999999813	3.484985103e-09	
3.150576562e-05	7.109475678e-09	7.446427475e-09	0.9999684747	4.986941482e-09	
5.073564126e-09	4.968234911e-09	5.174621027e-09	0.9999999813	3.484978024e-09	
5.073564881e-09	4.968235625e-09	5.175881495e-09	0.9999999813	3.484978504e-09	
5.073600535e-09	5.025118193e-09	5.154611725e-09	0.9999999812	3.500618237e-09	
5.074571492e-09	4.968224847e-09	5.155679175e-09	0.9999999813	3.484971212e-09	
5.056325562e-09	4.968214412e-09	5.155668199e-09	0.9999999813	3.484964133e-09	
5.056326314e-09	4.968215126e-09	5.15692405e-09	0.9999999813	3.484964613e-09	
5.056361847e-09	5.025097459e-09	5.135732183e-09	0.9999999813	3.500604284e-09	
3.151209249e-05	7.109477334e-09	7.448039999e-09	0.9999684684	4.986942618e-09	
5.074583011e-09	4.9682361e-09	5.175741624e-09	0.9999999813	3.484978839e-09	
5.074583766e-09	4.968236814e-09	5.177002365e-09	0.9999999813	3.48497932e-09	
5.074619428e-09	5.025119396e-09	5.155727989e-09	0.9999999812	3.500619057e-09	
5.056337792e-09	4.968226379e-09	5.176991343e-09	0.9999999813	3.48497224e-09	
5.056373325e-09	5.025108841e-09	5.155717012e-09	0.9999999813	3.500611945e-09	
5.056374077e-09	5.025109563e-09	5.156972874e-09	0.9999999813	3.500612428e-09	
