4.74604548e-09	2.612659119e-09	4.891639922e-09	4.577328642e-09	0.9999999832	
4.729261147e-09	2.633630721e-09	4.891654953e-09	4.57734265e-09	0.9999999832	
4.770842835e-09	2.747448097e-09	4.891821358e-09	4.589793762e-09	0.999999983	
4.744997822e-09	2.612662661e-09	4.891647038e-09	4.589630224e-09	0.9999999832	
4.729236917e-09	2.612653974e-09	4.891629707e-09	4.577319167e-09	0.9999999832	
4.74406689e-09	2.612662185e-09	4.891646016e-09	4.588903628e-09	0.9999999832	
4.729267072e-09	2.632310609e-09	4.891661123e-09	4.589643426e-09	0.9999999832	
4.743260075e-09	2.630111599e-09	4.891666124e-09	4.588277668e-09	0.9999999831	
4.72924546e-09	2.612658444e-09	4.891638575e-09	4.591385866e-09	0.9999999832	
4.74406689e-09	2.612662185e-09	4.891646016e-09	4.588903628e-09	0.9999999832	
4.74604548e-09	2.612659119e-09	4.891639922e-09	4.577328642e-09	0.9999999832	
4.746053492e-09	2.612663293e-09	4.891648197e-09	4.590454081e-09	0.9999999832	
4.743260075e-09	2.630111599e-09	4.891666124e-09	4.588277668e-09	0.9999999831	
4.729244881e-09	2.612658147e-09	4.891637983e-09	4.590444533e-09	0.9999999832	
2.738677023e-05	3.663413663e-09	6.858978535e-09	6.418252493e-09	0.9999725963	
4.729261147e-09	2.633630721e-09	4.891654953e-09	4.57734265e-09	0.9999999832	
4.746053502e-09	2.612663286e-09	4.891648197e-09	4.590454074e-09	0.9999999832	
4.770842835e-09	2.747448097e-09	4.891821358e-09	4.589793762e-09	0.999999983	
4.744997822e-09	2.612662661e-09	4.891647038e-09	4.589630224e-09	0.9999999832	
4.729236917e-09	2.612653974e-09	4.891629707e-09	4.577319167e-09	0.9999999832	
4.74406689e-09	2.612662185e-09	4.891646016e-09	4.588903628e-09	0.9999999832	
4.729267072e-09	2.632310609e-09	4.891661123e-09	4.589643426e-09	0.9999999832	
4.743260075e-09	2.630111599e-09	4.891666124e-09	4.588277668e-09	0.9999999831	
4.72924546e-09	2.612658444e-09	4.891638575e-09	4.591385866e-09	0.9999999832	
4.74406689e-09	2.612662185e-09	4.891646016e-09	4.588903628e-09	0.9999999832	
4.74604548e-09	2.612659119e-09	4.891639922e-09	4.577328642e-09	0.9999999832	
4.743260075e-09	2.630111599e-09	4.891666124e-09	4.588277668e-09	0.9999999831	
4.729244881e-09	2.612658147e-09	4.891637983e-09	4.590444533e-09	0.9999999832	
2.738677023e-05	3.663413663e-09	6.858978535e-09	6.418252493e-09	0.9999725963	
4.729269142e-09	2.633634921e-09	4.891663228e-09	4.590468122e-09	0.9999999832	
4.753970807e-09	2.769501639e-09	4.89183639e-09	4.589807808e-09	0.999999983	
4.728217195e-09	2.633634291e-09	4.89166207e-09	4.58964427e-09	0.9999999832	
4.712512028e-09	2.633625534e-09	4.891644738e-09	4.577333175e-09	0.9999999832	
4.727289555e-09	2.633633811e-09	4.891661048e-09	4.588917671e-09	0.9999999832	
4.712542076e-09	2.653439952e-09	4.891676154e-09	4.589657471e-09	0.9999999832	
4.726485593e-09	2.65122329e-09	4.891681155e-09	4.588291709e-09	0.9999999831	
4.727289555e-09	2.633633811e-09	4.891661048e-09	4.588917671e-09	0.9999999832	
4.729261147e-09	2.633630721e-09	4.891654953e-09	4.57734265e-09	0.9999999832	
4.729269132e-09	2.633634928e-09	4.891663229e-09	4.59046813e-09	0.9999999832	
4.726485593e-09	2.65122329e-09	4.891681155e-09	4.588291709e-09	0.9999999831	
4.712519964e-09	2.633629741e-09	4.891653014e-09	4.590458581e-09	0.9999999832	
1.233109462e-08	6.177134502e-05	1.279983164e-08	1.226326178e-08	0.9999381913	
4.7708509e-09	2.747452478e-09	4.891829634e-09	4.602954938e-09	0.999999983	
4.745005843e-09	2.612666828e-09	4.891655314e-09	4.602790931e-09	0.9999999831	
4.729244912e-09	2.612658141e-09	4.891637983e-09	4.590444571e-09	0.9999999832	
4.744074909e-09	2.612666352e-09	4.891654292e-09	4.602062251e-09	0.9999999831	
4.743268093e-09	2.630115794e-09	4.891674399e-09	4.601434496e-09	0.9999999831	
4.729253455e-09	2.61266261e-09	4.891646851e-09	4.604551607e-09	0.9999999832	
4.744074909e-09	2.612666352e-09	4.891654292e-09	4.602062251e-09	0.9999999831	
4.746053502e-09	2.612663286e-09	4.891648197e-09	4.590454074e-09	0.9999999832	
4.746061515e-09	2.612667459e-09	4.891656473e-09	4.60361715e-09	0.9999999831	
4.743268093e-09	2.630115794e-09	4.891674399e-09	4.601434496e-09	0.9999999831	
6.313857054e-09	3.523179021e-09	6.530665302e-09	2.210102741e-05	0.9999778826	
4.729252876e-09	2.612662314e-09	4.891646258e-09	4.603607575e-09	0.9999999832	
2.738681652e-05	3.663419506e-09	6.858990139e-09	6.436656751e-09	0.9999725962	
4.753946451e-09	2.747442686e-09	4.891811143e-09	4.589784261e-09	0.999999983	
4.768853908e-09	2.747451321e-09	4.891827453e-09	4.601400269e-09	0.999999983	
4.753976763e-09	2.768113422e-09	4.89184256e-09	4.602142082e-09	0.999999983	
4.768042877e-09	2.765800963e-09	4.891847561e-09	4.600772605e-09	0.999999983	
4.753955038e-09	2.747447386e-09	4.891820012e-09	4.603889267e-09	0.999999983	
4.768853908e-09	2.747451321e-09	4.891827453e-09	4.601400269e-09	0.999999983	
4.770842835e-09	2.747448097e-09	4.891821358e-09	4.589793762e-09	0.999999983	
4.77085089e-09	2.747452485e-09	4.891829634e-09	4.602954945e-09	0.999999983	
4.768042877e-09	2.765800963e-09	4.891847561e-09	4.600772605e-09	0.999999983	
6.346835274e-09	3.704936482e-09	6.530896503e-09	2.209784837e-05	0.9999778856	
4.753954456e-09	2.747447075e-09	4.891819419e-09	4.602945371e-09	0.999999983	
7.195303337e-05	0.0004176472012	6.136965696e-08	6.017842146e-08	0.9995102782	
4.72819297e-09	2.612657516e-09	4.891636824e-09	4.589620723e-09	0.9999999832	
4.743019669e-09	2.612665727e-09	4.891653133e-09	4.601236317e-09	0.9999999832	
4.728223118e-09	2.632314178e-09	4.891668239e-09	4.601978104e-09	0.9999999831	
4.742213032e-09	2.630115165e-09	4.891673241e-09	4.600608675e-09	0.9999999831	
4.728201511e-09	2.612661986e-09	4.891645692e-09	4.603725227e-09	0.9999999832	
4.743019669e-09	2.612665727e-09	4.891653133e-09	4.601236317e-09	0.9999999832	
4.744997822e-09	2.612662661e-09	4.891647038e-09	4.589630224e-09	0.9999999832	
4.745005833e-09	2.612666835e-09	4.891655314e-09	4.602790938e-09	0.9999999831	
4.742213032e-09	2.630115165e-09	4.891673241e-09	4.600608675e-09	0.9999999831	
6.312452667e-09	3.523178192e-09	6.530663781e-09	2.209706102e-05	0.9999778866	
4.728200932e-09	2.612661689e-09	4.891645099e-09	4.602781364e-09	0.9999999832	
2.738072495e-05	3.663418652e-09	6.858988556e-09	6.435501601e-09	0.9999726023	
4.727265335e-09	2.61265704e-09	4.891635802e-09	4.588894128e-09	0.9999999832	
4.712517932e-09	2.632305426e-09	4.891650908e-09	4.589633925e-09	0.9999999832	
4.726461377e-09	2.630106419e-09	4.891655909e-09	4.58826817e-09	0.9999999832	
4.712496397e-09	2.612653299e-09	4.891628361e-09	4.591376362e-09	0.9999999832	
4.727265335e-09	2.61265704e-09	4.891635802e-09	4.588894128e-09	0.9999999832	
4.729236917e-09	2.612653974e-09	4.891629707e-09	4.577319167e-09	0.9999999832	
4.729244901e-09	2.612658147e-09	4.891637983e-09	4.590444579e-09	0.9999999832	
4.726461377e-09	2.630106419e-09	4.891655909e-09	4.58826817e-09	0.9999999832	
4.71249582e-09	2.612653002e-09	4.891627768e-09	4.590435031e-09	0.9999999832	
4.727295477e-09	2.632313698e-09	4.891667217e-09	4.601249553e-09	0.9999999831	
4.741282646e-09	2.630114685e-09	4.891672219e-09	4.599880341e-09	0.9999999831	
4.727273874e-09	2.61266151e-09	4.89164467e-09	4.6029964e-09	0.9999999832	
4.742089125e-09	2.612665251e-09	4.891652111e-09	4.600507884e-09	0.9999999832	
4.74406689e-09	2.612662185e-09	4.891646016e-09	4.588903628e-09	0.9999999832	
4.744074899e-09	2.612666358e-09	4.891654292e-09	4.602062258e-09	0.9999999831	
4.741282646e-09	2.630114685e-09	4.891672219e-09	4.599880341e-09	0.9999999831	
6.311214234e-09	3.523177562e-09	6.530662439e-09	2.209356286e-05	0.9999778901	
4.727273295e-09	2.612661213e-09	4.891644077e-09	4.602052686e-09	0.9999999832	
2.737535321e-05	3.663418004e-09	6.85898716e-09	6.434482815e-09	0.9999726077	
4.726491514e-09	2.649894361e-09	4.891687325e-09	4.600621909e-09	0.9999999831	
4.712526444e-09	2.632309929e-09	4.891659776e-09	4.60373847e-09	0.9999999832	
4.727295477e-09	2.632313698e-09	4.891667217e-09	4.601249553e-09	0.9999999831	
4.729267072e-09	2.632310609e-09	4.891661123e-09	4.589643426e-09	0.9999999832	
4.729275056e-09	2.632314814e-09	4.891669398e-09	4.602804178e-09	0.9999999831	
4.726491514e-09	2.649894361e-09	4.891687325e-09	4.600621909e-09	0.9999999831	
6.291525446e-09	3.549673469e-09	6.530682584e-09	2.209712458e-05	0.9999778865	
4.712525867e-09	2.63230963e-09	4.891659184e-09	4.602794604e-09	0.9999999832	
1.233111045e-08	6.174038395e-05	1.279984818e-08	1.229621744e-08	0.9999382222	
4.726469915e-09	2.630110919e-09	4.891664778e-09	4.602368517e-09	0.9999999831	
4.741282646e-09	2.630114685e-09	4.891672219e-09	4.599880341e-09	0.9999999831	
4.743260075e-09	2.630111599e-09	4.891666124e-09	4.588277668e-09	0.9999999831	
4.743268082e-09	2.6301158e-09	4.8916744e-09	4.601434504e-09	0.9999999831	
4.740476304e-09	2.647680661e-09	4.891692326e-09	4.599252884e-09	0.9999999831	
6.310140915e-09	3.546708125e-09	6.530689304e-09	2.20905492e-05	0.9999778931	
4.726469336e-09	2.630110621e-09	4.891664185e-09	4.601424933e-09	0.9999999832	
2.737069766e-05	3.687885209e-09	6.859015386e-09	6.433605135e-09	0.9999726123	
1.23675965e-08	6.168880972e-05	1.279986192e-08	1.229255904e-08	0.9999382737	
4.727273874e-09	2.61266151e-09	4.89164467e-09	4.6029964e-09	0.9999999832	
4.72924546e-09	2.612658444e-09	4.891638575e-09	4.591385866e-09	0.9999999832	
4.729253444e-09	2.612662617e-09	4.891646851e-09	4.604551615e-09	0.9999999832	
4.726469915e-09	2.630110919e-09	4.891664778e-09	4.602368517e-09	0.9999999831	
6.291496642e-09	3.523172475e-09	6.530652427e-09	2.210551349e-05	0.9999778781	
4.74406689e-09	2.612662185e-09	4.891646016e-09	4.588903628e-09	0.9999999832	
4.744074899e-09	2.612666358e-09	4.891654292e-09	4.602062258e-09	0.9999999831	
4.741282646e-09	2.630114685e-09	4.891672219e-09	4.599880341e-09	0.9999999831	
6.311214234e-09	3.523177562e-09	6.530662439e-09	2.209356286e-05	0.9999778901	
4.727273295e-09	2.612661213e-09	4.891644077e-09	4.602052686e-09	0.9999999832	
2.737535321e-05	3.663418004e-09	6.85898716e-09	6.434482815e-09	0.9999726077	
4.743260075e-09	2.630111599e-09	4.891666124e-09	4.588277668e-09	0.9999999831	
4.729244881e-09	2.612658147e-09	4.891637983e-09	4.590444533e-09	0.9999999832	
2.738677023e-05	3.663413663e-09	6.858978535e-09	6.418252493e-09	0.9999725963	
4.743268082e-09	2.6301158e-09	4.8916744e-09	4.601434504e-09	0.9999999831	
6.31385704e-09	3.523179029e-09	6.530665302e-09	2.210102745e-05	0.9999778826	
4.729252865e-09	2.612662321e-09	4.891646258e-09	4.603607582e-09	0.9999999832	
2.738681646e-05	3.663419515e-09	6.858990139e-09	6.436656761e-09	0.9999725962	
6.310140915e-09	3.546708125e-09	6.530689304e-09	2.20905492e-05	0.9999778931	
4.726469336e-09	2.630110621e-09	4.891664185e-09	4.601424933e-09	0.9999999832	
2.737069766e-05	3.687885209e-09	6.859015386e-09	6.433605135e-09	0.9999726123	
1.23675965e-08	6.168880972e-05	1.279986192e-08	1.229255904e-08	0.9999382737	
6.2914959e-09	3.523172091e-09	6.530651665e-09	2.210098148e-05	0.9999778827	
1.646179702e-08	8.263063572e-05	1.708755915e-08	5.903864529e-05	0.9998582972	
1.954478266e-08	1.098012226e-08	2.02877317e-08	0.9997806955	0.0002192537275	
1.954480303e-08	1.098285747e-08	2.028775297e-08	0.9997801701	0.0002197791173	
1.954474205e-08	1.094484225e-08	2.028768953e-08	0.999780696	0.0002192532582	
1.954474205e-08	1.094484225e-08	2.028768953e-08	0.999780696	0.0002192532582	
0.999823943	9.209928081e-09	1.720763582e-08	1.610195122e-08	0.0001760144929	
0.9998236062	9.19067e-09	1.720762616e-08	1.610194233e-08	0.0001763513108	
0.9998242337	9.208635378e-09	1.720762249e-08	1.610193888e-08	0.0001757237381	
0.9998211828	1.147667592e-08	1.721018904e-08	1.610432728e-08	0.0001787724013	
2.074920461e-08	0.9997833415	2.149426535e-08	9.944017225e-05	0.0001171761199	
1.3794024e-08	0.9999226283	1.43018175e-08	1.370227859e-08	7.732991425e-05	
1.379296955e-08	0.9999226839	1.430182832e-08	1.3729389e-08	7.727430442e-05	
1.379301658e-08	0.9999226835	1.430187728e-08	1.380927127e-08	7.72745727e-05	
1.434276617e-08	0.9999227299	1.430219795e-08	1.380283268e-08	7.722768921e-05	
1.434276617e-08	0.9999227299	1.430219795e-08	1.380283268e-08	7.722768921e-05	
1.434276617e-08	0.9999227299	1.430219795e-08	1.380283268e-08	7.722768921e-05	
1.3794024e-08	0.9999226283	1.43018175e-08	1.370227859e-08	7.732991425e-05	
8.343522875e-06	0.9999916292	9.408415628e-09	8.877554088e-09	9.01837007e-09	
8.478512299e-09	0.9999999661	8.778897126e-09	8.214804087e-09	8.414953022e-09	
8.477809855e-09	0.999999966	8.778952088e-09	8.214855438e-09	8.505647222e-09	
8.477161321e-09	0.999999966	8.778958238e-09	8.23110834e-09	8.499530131e-09	
8.477767158e-09	0.9999999661	8.778907677e-09	8.232224646e-09	8.414963056e-09	
8.477190225e-09	0.999999966	8.778988296e-09	8.278999744e-09	8.499559643e-09	
8.815066003e-09	0.9999999656	8.779184726e-09	8.275139261e-09	8.494402453e-09	
8.839511622e-09	0.9999999657	8.779153218e-09	8.279155063e-09	8.41519746e-09	
8.47779815e-09	0.999999966	8.778939902e-09	8.283583692e-09	8.414994042e-09	
8.815066e-09	0.9999999656	8.779184726e-09	8.275139261e-09	8.494402453e-09	
8.815066e-09	0.9999999656	8.779184726e-09	8.275139261e-09	8.494402453e-09	
8.477809855e-09	0.999999966	8.778952088e-09	8.214855438e-09	8.505647222e-09	
8.478512299e-09	0.9999999661	8.778897126e-09	8.214804087e-09	8.414953022e-09	
1.255031551e-05	0.9999229906	1.414103762e-08	6.443113862e-05	1.381357204e-08	
8.343522875e-06	0.9999916292	9.408415628e-09	8.877554088e-09	9.01837007e-09	
8.34283162e-06	0.9999916298	9.408474537e-09	8.877609588e-09	9.115567751e-09	
8.342193417e-06	0.9999916304	9.408481134e-09	8.895173739e-09	9.109012022e-09	
8.342789604e-06	0.9999916299	9.408426942e-09	8.896380102e-09	9.01838083e-09	
8.34222186e-06	0.9999916303	9.408513347e-09	8.946928903e-09	9.10904365e-09	
8.674715316e-06	0.9999912978	9.408720737e-09	8.942753996e-09	9.103513626e-09	
8.698771511e-06	0.9999912739	9.408686744e-09	8.947093566e-09	9.018628836e-09	
8.342820102e-06	0.9999916298	9.408461477e-09	8.951882668e-09	9.018414038e-09	
8.674715313e-06	0.9999912978	9.408720737e-09	8.942753996e-09	9.103513626e-09	
8.674715313e-06	0.9999912978	9.408720737e-09	8.942753996e-09	9.103513626e-09	
8.34283162e-06	0.9999916298	9.408474537e-09	8.877609588e-09	9.115567751e-09	
8.343522875e-06	0.9999916292	9.408415628e-09	8.877554088e-09	9.01837007e-09	
0.99939067	0.0006091057693	7.726771499e-08	7.29079438e-08	7.406441286e-08	
1.275148675e-08	0.9999398735	1.319510848e-08	6.008748966e-05	1.301901364e-08	
1.325972373e-08	0.9999399011	1.319540409e-08	6.005947264e-05	1.301111459e-08	
1.329649473e-08	0.999939872	1.319535635e-08	6.008861686e-05	1.288979371e-08	
1.275240077e-08	0.9999398404	1.31950353e-08	6.012075714e-05	1.288948172e-08	
1.325972373e-08	0.9999399011	1.319540409e-08	6.005947264e-05	1.301111459e-08	
1.325972373e-08	0.9999399011	1.319540409e-08	6.005947264e-05	1.301111459e-08	
1.462839915e-08	8.355629529e-05	1.515367197e-08	0.9999163991	1.480276363e-08	
1.462801946e-08	7.976492252e-05	1.515327581e-08	0.9999201905	1.480237983e-08	
1.462799937e-08	7.957206691e-05	1.515325503e-08	0.9999203833	1.480235941e-08	
1.462800758e-08	7.965169797e-05	1.515326361e-08	0.9999203037	1.480236784e-08	
8.477809855e-09	0.999999966	8.778952088e-09	8.214855438e-09	8.505647222e-09	
8.477161321e-09	0.999999966	8.778958238e-09	8.23110834e-09	8.499530131e-09	
8.477767158e-09	0.9999999661	8.778907677e-09	8.232224646e-09	8.414963056e-09	
8.477190225e-09	0.999999966	8.778988296e-09	8.278999744e-09	8.499559643e-09	
8.815066003e-09	0.9999999656	8.779184726e-09	8.275139261e-09	8.494402453e-09	
8.839511622e-09	0.9999999657	8.779153218e-09	8.279155063e-09	8.41519746e-09	
8.47779815e-09	0.999999966	8.778939902e-09	8.283583692e-09	8.414994042e-09	
8.815066e-09	0.9999999656	8.779184726e-09	8.275139261e-09	8.494402453e-09	
8.815066e-09	0.9999999656	8.779184726e-09	8.275139261e-09	8.494402453e-09	
8.477809855e-09	0.999999966	8.778952088e-09	8.214855438e-09	8.505647222e-09	
8.478512299e-09	0.9999999661	8.778897126e-09	8.214804087e-09	8.414953022e-09	
8.476458989e-09	0.9999999659	8.7790132e-09	8.231159792e-09	8.591135881e-09	
8.477064776e-09	0.999999966	8.778962639e-09	8.232276106e-09	8.505657364e-09	
8.47648789e-09	0.9999999659	8.779043259e-09	8.279051496e-09	8.591165711e-09	
8.814335675e-09	0.9999999655	8.779239689e-09	8.275190989e-09	8.585952938e-09	
8.838779269e-09	0.9999999656	8.779208181e-09	8.279206816e-09	8.505894295e-09	
8.477095765e-09	0.999999966	8.778994864e-09	8.283635473e-09	8.505688684e-09	
8.814335672e-09	0.9999999655	8.779239689e-09	8.275190989e-09	8.585952938e-09	
8.814335672e-09	0.9999999655	8.779239689e-09	8.275190989e-09	8.585952938e-09	
8.477107468e-09	0.9999999659	8.77900705e-09	8.214906789e-09	8.597318901e-09	
8.477809855e-09	0.999999966	8.778952088e-09	8.214855438e-09	8.505647222e-09	
8.476416299e-09	0.999999966	8.778968789e-09	8.248563474e-09	8.499540265e-09	
8.475839457e-09	0.9999999659	8.779049408e-09	8.295431408e-09	8.584987117e-09	
8.813661398e-09	0.9999999655	8.779245839e-09	8.291563264e-09	8.579778093e-09	
8.838103122e-09	0.9999999656	8.779214331e-09	8.295587036e-09	8.499777026e-09	
8.476447286e-09	0.9999999659	8.779001014e-09	8.300024455e-09	8.499571563e-09	
8.813661395e-09	0.9999999655	8.779245839e-09	8.291563264e-09	8.579778093e-09	
8.813661395e-09	0.9999999655	8.779245839e-09	8.291563264e-09	8.579778093e-09	
8.476458989e-09	0.9999999659	8.7790132e-09	8.231159792e-09	8.591135881e-09	
8.477161321e-09	0.999999966	8.778958238e-09	8.23110834e-09	8.499530131e-09	
9.627372075e-09	0.9999847088	9.933337168e-09	1.526198682e-05	9.639902987e-09	
8.4764452e-09	0.9999999659	8.778998847e-09	8.296556438e-09	8.499569777e-09	
8.814291284e-09	0.9999999656	8.779195277e-09	8.292687769e-09	8.494412581e-09	
8.838734755e-09	0.9999999657	8.779163769e-09	8.296712087e-09	8.415207494e-09	
8.477053072e-09	0.999999966	8.778950453e-09	8.301150108e-09	8.415004076e-09	
8.814291281e-09	0.9999999656	8.779195277e-09	8.292687769e-09	8.494412581e-09	
8.814291281e-09	0.9999999656	8.779195277e-09	8.292687769e-09	8.494412581e-09	
8.477064776e-09	0.999999966	8.778962639e-09	8.232276106e-09	8.505657364e-09	
8.477767158e-09	0.9999999661	8.778907677e-09	8.232224646e-09	8.414963056e-09	
9.628060095e-09	0.9999847068	9.933279939e-09	1.526405662e-05	9.543989618e-09	
8.813691449e-09	0.9999999655	8.779275899e-09	8.339806415e-09	8.579807883e-09	
8.838133257e-09	0.9999999655	8.779244391e-09	8.343853599e-09	8.499806538e-09	
8.476476187e-09	0.9999999659	8.779031072e-09	8.348316836e-09	8.499601075e-09	
8.813691446e-09	0.9999999655	8.779275899e-09	8.339806415e-09	8.579807883e-09	
8.813691446e-09	0.9999999655	8.779275899e-09	8.339806415e-09	8.579807883e-09	
8.47648789e-09	0.9999999659	8.779043259e-09	8.279051496e-09	8.591165711e-09	
8.477190225e-09	0.999999966	8.778988296e-09	8.278999744e-09	8.499559643e-09	
9.190395158e-09	0.9999999652	8.779440826e-09	8.339962875e-09	8.494649198e-09	
8.814323506e-09	0.9999999656	8.779227503e-09	8.344424031e-09	8.49444386e-09	
9.164979169e-09	0.9999999651	8.779472335e-09	8.335917578e-09	8.574602002e-09	
9.164979169e-09	0.9999999651	8.779472335e-09	8.335917578e-09	8.574602002e-09	
8.814335675e-09	0.9999999655	8.779239689e-09	8.275190989e-09	8.585952938e-09	
8.815066003e-09	0.9999999656	8.779184726e-09	8.275139261e-09	8.494402453e-09	
0.0003242077333	0.9996757019	3.103954451e-08	2.925743289e-08	3.003266315e-08	
8.838767066e-09	0.9999999656	8.779195995e-09	8.348473456e-09	8.415238481e-09	
9.190395155e-09	0.9999999652	8.779440826e-09	8.339962875e-09	8.494649198e-09	
9.190395155e-09	0.9999999652	8.779440826e-09	8.339962875e-09	8.494649198e-09	
8.838779269e-09	0.9999999656	8.779208181e-09	8.279206816e-09	8.505894295e-09	
8.839511622e-09	0.9999999657	8.779153218e-09	8.279155063e-09	8.41519746e-09	
0.0003251065222	0.9996748034	3.103940522e-08	2.927160478e-08	2.975260059e-08	
8.814323503e-09	0.9999999656	8.779227503e-09	8.344424031e-09	8.49444386e-09	
8.814323503e-09	0.9999999656	8.779227503e-09	8.344424031e-09	8.49444386e-09	
8.477095765e-09	0.999999966	8.778994864e-09	8.283635473e-09	8.505688684e-09	
8.47779815e-09	0.999999966	8.778939902e-09	8.283583692e-09	8.414994042e-09	
9.164979166e-09	0.9999999651	8.779472335e-09	8.335917578e-09	8.574602002e-09	
8.814335672e-09	0.9999999655	8.779239689e-09	8.275190989e-09	8.585952938e-09	
8.815066e-09	0.9999999656	8.779184726e-09	8.275139261e-09	8.494402453e-09	
0.0003242077332	0.9996757019	3.103954451e-08	2.925743289e-08	3.003266315e-08	
8.814335672e-09	0.9999999655	8.779239689e-09	8.275190989e-09	8.585952938e-09	
8.815066e-09	0.9999999656	8.779184726e-09	8.275139261e-09	8.494402453e-09	
0.0003242077332	0.9996757019	3.103954451e-08	2.925743289e-08	3.003266315e-08	
8.477809855e-09	0.999999966	8.778952088e-09	8.214855438e-09	8.505647222e-09	
4.827398716e-09	2.684975288e-09	5.010899066e-09	0.9999999825	4.950786599e-09	
4.827406285e-09	2.685645541e-09	5.010906952e-09	0.9999999825	4.962652598e-09	
4.827490817e-09	2.843898099e-09	5.010995456e-09	0.9999999825	4.803257922e-09	
4.827312932e-09	2.68492983e-09	5.010809631e-09	0.9999999827	4.803080929e-09	
4.827313705e-09	2.685596408e-09	5.010810434e-09	0.9999999827	4.803081726e-09	
4.827339653e-09	2.708281254e-09	5.010837618e-09	0.9999999827	4.803107621e-09	
4.827302901e-09	2.676303091e-09	5.010799213e-09	0.9999999827	4.803071025e-09	
4.827313705e-09	2.685596472e-09	5.010810434e-09	0.9999999827	4.80308162e-09	
4.827342748e-09	2.710991759e-09	5.010840852e-09	0.9999999826	4.803110738e-09	
4.827388686e-09	2.676348245e-09	5.010888648e-09	0.9999999825	4.950776001e-09	
4.827388686e-09	2.676348245e-09	5.010888648e-09	0.9999999825	4.950776001e-09	
4.827302901e-09	2.676303091e-09	5.010799213e-09	0.9999999827	4.803071025e-09	
4.827502102e-09	2.694348017e-09	5.011006807e-09	0.9999999824	5.115275969e-09	
4.827586636e-09	2.853113371e-09	5.011095313e-09	0.9999999824	4.950979207e-09	
4.827443031e-09	2.723642824e-09	5.010945308e-09	0.9999999825	4.950832067e-09	
4.827408747e-09	2.693629986e-09	5.010909483e-09	0.9999999825	4.95079677e-09	
4.82740952e-09	2.694298724e-09	5.010910287e-09	0.9999999825	4.950797592e-09	
4.827435469e-09	2.717057077e-09	5.010937471e-09	0.9999999825	4.950824283e-09	
4.827398716e-09	2.684975294e-09	5.010899066e-09	0.9999999825	4.950786562e-09	
4.827438564e-09	2.719776365e-09	5.010940705e-09	0.9999999825	4.950827496e-09	
7.814335593e-09	2.318349053e-05	8.006078432e-09	0.9999767927	7.959403664e-09	
4.827484502e-09	2.685020594e-09	5.010988502e-09	0.9999999824	5.103034115e-09	
4.827484502e-09	2.685020594e-09	5.010988502e-09	0.9999999824	5.103034115e-09	
4.827398716e-09	2.684975294e-09	5.010899066e-09	0.9999999825	4.950786562e-09	
4.827594205e-09	2.853825596e-09	5.0111032e-09	0.9999999823	4.962845667e-09	
4.827450599e-09	2.72432273e-09	5.010953195e-09	0.9999999825	4.962698174e-09	
4.827416315e-09	2.6943024e-09	5.01091737e-09	0.9999999825	4.962662793e-09	
4.827417089e-09	2.694971305e-09	5.010918173e-09	0.9999999825	4.962663616e-09	
4.827406285e-09	2.685645547e-09	5.010906952e-09	0.9999999825	4.96265256e-09	
4.827417089e-09	2.694971369e-09	5.010918173e-09	0.9999999825	4.962663507e-09	
7.814347799e-09	2.318927772e-05	8.006090987e-09	0.9999767869	7.978480641e-09	
4.827492071e-09	2.685690859e-09	5.010996389e-09	0.9999999824	5.115265018e-09	
4.827492071e-09	2.685690859e-09	5.010996389e-09	0.9999999824	5.115265018e-09	
4.827406285e-09	2.685645547e-09	5.010906952e-09	0.9999999825	4.96265256e-09	
4.827535132e-09	2.884854354e-09	5.0110417e-09	0.9999999825	4.803302035e-09	
4.827500848e-09	2.853065066e-09	5.011005874e-09	0.9999999825	4.80326779e-09	
4.827527571e-09	2.877878799e-09	5.011033863e-09	0.9999999825	4.803294483e-09	
4.827490817e-09	2.843898105e-09	5.010995456e-09	0.9999999825	4.803257886e-09	
4.827501622e-09	2.853773454e-09	5.011006677e-09	0.9999999825	4.803268481e-09	
4.827576605e-09	2.843946087e-09	5.011084894e-09	0.9999999824	4.950968608e-09	
4.827576605e-09	2.843946087e-09	5.011084894e-09	0.9999999824	4.950968608e-09	
4.827490817e-09	2.843898105e-09	5.010995456e-09	0.9999999825	4.803257886e-09	
4.322080642e-08	0.0003269989053	4.464257442e-08	0.9996728703	4.289301198e-08	
4.827357245e-09	2.723596712e-09	5.010855872e-09	0.9999999826	4.80312504e-09	
4.827358019e-09	2.724272889e-09	5.010856675e-09	0.9999999826	4.803125837e-09	
4.827383967e-09	2.74728443e-09	5.01088386e-09	0.9999999826	4.803151732e-09	
4.827347215e-09	2.714845736e-09	5.010845455e-09	0.9999999826	4.803115136e-09	
4.827358019e-09	2.724272954e-09	5.010856676e-09	0.9999999826	4.803125731e-09	
4.827387062e-09	2.75003397e-09	5.010887094e-09	0.9999999826	4.80315485e-09	
7.81425021e-09	2.344140162e-05	8.005990712e-09	0.9999765351	7.721989603e-09	
4.827433e-09	2.71489154e-09	5.01093489e-09	0.9999999825	4.950821468e-09	
4.827433e-09	2.71489154e-09	5.01093489e-09	0.9999999825	4.950821468e-09	
4.827347215e-09	2.714845736e-09	5.010845455e-09	0.9999999826	4.803115136e-09	
4.827323735e-09	2.694253108e-09	5.010820851e-09	0.9999999827	4.803091593e-09	
4.827349683e-09	2.717011076e-09	5.010848036e-09	0.9999999826	4.803117488e-09	
4.827312931e-09	2.684929836e-09	5.010809631e-09	0.9999999827	4.803080893e-09	
4.827323735e-09	2.694253172e-09	5.010820851e-09	0.9999999827	4.803091487e-09	
4.827352778e-09	2.719730318e-09	5.010851269e-09	0.9999999826	4.803120606e-09	
7.814196732e-09	2.318309804e-05	8.005935543e-09	0.9999767934	7.721936544e-09	
4.827398716e-09	2.684975136e-09	5.010899065e-09	0.9999999825	4.950786172e-09	
4.827398716e-09	2.684975136e-09	5.010899065e-09	0.9999999825	4.950786172e-09	
4.827312931e-09	2.684929836e-09	5.010809631e-09	0.9999999827	4.803080893e-09	
4.827350457e-09	2.717685619e-09	5.010848839e-09	0.9999999826	4.803118285e-09	
4.827313705e-09	2.685596414e-09	5.010810434e-09	0.9999999827	4.80308169e-09	
4.827324509e-09	2.694922065e-09	5.010821655e-09	0.9999999827	4.803092284e-09	
4.827353552e-09	2.720405536e-09	5.010852073e-09	0.9999999826	4.803121403e-09	
7.81419794e-09	2.318885349e-05	8.00593678e-09	0.9999767876	7.721937781e-09	
4.827399489e-09	2.685641725e-09	5.010899869e-09	0.9999999825	4.950786993e-09	
4.827399489e-09	2.685641725e-09	5.010899869e-09	0.9999999825	4.950786993e-09	
4.827313705e-09	2.685596414e-09	5.010810434e-09	0.9999999827	4.80308169e-09	
4.827339653e-09	2.70828126e-09	5.010837618e-09	0.9999999827	4.803107584e-09	
4.827350457e-09	2.717685684e-09	5.010848839e-09	0.9999999826	4.803118179e-09	
4.8273795e-09	2.74338441e-09	5.010879257e-09	0.9999999826	4.803147298e-09	
4.827425438e-09	2.708326954e-09	5.010927053e-09	0.9999999825	4.950813684e-09	
4.827425438e-09	2.708326954e-09	5.010927053e-09	0.9999999825	4.950813684e-09	
4.827339653e-09	2.70828126e-09	5.010837618e-09	0.9999999827	4.803107584e-09	
4.827313705e-09	2.685596478e-09	5.010810434e-09	0.9999999827	4.803081584e-09	
4.827342748e-09	2.710991765e-09	5.010840852e-09	0.9999999826	4.803110702e-09	
4.827388686e-09	2.676348252e-09	5.010888648e-09	0.9999999825	4.950775963e-09	
4.827388686e-09	2.676348252e-09	5.010888648e-09	0.9999999825	4.950775963e-09	
4.827302901e-09	2.676303098e-09	5.010799213e-09	0.9999999827	4.803070989e-09	
4.827353552e-09	2.720405601e-09	5.010852073e-09	0.9999999826	4.803121297e-09	
7.81419794e-09	2.318885404e-05	8.00593678e-09	0.9999767876	7.72193761e-09	
4.82739949e-09	2.685641789e-09	5.010899869e-09	0.9999999825	4.950786884e-09	
4.82739949e-09	2.685641789e-09	5.010899869e-09	0.9999999825	4.950786884e-09	
4.827313705e-09	2.685596478e-09	5.010810434e-09	0.9999999827	4.803081584e-09	
4.827428533e-09	2.711037504e-09	5.010930287e-09	0.9999999825	4.950816898e-09	
4.827428533e-09	2.711037504e-09	5.010930287e-09	0.9999999825	4.950816898e-09	
4.827342748e-09	2.710991765e-09	5.010840852e-09	0.9999999826	4.803110702e-09	
3.36576612e-05	0.9996787459	2.858254258e-08	0.000255491478	3.207642242e-05	
3.378088736e-05	0.999732793	2.619197621e-08	0.0002333745819	2.532011332e-08	
2.331859264e-08	0.9997886266	2.371877681e-08	0.0002113034747	2.292996559e-08	
1.913202331e-08	0.7266280316	1.950484315e-08	0.273371911	1.885740922e-08	
4.827474471e-09	2.676393406e-09	5.010978084e-09	0.9999999824	5.10302319e-09	
4.827388686e-09	2.676348252e-09	5.010888648e-09	0.9999999825	4.950775963e-09	
4.827388686e-09	2.676348252e-09	5.010888648e-09	0.9999999825	4.950775963e-09	
8.587565786e-09	0.9999999659	8.779021148e-09	8.266532025e-09	8.455963311e-09	
8.587565786e-09	0.9999999659	8.779021148e-09	8.266532025e-09	8.455963311e-09	
1.239648792e-05	0.9999757523	1.058038807e-08	1.038138529e-08	1.183021202e-05	
1.244079249e-05	0.999987531	9.694805369e-09	9.128956917e-09	9.337752298e-09	
1.244134738e-05	0.9999875301	9.695063131e-09	9.482308473e-09	9.338000323e-09	
8.577210339e-09	0.999999966	8.778987535e-09	8.242016899e-09	8.43653831e-09	
8.58775894e-09	0.9999999656	8.779217506e-09	8.585158388e-09	8.456152166e-09	
9.694553693e-09	0.9999846886	9.933342084e-09	1.528216805e-05	9.568433027e-09	
8.587565786e-09	0.9999999659	8.779021148e-09	8.266532025e-09	8.455963311e-09	
8.580621949e-09	0.9999999659	8.779013903e-09	8.26379372e-09	8.453794886e-09	
1.238646438e-05	0.9999757654	1.058037947e-08	1.037794657e-08	1.182717846e-05	
1.243073308e-05	0.9999875411	9.694797465e-09	9.125933023e-09	9.335357843e-09	
8.587565786e-09	0.9999999659	8.779021148e-09	8.266532025e-09	8.455963311e-09	
1.243128753e-05	0.9999875402	9.695055228e-09	9.479167535e-09	9.335605805e-09	
8.570274874e-09	0.999999966	8.77898029e-09	8.239286715e-09	8.434374867e-09	
8.580814946e-09	0.9999999656	8.779210261e-09	8.582314537e-09	8.453983693e-09	
9.686714802e-09	0.9999846937	9.933333936e-09	1.527710588e-05	9.565979372e-09	
8.580621949e-09	0.9999999659	8.779013903e-09	8.26379372e-09	8.453794886e-09	
1.238646438e-05	0.9999757654	1.058037947e-08	1.037794657e-08	1.182717846e-05	
1.243073308e-05	0.9999875411	9.694797465e-09	9.125933023e-09	9.335357843e-09	
8.587565786e-09	0.9999999659	8.779021148e-09	8.266532025e-09	8.455963311e-09	
1.243128753e-05	0.9999875402	9.695055228e-09	9.479167535e-09	9.335605805e-09	
8.570274874e-09	0.999999966	8.77898029e-09	8.239286715e-09	8.434374867e-09	
8.580814946e-09	0.9999999656	8.779210261e-09	8.582314537e-09	8.453983693e-09	
9.686714802e-09	0.9999846937	9.933333936e-09	1.527710588e-05	9.565979372e-09	
8.580621949e-09	0.9999999659	8.779013903e-09	8.26379372e-09	8.453794886e-09	
0.01762833909	0.9823588076	1.147837245e-08	1.125888295e-08	1.283058559e-05	
1.239648792e-05	0.9999757523	1.058038807e-08	1.038138529e-08	1.183021202e-05	
0.0176291115	0.9823580344	1.147866861e-08	1.169466766e-08	1.28309163e-05	
1.238674297e-05	0.9999757645	1.058061612e-08	1.077795558e-08	1.18274426e-05	
1.398305412e-05	0.9999534365	1.197146991e-08	1.918536147e-05	1.338307213e-05	
1.238646438e-05	0.9999757654	1.058037947e-08	1.037794657e-08	1.182717846e-05	
0.9994556694	0.0004758708617	5.889248929e-08	5.759458217e-08	6.834327192e-05	
1.244079249e-05	0.999987531	9.694805369e-09	9.128956917e-09	9.337752298e-09	
0.01769102477	0.9823089443	1.051724999e-08	1.02831676e-08	1.012699685e-08	
1.241574348e-05	0.9999875561	9.694760491e-09	9.098869405e-09	9.313912841e-09	
1.243101267e-05	0.9999875405	9.695014303e-09	9.477684255e-09	9.335566335e-09	
1.403308317e-05	0.9999690745	1.096949544e-08	1.687087122e-05	1.056348734e-08	
1.243073308e-05	0.9999875411	9.694797465e-09	9.125933023e-09	9.335357843e-09	
0.999525627	0.0004742149505	5.377475278e-08	5.046944085e-08	5.375595741e-08	
1.244134738e-05	0.9999875301	9.695063131e-09	9.482308473e-09	9.338000323e-09	
8.577210339e-09	0.999999966	8.778987535e-09	8.242016899e-09	8.43653831e-09	
8.58775894e-09	0.9999999656	8.779217506e-09	8.585158388e-09	8.456152166e-09	
9.694553693e-09	0.9999846886	9.933342084e-09	1.528216805e-05	9.568433027e-09	
8.587565786e-09	0.9999999659	8.779021148e-09	8.266532025e-09	8.455963311e-09	
1.241629726e-05	0.9999875552	9.695018253e-09	9.451056373e-09	9.314160233e-09	
1.243156713e-05	0.9999875396	9.695272071e-09	9.844533886e-09	9.335814302e-09	
1.243128753e-05	0.9999875402	9.695055228e-09	9.479167535e-09	9.335605805e-09	
0.9995256462	0.0004741938089	5.377378511e-08	5.242060794e-08	5.375498867e-08	
8.570467639e-09	0.9999999657	8.779176647e-09	8.55686293e-09	8.434563239e-09	
8.570274874e-09	0.999999966	8.77898029e-09	8.239286715e-09	8.434374867e-09	
8.580814946e-09	0.9999999656	8.779210261e-09	8.582314537e-09	8.453983693e-09	
9.686714802e-09	0.9999846937	9.933333936e-09	1.527710588e-05	9.565979372e-09	
0.9999999833	2.604982784e-09	4.867070432e-09	4.554337813e-09	4.665300467e-09	
0.9999999832	2.610478497e-09	4.867146809e-09	4.554408702e-09	4.780262719e-09	
0.9999999833	2.610443311e-09	4.867077021e-09	4.554343899e-09	4.665306815e-09	
0.9999999833	2.610443311e-09	4.867077021e-09	4.554343899e-09	4.665306815e-09	
0.9999848985	1.508176236e-05	6.824189185e-09	6.385695986e-09	6.541280626e-09	
0.9999999833	2.610443311e-09	4.867077021e-09	4.554343899e-09	4.665306815e-09	
0.9999999833	2.610443311e-09	4.867077021e-09	4.554343899e-09	4.665306815e-09	
0.9999999832	2.605020829e-09	4.867145716e-09	4.55440772e-09	4.789411751e-09	
0.9999999832	2.610111332e-09	4.867141623e-09	4.554403887e-09	4.772364912e-09	
0.9999999833	2.610443311e-09	4.867077021e-09	4.554343899e-09	4.665306815e-09	
0.9999999833	2.610864354e-09	4.867077528e-09	4.554344367e-09	4.665307191e-09	
0.9999999831	2.821680349e-09	4.867321161e-09	4.554569969e-09	4.665539e-09	
0.9999999825	3.25297854e-09	4.867882418e-09	4.555093337e-09	4.855176354e-09	
0.9999999833	2.604982784e-09	4.867070432e-09	4.554337813e-09	4.665300467e-09	
0.9999999832	2.605017896e-09	4.86714022e-09	4.554402616e-09	4.780256215e-09	
0.9999999833	2.604982784e-09	4.867070432e-09	4.554337813e-09	4.665300467e-09	
0.9999999833	2.604982784e-09	4.867070432e-09	4.554337813e-09	4.665300467e-09	
0.9999999833	2.604982784e-09	4.867070432e-09	4.554337813e-09	4.665300467e-09	
0.9999999833	2.604982784e-09	4.867070432e-09	4.554337813e-09	4.665300467e-09	
0.9999999832	2.599571645e-09	4.867139127e-09	4.554401634e-09	4.789405234e-09	
0.9999999832	2.604651499e-09	4.867135034e-09	4.554397801e-09	4.772358418e-09	
0.9999999833	2.604982784e-09	4.867070432e-09	4.554337813e-09	4.665300467e-09	
0.9999999833	2.605402946e-09	4.867070939e-09	4.554338281e-09	4.665300843e-09	
0.9999999831	2.815777956e-09	4.867314572e-09	4.554563883e-09	4.665532651e-09	
0.9999999833	2.599533679e-09	4.867063843e-09	4.554331727e-09	4.665294118e-09	
0.9999999832	2.610478497e-09	4.867146809e-09	4.554408702e-09	4.780262719e-09	
0.9999999832	2.610478497e-09	4.867146809e-09	4.554408702e-09	4.780262719e-09	
0.9999848981	1.508196564e-05	6.824287035e-09	6.385786845e-09	6.702461627e-09	
0.9999999832	2.610478497e-09	4.867146809e-09	4.554408702e-09	4.780262719e-09	
0.9999999832	2.610478497e-09	4.867146809e-09	4.554408702e-09	4.780262719e-09	
0.9999999831	2.605055942e-09	4.867215505e-09	4.554472523e-09	4.907425674e-09	
0.9999999831	2.610146513e-09	4.867211412e-09	4.55446869e-09	4.889958791e-09	
0.9999999832	2.610478497e-09	4.867146809e-09	4.554408702e-09	4.780262719e-09	
0.9999999832	2.610899545e-09	4.867147316e-09	4.55440917e-09	4.780263105e-09	
0.999999983	2.821718382e-09	4.867390953e-09	4.554634774e-09	4.780500625e-09	
0.9999999832	2.605017896e-09	4.86714022e-09	4.554402616e-09	4.780256215e-09	
0.9999999833	2.610443311e-09	4.867077021e-09	4.554343899e-09	4.665306815e-09	
0.9999848985	1.508176236e-05	6.824189185e-09	6.385695986e-09	6.541280626e-09	
0.9999999833	2.610443311e-09	4.867077021e-09	4.554343899e-09	4.665306815e-09	
0.9999999833	2.610443311e-09	4.867077021e-09	4.554343899e-09	4.665306815e-09	
0.9999999832	2.605020829e-09	4.867145716e-09	4.55440772e-09	4.789411751e-09	
0.9999999832	2.610111332e-09	4.867141623e-09	4.554403887e-09	4.772364912e-09	
0.9999999833	2.610443311e-09	4.867077021e-09	4.554343899e-09	4.665306815e-09	
0.9999999833	2.610864354e-09	4.867077528e-09	4.554344367e-09	4.665307191e-09	
0.9999999831	2.821680349e-09	4.867321161e-09	4.554569969e-09	4.665539e-09	
0.9999999825	3.25297854e-09	4.867882418e-09	4.555093337e-09	4.855176354e-09	
0.9999999833	2.604982784e-09	4.867070432e-09	4.554337813e-09	4.665300467e-09	
0.9999848985	1.508176236e-05	6.824189185e-09	6.385695986e-09	6.541280626e-09	
0.9999999833	2.610443311e-09	4.867077021e-09	4.554343899e-09	4.665306815e-09	
0.9999999833	2.610443311e-09	4.867077021e-09	4.554343899e-09	4.665306815e-09	
0.9999999832	2.605020829e-09	4.867145716e-09	4.55440772e-09	4.789411751e-09	
0.9999999832	2.610111332e-09	4.867141623e-09	4.554403887e-09	4.772364912e-09	
0.9999999833	2.610443311e-09	4.867077021e-09	4.554343899e-09	4.665306815e-09	
0.9999999833	2.610864354e-09	4.867077528e-09	4.554344367e-09	4.665307191e-09	
0.9999999831	2.821680349e-09	4.867321161e-09	4.554569969e-09	4.665539e-09	
0.9999999825	3.25297854e-09	4.867882418e-09	4.555093337e-09	4.855176354e-09	
0.9999999833	2.604982784e-09	4.867070432e-09	4.554337813e-09	4.665300467e-09	
0.9999848985	1.508176236e-05	6.824189185e-09	6.385695986e-09	6.541280626e-09	
0.9999848985	1.508176236e-05	6.824189185e-09	6.385695986e-09	6.541280626e-09	
0.9999849003	1.507984439e-05	6.824279777e-09	6.385780108e-09	6.691388035e-09	
0.9999848985	1.508176236e-05	6.824189185e-09	6.385695986e-09	6.541280626e-09	
0.9999848961	1.508419489e-05	6.82418988e-09	6.385696627e-09	6.541281138e-09	
0.9999836781	1.630215848e-05	6.82452317e-09	6.386005169e-09	6.541598193e-09	
0.9999999833	2.610443311e-09	4.867077021e-09	4.554343899e-09	4.665306815e-09	
0.9999999832	2.605020829e-09	4.867145716e-09	4.55440772e-09	4.789411751e-09	
0.9999999832	2.610111332e-09	4.867141623e-09	4.554403887e-09	4.772364912e-09	
0.9999999833	2.610443311e-09	4.867077021e-09	4.554343899e-09	4.665306815e-09	
0.9999999833	2.610864354e-09	4.867077528e-09	4.554344367e-09	4.665307191e-09	
0.9999999831	2.821680349e-09	4.867321161e-09	4.554569969e-09	4.665539e-09	
0.9999999825	3.25297854e-09	4.867882418e-09	4.555093337e-09	4.855176354e-09	
0.9999999833	2.604982784e-09	4.867070432e-09	4.554337813e-09	4.665300467e-09	
0.9999999832	2.605020829e-09	4.867145716e-09	4.55440772e-09	4.789411751e-09	
0.9999999832	2.610111332e-09	4.867141623e-09	4.554403887e-09	4.772364912e-09	
0.9999999833	2.610443311e-09	4.867077021e-09	4.554343899e-09	4.665306815e-09	
0.9999999833	2.610864354e-09	4.867077528e-09	4.554344367e-09	4.665307191e-09	
0.9999999831	2.821680349e-09	4.867321161e-09	4.554569969e-09	4.665539e-09	
0.9999999825	3.25297854e-09	4.867882418e-09	4.555093337e-09	4.855176354e-09	
0.9999999833	2.604982784e-09	4.867070432e-09	4.554337813e-09	4.665300467e-09	
0.9999999831	2.60468954e-09	4.867210319e-09	4.554467708e-09	4.899317772e-09	
0.9999999832	2.605020829e-09	4.867145716e-09	4.55440772e-09	4.789411751e-09	
0.9999999832	2.605440998e-09	4.867146223e-09	4.554408188e-09	4.789412138e-09	
0.999999983	2.81581908e-09	4.86738986e-09	4.554633792e-09	4.789650113e-09	
0.9999999832	2.599571645e-09	4.867139127e-09	4.554401634e-09	4.789405234e-09	
0.9999999832	2.610111332e-09	4.867141623e-09	4.554403887e-09	4.772364912e-09	
0.9999999832	2.610532321e-09	4.86714213e-09	4.554404355e-09	4.772365298e-09	
0.999999983	2.821321506e-09	4.867385766e-09	4.55462996e-09	4.772602425e-09	
0.9999999824	3.252564847e-09	4.86794703e-09	4.555153335e-09	4.966591522e-09	
0.9999999832	2.604651499e-09	4.867135034e-09	4.554397801e-09	4.772358418e-09	
0.9999999833	2.610864354e-09	4.867077528e-09	4.554344367e-09	4.665307191e-09	
0.9999999831	2.821680349e-09	4.867321161e-09	4.554569969e-09	4.665539e-09	
0.9999999825	3.25297854e-09	4.867882418e-09	4.555093337e-09	4.855176354e-09	
0.9999999833	2.604982784e-09	4.867070432e-09	4.554337813e-09	4.665300467e-09	
0.9999999831	2.822135463e-09	4.867321668e-09	4.554570437e-09	4.665539376e-09	
0.9999999833	2.605402946e-09	4.867070939e-09	4.554338281e-09	4.665300843e-09	
0.9999999822	3.51620952e-09	4.868126598e-09	4.555319443e-09	4.855417988e-09	
0.9999999831	2.815777956e-09	4.867314572e-09	4.554563883e-09	4.665532651e-09	
