4.616420481e-09	4.53597637e-09	0.9999999833	4.36537544e-09	3.181770013e-09	
4.616420481e-09	4.535976394e-09	0.9999999833	4.365375463e-09	3.181770017e-09	
4.616420481e-09	4.535976394e-09	0.9999999833	4.365375463e-09	3.181770017e-09	
4.616420481e-09	4.53597637e-09	0.9999999833	4.36537544e-09	3.181770013e-09	
4.61675249e-09	4.968574871e-09	0.9999999828	4.365686943e-09	3.276948119e-09	
4.616420481e-09	4.53597637e-09	0.9999999833	4.36537544e-09	3.181770013e-09	
4.616473899e-09	4.536028671e-09	0.9999999832	4.451558766e-09	3.181805378e-09	
4.616420481e-09	4.535976394e-09	0.9999999833	4.365375463e-09	3.181770017e-09	
4.616473899e-09	4.536028671e-09	0.9999999832	4.451558766e-09	3.181805378e-09	
4.616420481e-09	4.53597637e-09	0.9999999833	4.36537544e-09	3.181770013e-09	
4.616473899e-09	4.536028671e-09	0.9999999832	4.451558766e-09	3.181805378e-09	
4.616420481e-09	4.535976394e-09	0.9999999833	4.365375463e-09	3.181770017e-09	
4.616473899e-09	4.536028671e-09	0.9999999832	4.451558766e-09	3.181805378e-09	
1.498739508e-08	1.464424787e-08	0.9998587179	0.0001412421905	1.027220722e-08	
4.616367063e-09	4.535924093e-09	0.9999999834	4.280860667e-09	3.181734652e-09	
4.616367063e-09	4.535924093e-09	0.9999999834	4.280860667e-09	3.181734652e-09	
4.616367063e-09	4.535924069e-09	0.9999999834	4.280860645e-09	3.181734648e-09	
4.616699068e-09	4.968517582e-09	0.9999999829	4.281166117e-09	3.276911696e-09	
4.616367063e-09	4.535924069e-09	0.9999999834	4.280860645e-09	3.181734648e-09	
4.616420481e-09	4.53597637e-09	0.9999999833	4.36537544e-09	3.181770013e-09	
4.616367063e-09	4.535924093e-09	0.9999999834	4.280860667e-09	3.181734652e-09	
4.616420481e-09	4.53597637e-09	0.9999999833	4.36537544e-09	3.181770013e-09	
4.616367063e-09	4.535924069e-09	0.9999999834	4.280860645e-09	3.181734648e-09	
4.616420481e-09	4.53597637e-09	0.9999999833	4.36537544e-09	3.181770013e-09	
4.616367063e-09	4.535924093e-09	0.9999999834	4.280860667e-09	3.181734652e-09	
4.616420481e-09	4.53597637e-09	0.9999999833	4.36537544e-09	3.181770013e-09	
4.616367063e-09	4.535924118e-09	0.9999999834	4.28086069e-09	3.181734656e-09	
4.616367063e-09	4.535924093e-09	0.9999999834	4.280860667e-09	3.181734652e-09	
4.616699068e-09	4.968517609e-09	0.9999999829	4.28116614e-09	3.2769117e-09	
4.616367063e-09	4.535924093e-09	0.9999999834	4.280860667e-09	3.181734652e-09	
4.616420481e-09	4.535976394e-09	0.9999999833	4.365375463e-09	3.181770017e-09	
4.616367063e-09	4.535924118e-09	0.9999999834	4.28086069e-09	3.181734656e-09	
4.616420481e-09	4.535976394e-09	0.9999999833	4.365375463e-09	3.181770017e-09	
4.616367063e-09	4.535924093e-09	0.9999999834	4.280860667e-09	3.181734652e-09	
4.616420481e-09	4.535976394e-09	0.9999999833	4.365375463e-09	3.181770017e-09	
4.616420481e-09	4.535976394e-09	0.9999999833	4.365375463e-09	3.181770017e-09	
4.616367063e-09	4.535924093e-09	0.9999999834	4.280860667e-09	3.181734652e-09	
4.616699068e-09	4.968517609e-09	0.9999999829	4.28116614e-09	3.2769117e-09	
4.616367063e-09	4.535924093e-09	0.9999999834	4.280860667e-09	3.181734652e-09	
4.616420481e-09	4.535976394e-09	0.9999999833	4.365375463e-09	3.181770017e-09	
4.616420481e-09	4.535976394e-09	0.9999999833	4.365375463e-09	3.181770017e-09	
4.616367063e-09	4.535924093e-09	0.9999999834	4.280860667e-09	3.181734652e-09	
4.616420481e-09	4.535976394e-09	0.9999999833	4.365375463e-09	3.181770017e-09	
4.616367063e-09	4.535924118e-09	0.9999999834	4.28086069e-09	3.181734656e-09	
4.616420481e-09	4.535976394e-09	0.9999999833	4.365375463e-09	3.181770017e-09	
4.616699068e-09	4.968517582e-09	0.9999999829	4.281166117e-09	3.276911696e-09	
4.616367063e-09	4.535924069e-09	0.9999999834	4.280860645e-09	3.181734648e-09	
4.616420481e-09	4.53597637e-09	0.9999999833	4.36537544e-09	3.181770013e-09	
4.616367063e-09	4.535924093e-09	0.9999999834	4.280860667e-09	3.181734652e-09	
4.616420481e-09	4.53597637e-09	0.9999999833	4.36537544e-09	3.181770013e-09	
4.616367063e-09	4.535924069e-09	0.9999999834	4.280860645e-09	3.181734648e-09	
4.616420481e-09	4.53597637e-09	0.9999999833	4.36537544e-09	3.181770013e-09	
4.616367063e-09	4.535924093e-09	0.9999999834	4.280860667e-09	3.181734652e-09	
4.616420481e-09	4.53597637e-09	0.9999999833	4.36537544e-09	3.181770013e-09	
4.616699068e-09	4.968517582e-09	0.9999999829	4.281166117e-09	3.276911696e-09	
4.61675249e-09	4.968574871e-09	0.9999999828	4.365686943e-09	3.276948119e-09	
4.616699068e-09	4.968517609e-09	0.9999999829	4.28116614e-09	3.2769117e-09	
4.61675249e-09	4.968574871e-09	0.9999999828	4.365686943e-09	3.276948119e-09	
4.616699068e-09	4.968517582e-09	0.9999999829	4.281166117e-09	3.276911696e-09	
4.61675249e-09	4.968574871e-09	0.9999999828	4.365686943e-09	3.276948119e-09	
4.616699068e-09	4.968517609e-09	0.9999999829	4.28116614e-09	3.2769117e-09	
4.61675249e-09	4.968574871e-09	0.9999999828	4.365686943e-09	3.276948119e-09	
6.812495881e-08	0.0006666890444	0.9991201986	6.377834263e-08	0.000212980458	
4.616420481e-09	4.53597637e-09	0.9999999833	4.36537544e-09	3.181770013e-09	
4.616367063e-09	4.535924093e-09	0.9999999834	4.280860667e-09	3.181734652e-09	
4.616420481e-09	4.53597637e-09	0.9999999833	4.36537544e-09	3.181770013e-09	
4.616367063e-09	4.535924069e-09	0.9999999834	4.280860645e-09	3.181734648e-09	
4.616420481e-09	4.53597637e-09	0.9999999833	4.36537544e-09	3.181770013e-09	
4.616367063e-09	4.535924093e-09	0.9999999834	4.280860667e-09	3.181734652e-09	
4.616420481e-09	4.53597637e-09	0.9999999833	4.36537544e-09	3.181770013e-09	
4.616420481e-09	4.535976394e-09	0.9999999833	4.365375463e-09	3.181770017e-09	
4.616473899e-09	4.536028671e-09	0.9999999832	4.451558766e-09	3.181805378e-09	
4.616420481e-09	4.53597637e-09	0.9999999833	4.36537544e-09	3.181770013e-09	
4.616473899e-09	4.536028671e-09	0.9999999832	4.451558766e-09	3.181805378e-09	
4.616420481e-09	4.535976394e-09	0.9999999833	4.365375463e-09	3.181770017e-09	
4.616473899e-09	4.536028671e-09	0.9999999832	4.451558766e-09	3.181805378e-09	
1.498739508e-08	1.464424787e-08	0.9998587179	0.0001412421905	1.027220722e-08	
4.616420481e-09	4.535976394e-09	0.9999999833	4.365375463e-09	3.181770017e-09	
4.616367063e-09	4.535924093e-09	0.9999999834	4.280860667e-09	3.181734652e-09	
4.616420481e-09	4.535976394e-09	0.9999999833	4.365375463e-09	3.181770017e-09	
4.616367063e-09	4.535924118e-09	0.9999999834	4.28086069e-09	3.181734656e-09	
4.616420481e-09	4.535976394e-09	0.9999999833	4.365375463e-09	3.181770017e-09	
4.616420481e-09	4.53597637e-09	0.9999999833	4.36537544e-09	3.181770013e-09	
4.616473899e-09	4.536028671e-09	0.9999999832	4.451558766e-09	3.181805378e-09	
4.616420481e-09	4.535976394e-09	0.9999999833	4.365375463e-09	3.181770017e-09	
4.616473899e-09	4.536028671e-09	0.9999999832	4.451558766e-09	3.181805378e-09	
1.498739508e-08	1.464424787e-08	0.9998587179	0.0001412421905	1.027220722e-08	
4.616420481e-09	4.53597637e-09	0.9999999833	4.36537544e-09	3.181770013e-09	
4.616367063e-09	4.535924093e-09	0.9999999834	4.280860667e-09	3.181734652e-09	
4.616420481e-09	4.53597637e-09	0.9999999833	4.36537544e-09	3.181770013e-09	
4.616420481e-09	4.535976394e-09	0.9999999833	4.365375463e-09	3.181770017e-09	
4.616473899e-09	4.536028671e-09	0.9999999832	4.451558766e-09	3.181805378e-09	
1.498739508e-08	1.464424787e-08	0.9998587179	0.0001412421905	1.027220722e-08	
4.616420481e-09	4.535976394e-09	0.9999999833	4.365375463e-09	3.181770017e-09	
1.498739508e-08	1.464424787e-08	0.9998587179	0.0001412421905	1.027220722e-08	
2.681035571e-08	0.0006348452159	2.737643021e-08	2.566368029e-08	0.9993650749	
8.214351487e-09	0.9140627328	8.372450562e-09	7.699174701e-09	0.08593724295	
8.227334271e-09	0.913428453	8.385703761e-09	7.711343254e-09	0.08657152263	
1.339123697e-08	0.8809169264	1.365758625e-08	6.060645268e-05	0.1190224401	
2.681035571e-08	0.0006348452173	2.737643021e-08	2.566368029e-08	0.9993650749	
8.586817611e-09	0.8958676994	8.748822984e-09	8.125285215e-09	0.1041322752	
9.713253593e-09	0.9348097906	7.937672037e-09	7.302090465e-09	0.0651901844	
9.250952705e-09	0.8959338468	9.306250315e-06	8.753753872e-09	0.1040568289	
8.249873109e-09	0.9123301893	8.408712346e-09	7.826115417e-09	0.08766978625	
8.052302532e-09	0.921982094	8.205675037e-09	7.628737e-09	0.07801788215	
8.391281888e-09	0.9054187252	8.554859966e-09	7.865008158e-09	0.09458124997	
2.42512289e-08	0.0005535180982	2.47683196e-08	2.296724724e-08	0.9994464099	
2.411170375e-08	0.0005490838193	2.462587977e-08	2.283510927e-08	0.9994508446	
2.85463221e-08	0.0003851764937	2.917339021e-08	0.0001305427131	0.9994842231	
6.81021398e-09	3.307664011e-08	6.968165888e-09	6.586905315e-09	0.9999999466	
2.092351888e-08	0.0004477563145	2.136168953e-08	2.000531546e-08	0.9995521814	
3.779555284e-08	0.0007460957758	3.094942668e-08	2.87096228e-08	0.9992538068	
2.255764175e-08	0.0004481037023	2.27386903e-05	2.156780104e-08	0.9995291135	
2.387505627e-08	0.0005415574507	2.438428994e-08	2.288482977e-08	0.9994583714	
2.618430882e-08	0.0006149486774	2.673737871e-08	2.50655926e-08	0.9993849733	
2.251070957e-08	0.0004982022679	2.299626272e-08	2.131887849e-08	0.9995017309	
1.778038401e-08	0.000347864517	1.815922014e-08	1.703866394e-08	0.9996520825	
8.428176022e-09	0.901948602	8.59216329e-09	7.815618e-09	0.09805137318	
2.42512289e-08	0.0005535180995	2.47683196e-08	2.296724724e-08	0.9994464099	
8.774066716e-09	0.8823591059	8.941427815e-09	8.214216462e-09	0.1176408682	
9.981350996e-09	0.9259353236	8.158424576e-09	7.423874887e-09	0.07406465082	
9.452784333e-09	0.882433592	9.511227505e-06	8.849657338e-09	0.1175568784	
8.259127346e-09	0.9115266391	8.418155512e-09	7.741507817e-09	0.0884733365	
8.5861419e-09	0.8930011592	8.755303539e-09	7.96210248e-09	0.1069988155	
9.283331289e-09	0.8535132945	9.463787391e-09	8.71069449e-09	0.146486678	
2.411170375e-08	0.0005490838206	2.462587977e-08	2.283510927e-08	0.9994508446	
8.785685034e-09	0.8815211603	8.953289677e-09	8.225093453e-09	0.1184788138	
9.998085009e-09	0.9253815189	8.172122418e-09	7.436321227e-09	0.07461845553	
9.465307599e-09	0.8815961543	9.523851525e-06	8.861381575e-09	0.1183943035	
8.462361242e-09	0.8999985501	8.627071608e-09	7.942356472e-09	0.1000014249	
8.59825004e-09	0.8922297576	8.767671705e-09	7.973330609e-09	0.1077702171	
9.293459883e-09	0.8525042286	9.474136077e-09	8.720198315e-09	0.1474957439	
2.85463221e-08	0.0003851764946	2.917339021e-08	0.0001305427131	0.9994842231	
1.411512945e-08	0.8391524057	1.439344507e-08	6.380832645e-05	0.1607837575	
1.520736549e-08	0.8392431508	1.531104212e-05	6.874608445e-05	0.1606727769	
1.369824752e-08	0.8632053537	1.397364594e-08	6.207977035e-05	0.1367325388	
1.344985815e-08	0.8775349976	1.371748307e-08	6.087463583e-05	0.1224041006	
1.475738392e-08	0.8020978569	1.505374132e-08	6.686295815e-05	0.1978352504	
1.529054552e-08	9.379566445e-05	1.562963039e-08	0.9998693404	3.68330534e-05	
1.534263469e-08	9.373958531e-05	1.562627286e-08	0.999869405	3.682446869e-05	
1.529053692e-08	9.373939687e-05	1.562624145e-08	0.9998694053	3.682439772e-05	
1.529051829e-08	9.38588434e-05	1.556905311e-08	0.9998692676	3.684271137e-05	
2.092351888e-08	0.0004477563155	2.136168953e-08	2.000531546e-08	0.9995521814	
3.779555284e-08	0.0007460957775	3.094942668e-08	2.87096228e-08	0.9992538068	
2.255764175e-08	0.0004481037034	2.27386903e-05	2.156780104e-08	0.9995291135	
2.387505627e-08	0.000541557452	2.438428994e-08	2.288482977e-08	0.9994583714	
2.618430882e-08	0.0006149486788	2.673737871e-08	2.50655926e-08	0.9993849733	
2.251070957e-08	0.0004982022691	2.299626272e-08	2.131887849e-08	0.9995017309	
1.778038402e-08	0.0003478645178	1.815922014e-08	1.703866394e-08	0.9996520825	
1.046271178e-08	0.9100065238	8.548685073e-09	7.856354329e-09	0.08999344937	
9.809553273e-09	0.8585793367	9.866522986e-06	9.271530251e-09	0.1414107777	
8.805851199e-09	0.8800712602	8.973878858e-09	8.343814514e-09	0.1199287137	
8.628555032e-09	0.8928575915	8.791418142e-09	8.165164743e-09	0.1071423829	
8.931892018e-09	0.8709763137	9.104470461e-09	8.361970857e-09	0.1290236599	
9.570047793e-09	0.8249534955	9.752440606e-09	9.065641139e-09	0.1750464761	
2.091832887e-08	0.0002187874178	2.134514411e-08	1.958359445e-08	0.9997811507	
1.127181038e-08	0.9100636359	9.093259996e-06	8.463928175e-09	0.08992725107	
1.002713944e-08	0.9244223474	8.19590559e-09	7.548253177e-09	0.07557762686	
9.772745938e-09	0.9328409782	7.98635304e-09	7.347161602e-09	0.0671589967	
1.020967988e-08	0.9183788856	8.347076325e-09	7.593699656e-09	0.08162108828	
1.115569853e-08	0.8870722933	9.118155816e-09	8.395707349e-09	0.112927678	
0.001418628807	0.9983848989	8.587795804e-08	7.835417268e-08	0.0001963080195	
9.487044505e-09	0.8801471305	9.545763622e-06	8.989297032e-09	0.1198433053	
9.295940165e-09	0.8929256221	9.351581454e-06	8.796738715e-09	0.1070650082	
9.622903989e-09	0.8710576039	9.684746508e-06	9.008922126e-09	0.1289326927	
1.031080216e-08	0.8250602376	1.037438926e-05	9.767386324e-09	0.174929368	
2.255205092e-08	0.000218957206	2.27210829e-05	2.111314636e-08	0.999758278	
8.294378638e-09	0.9097480148	8.454142356e-09	7.86870636e-09	0.09025196054	
9.311040848e-09	0.8507593479	9.492099356e-09	8.842503744e-09	0.1492406245	
8.434668266e-09	0.9026547051	8.59916086e-09	7.906046702e-09	0.09734527001	
9.156086382e-09	0.8661956632	9.332240624e-09	8.684013333e-09	0.1338043096	
1.777506526e-08	0.0001699685469	1.81442279e-08	1.667862892e-08	0.9998299789	
0.9999999829	4.614278982e-09	4.762501093e-09	4.447349739e-09	3.231723117e-09	
0.9999946493	5.337218049e-06	5.160507412e-09	4.71888694e-09	3.605503526e-09	
0.999999983	4.614484622e-09	4.762441691e-09	4.35461717e-09	3.231684496e-09	
0.999999983	4.614484622e-09	4.762441691e-09	4.35461717e-09	3.231684496e-09	
0.999999983	4.614791746e-09	4.762442056e-09	4.354890877e-09	3.231684738e-09	
0.999999983	4.614791746e-09	4.762442056e-09	4.354890877e-09	3.231684738e-09	
0.9999999829	4.614544574e-09	4.762503876e-09	4.451487026e-09	3.231724932e-09	
0.999999983	4.614791746e-09	4.762442056e-09	4.354890877e-09	3.231684738e-09	
0.999999983	4.610805556e-09	4.762439624e-09	4.354888675e-09	3.2316831e-09	
0.9999949464	5.000652116e-09	5.160648607e-09	5.039932905e-06	3.501886908e-09	
0.999999983	4.614484622e-09	4.762441691e-09	4.35461717e-09	3.231684496e-09	
0.999999983	4.614791746e-09	4.762442056e-09	4.354890877e-09	3.231684738e-09	
0.9999999829	4.614278982e-09	4.762501093e-09	4.447349739e-09	3.231723117e-09	
0.9999946494	5.336980203e-06	5.16057178e-09	4.819376719e-09	3.605546616e-09	
0.9999999829	4.614278982e-09	4.762501093e-09	4.447349739e-09	3.231723117e-09	
0.9999999829	4.614278982e-09	4.762501093e-09	4.447349739e-09	3.231723117e-09	
0.9999999829	4.614586093e-09	4.762501458e-09	4.447629276e-09	3.231723359e-09	
0.9999999829	4.614586093e-09	4.762501458e-09	4.447629276e-09	3.231723359e-09	
0.9999999828	4.614338932e-09	4.762563279e-09	4.546282462e-09	3.231763554e-09	
0.9999999829	4.614586093e-09	4.762501458e-09	4.447629276e-09	3.231723359e-09	
0.9999999829	4.610600081e-09	4.762499026e-09	4.447627027e-09	3.231721721e-09	
0.9999948391	5.000428731e-09	5.160712423e-09	5.147258878e-06	3.501928383e-09	
0.9999999829	4.614278982e-09	4.762501093e-09	4.447349739e-09	3.231723117e-09	
0.9999999829	4.614586093e-09	4.762501458e-09	4.447629276e-09	3.231723359e-09	
0.9999999828	4.614073352e-09	4.762560496e-09	4.54205707e-09	3.231761739e-09	
0.9998473585	1.551376371e-08	1.617760828e-08	0.0001525989066	1.087407522e-08	
0.9999946493	5.337218049e-06	5.160507412e-09	4.71888694e-09	3.605503526e-09	
0.9999946493	5.337218049e-06	5.160507412e-09	4.71888694e-09	3.605503526e-09	
0.9999946489	5.337573274e-06	5.160507806e-09	4.719183542e-09	3.605503795e-09	
0.9999946489	5.337573274e-06	5.160507806e-09	4.719183542e-09	3.605503795e-09	
0.9999946491	5.337287391e-06	5.160574794e-09	4.823860094e-09	3.605548639e-09	
0.9999946489	5.337573274e-06	5.160507806e-09	4.719183542e-09	3.605503795e-09	
0.9999887451	5.783863153e-06	5.591993354e-09	5.46152555e-06	3.906957705e-09	
0.9999946493	5.337218049e-06	5.160507412e-09	4.71888694e-09	3.605503526e-09	
0.9999946489	5.337573274e-06	5.160507806e-09	4.719183542e-09	3.605503795e-09	
0.9999946494	5.336980203e-06	5.16057178e-09	4.819376719e-09	3.605546616e-09	
0.999999983	4.614484622e-09	4.762441691e-09	4.35461717e-09	3.231684496e-09	
0.999999983	4.614791746e-09	4.762442056e-09	4.354890877e-09	3.231684738e-09	
0.999999983	4.614791746e-09	4.762442056e-09	4.354890877e-09	3.231684738e-09	
0.9999999829	4.614544574e-09	4.762503876e-09	4.451487026e-09	3.231724932e-09	
0.999999983	4.614791746e-09	4.762442056e-09	4.354890877e-09	3.231684738e-09	
0.999999983	4.610805556e-09	4.762439624e-09	4.354888675e-09	3.2316831e-09	
0.9999949464	5.000652116e-09	5.160648607e-09	5.039932905e-06	3.501886908e-09	
0.999999983	4.614484622e-09	4.762441691e-09	4.35461717e-09	3.231684496e-09	
0.999999983	4.614791746e-09	4.762442056e-09	4.354890877e-09	3.231684738e-09	
0.9999999829	4.614278982e-09	4.762501093e-09	4.447349739e-09	3.231723117e-09	
0.999999983	4.614791746e-09	4.762442056e-09	4.354890877e-09	3.231684738e-09	
0.999999983	4.614791746e-09	4.762442056e-09	4.354890877e-09	3.231684738e-09	
0.9999999829	4.614544574e-09	4.762503876e-09	4.451487026e-09	3.231724932e-09	
0.999999983	4.614791746e-09	4.762442056e-09	4.354890877e-09	3.231684738e-09	
0.999999983	4.610805556e-09	4.762439624e-09	4.354888675e-09	3.2316831e-09	
0.9999949464	5.000652116e-09	5.160648607e-09	5.039932905e-06	3.501886908e-09	
0.999999983	4.614484622e-09	4.762441691e-09	4.35461717e-09	3.231684496e-09	
0.999999983	4.614791746e-09	4.762442056e-09	4.354890877e-09	3.231684738e-09	
0.9999999829	4.614278982e-09	4.762501093e-09	4.447349739e-09	3.231723117e-09	
0.999999983	4.615098891e-09	4.762442422e-09	4.355164602e-09	3.23168498e-09	
0.9999999829	4.614851702e-09	4.762504241e-09	4.451766823e-09	3.231725174e-09	
0.999999983	4.615098891e-09	4.762442422e-09	4.355164602e-09	3.23168498e-09	
0.999999983	4.611112435e-09	4.762439989e-09	4.3551624e-09	3.231683342e-09	
0.9999949461	5.00098494e-09	5.160649002e-09	5.040249687e-06	3.501887169e-09	
0.999999983	4.614791746e-09	4.762442056e-09	4.354890877e-09	3.231684738e-09	
0.9999999829	4.614586093e-09	4.762501458e-09	4.447629276e-09	3.231723359e-09	
0.9999999829	4.614851702e-09	4.762504241e-09	4.451766823e-09	3.231725174e-09	
0.999999983	4.611112435e-09	4.762439989e-09	4.3551624e-09	3.231683342e-09	
0.9999949461	5.00098494e-09	5.160649002e-09	5.040249687e-06	3.501887169e-09	
0.999999983	4.614791746e-09	4.762442056e-09	4.354890877e-09	3.231684738e-09	
0.999999983	4.615098891e-09	4.762442422e-09	4.355164602e-09	3.23168498e-09	
0.9999999829	4.614586093e-09	4.762501458e-09	4.447629276e-09	3.231723359e-09	
0.9999999829	4.614851702e-09	4.762504241e-09	4.451766823e-09	3.231725174e-09	
0.9999999829	4.61086546e-09	4.762501809e-09	4.451764572e-09	3.231723536e-09	
0.9999999829	4.614544574e-09	4.762503876e-09	4.451487026e-09	3.231724932e-09	
0.9999999829	4.614851702e-09	4.762504241e-09	4.451766823e-09	3.231725174e-09	
0.9999999828	4.614338932e-09	4.762563279e-09	4.546282462e-09	3.231763554e-09	
0.9998472166	1.551465446e-08	1.617761543e-08	0.0001527408448	1.087407979e-08	
0.999999983	4.611112435e-09	4.762439989e-09	4.3551624e-09	3.231683342e-09	
0.9999949461	5.00098494e-09	5.160649002e-09	5.040249687e-06	3.501887169e-09	
0.999999983	4.614791746e-09	4.762442056e-09	4.354890877e-09	3.231684738e-09	
0.999999983	4.615098891e-09	4.762442422e-09	4.355164602e-09	3.23168498e-09	
0.9999999829	4.614586093e-09	4.762501458e-09	4.447629276e-09	3.231723359e-09	
0.9999949461	4.996665162e-09	5.160646366e-09	5.040247138e-06	3.501885394e-09	
0.999999983	4.610805556e-09	4.762439624e-09	4.354888675e-09	3.2316831e-09	
0.999999983	4.611112435e-09	4.762439989e-09	4.3551624e-09	3.231683342e-09	
0.9999999829	4.610600081e-09	4.762499026e-09	4.447627027e-09	3.231721721e-09	
0.9999949464	5.000652116e-09	5.160648607e-09	5.039932905e-06	3.501886908e-09	
0.9999949461	5.00098494e-09	5.160649002e-09	5.040249687e-06	3.501887169e-09	
0.9999948391	5.000428731e-09	5.160712423e-09	5.147258878e-06	3.501928383e-09	
0.001064016535	6.787143184e-08	7.009886554e-08	0.9989357979	4.756719534e-08	
0.999999983	4.614791746e-09	4.762442056e-09	4.354890877e-09	3.231684738e-09	
0.9999999829	4.614278982e-09	4.762501093e-09	4.447349739e-09	3.231723117e-09	
0.9999999829	4.614586093e-09	4.762501458e-09	4.447629276e-09	3.231723359e-09	
0.9998473585	1.551376371e-08	1.617760828e-08	0.0001525989066	1.087407522e-08	
6.803026182e-09	6.684478548e-09	6.909815816e-09	6.308593961e-09	0.9999999733	
6.803026182e-09	6.684478548e-09	6.909815816e-09	6.308593961e-09	0.9999999733	
6.803026182e-09	6.684478548e-09	6.909815816e-09	6.308593961e-09	0.9999999733	
6.803026182e-09	6.684478548e-09	6.909815816e-09	6.308593961e-09	0.9999999733	
6.803026182e-09	6.684478548e-09	6.909815816e-09	6.308593961e-09	0.9999999733	
6.803026181e-09	6.68447801e-09	6.909815794e-09	6.308593961e-09	0.9999999733	
6.803026182e-09	6.684478548e-09	6.909815816e-09	6.308593961e-09	0.9999999733	
6.803026181e-09	6.68447801e-09	6.909815794e-09	6.308593961e-09	0.9999999733	
6.803026181e-09	6.68447801e-09	6.909815794e-09	6.308593961e-09	0.9999999733	
6.803026182e-09	6.684478548e-09	6.909815816e-09	6.308593961e-09	0.9999999733	
6.803026182e-09	6.684478548e-09	6.909815816e-09	6.308593961e-09	0.9999999733	
6.803026182e-09	6.684478548e-09	6.909815816e-09	6.308593961e-09	0.9999999733	
6.803026182e-09	6.684478548e-09	6.909815816e-09	6.308593961e-09	0.9999999733	
6.803372399e-09	7.26399633e-09	6.93196723e-09	6.308912925e-09	0.9999999727	
6.803026182e-09	6.684478548e-09	6.909815816e-09	6.308593961e-09	0.9999999733	
6.803026182e-09	6.684478548e-09	6.909815816e-09	6.308593961e-09	0.9999999733	
6.803026182e-09	6.684478548e-09	6.909815816e-09	6.308593961e-09	0.9999999733	
6.803026182e-09	6.684478548e-09	6.909815816e-09	6.308593961e-09	0.9999999733	
6.803026181e-09	6.68447801e-09	6.909815794e-09	6.308593961e-09	0.9999999733	
6.803026182e-09	6.684478548e-09	6.909815816e-09	6.308593961e-09	0.9999999733	
6.803026181e-09	6.68447801e-09	6.909815794e-09	6.308593961e-09	0.9999999733	
6.803026181e-09	6.68447801e-09	6.909815794e-09	6.308593961e-09	0.9999999733	
6.803026182e-09	6.684478548e-09	6.909815816e-09	6.308593961e-09	0.9999999733	
6.803026182e-09	6.684478548e-09	6.909815816e-09	6.308593961e-09	0.9999999733	
6.803026182e-09	6.684478548e-09	6.909815816e-09	6.308593961e-09	0.9999999733	
6.803026182e-09	6.684478548e-09	6.909815816e-09	6.308593961e-09	0.9999999733	
6.803372399e-09	7.26399633e-09	6.93196723e-09	6.308912925e-09	0.9999999727	
6.803026182e-09	6.684478548e-09	6.909815816e-09	6.308593961e-09	0.9999999733	
6.803026182e-09	6.684478548e-09	6.909815816e-09	6.308593961e-09	0.9999999733	
6.803026182e-09	6.684478548e-09	6.909815816e-09	6.308593961e-09	0.9999999733	
6.803026181e-09	6.68447801e-09	6.909815794e-09	6.308593961e-09	0.9999999733	
6.803026182e-09	6.684478548e-09	6.909815816e-09	6.308593961e-09	0.9999999733	
6.803026181e-09	6.68447801e-09	6.909815794e-09	6.308593961e-09	0.9999999733	
6.803026181e-09	6.68447801e-09	6.909815794e-09	6.308593961e-09	0.9999999733	
6.803026182e-09	6.684478548e-09	6.909815816e-09	6.308593961e-09	0.9999999733	
6.803026182e-09	6.684478548e-09	6.909815816e-09	6.308593961e-09	0.9999999733	
6.803026182e-09	6.684478548e-09	6.909815816e-09	6.308593961e-09	0.9999999733	
6.803026182e-09	6.684478548e-09	6.909815816e-09	6.308593961e-09	0.9999999733	
6.803372399e-09	7.26399633e-09	6.93196723e-09	6.308912925e-09	0.9999999727	
6.803026182e-09	6.684478548e-09	6.909815816e-09	6.308593961e-09	0.9999999733	
6.803026182e-09	6.684478548e-09	6.909815816e-09	6.308593961e-09	0.9999999733	
6.803026181e-09	6.68447801e-09	6.909815794e-09	6.308593961e-09	0.9999999733	
6.803026182e-09	6.684478548e-09	6.909815816e-09	6.308593961e-09	0.9999999733	
6.803026181e-09	6.68447801e-09	6.909815794e-09	6.308593961e-09	0.9999999733	
6.803026181e-09	6.68447801e-09	6.909815794e-09	6.308593961e-09	0.9999999733	
6.803026182e-09	6.684478548e-09	6.909815816e-09	6.308593961e-09	0.9999999733	
6.803026182e-09	6.684478548e-09	6.909815816e-09	6.308593961e-09	0.9999999733	
6.803026182e-09	6.684478548e-09	6.909815816e-09	6.308593961e-09	0.9999999733	
6.803026182e-09	6.684478548e-09	6.909815816e-09	6.308593961e-09	0.9999999733	
6.803372399e-09	7.26399633e-09	6.93196723e-09	6.308912925e-09	0.9999999727	
6.803026182e-09	6.684478548e-09	6.909815816e-09	6.308593961e-09	0.9999999733	
6.803026181e-09	6.68447801e-09	6.909815794e-09	6.308593961e-09	0.9999999733	
6.803026182e-09	6.684478548e-09	6.909815816e-09	6.308593961e-09	0.9999999733	
6.803026181e-09	6.68447801e-09	6.909815794e-09	6.308593961e-09	0.9999999733	
6.803026181e-09	6.68447801e-09	6.909815794e-09	6.308593961e-09	0.9999999733	
6.803026182e-09	6.684478548e-09	6.909815816e-09	6.308593961e-09	0.9999999733	
6.803026182e-09	6.684478548e-09	6.909815816e-09	6.308593961e-09	0.9999999733	
6.803026182e-09	6.684478548e-09	6.909815816e-09	6.308593961e-09	0.9999999733	
6.803026182e-09	6.684478548e-09	6.909815816e-09	6.308593961e-09	0.9999999733	
6.803372399e-09	7.26399633e-09	6.93196723e-09	6.308912925e-09	0.9999999727	
6.803026181e-09	6.68447801e-09	6.909815794e-09	6.308593961e-09	0.9999999733	
6.803026182e-09	6.684478548e-09	6.909815816e-09	6.308593961e-09	0.9999999733	
6.803026181e-09	6.68447801e-09	6.909815794e-09	6.308593961e-09	0.9999999733	
6.803026181e-09	6.68447801e-09	6.909815794e-09	6.308593961e-09	0.9999999733	
6.803026182e-09	6.684478548e-09	6.909815816e-09	6.308593961e-09	0.9999999733	
6.803026182e-09	6.684478548e-09	6.909815816e-09	6.308593961e-09	0.9999999733	
6.803026182e-09	6.684478548e-09	6.909815816e-09	6.308593961e-09	0.9999999733	
6.803026182e-09	6.684478548e-09	6.909815816e-09	6.308593961e-09	0.9999999733	
6.803372399e-09	7.26399633e-09	6.93196723e-09	6.308912925e-09	0.9999999727	
6.803026181e-09	6.68447801e-09	6.909815794e-09	6.308593961e-09	0.9999999733	
6.80302618e-09	6.684477472e-09	6.909815773e-09	6.30859396e-09	0.9999999733	
6.80302618e-09	6.684477472e-09	6.909815773e-09	6.30859396e-09	0.9999999733	
6.803026181e-09	6.68447801e-09	6.909815794e-09	6.308593961e-09	0.9999999733	
6.803026181e-09	6.68447801e-09	6.909815794e-09	6.308593961e-09	0.9999999733	
6.803026181e-09	6.68447801e-09	6.909815794e-09	6.308593961e-09	0.9999999733	
6.803026181e-09	6.68447801e-09	6.909815794e-09	6.308593961e-09	0.9999999733	
6.803026181e-09	6.68447801e-09	6.909815794e-09	6.308593961e-09	0.9999999733	
6.803026181e-09	6.68447801e-09	6.909815794e-09	6.308593961e-09	0.9999999733	
6.803026182e-09	6.684478548e-09	6.909815816e-09	6.308593961e-09	0.9999999733	
6.803026182e-09	6.684478548e-09	6.909815816e-09	6.308593961e-09	0.9999999733	
6.803026182e-09	6.684478548e-09	6.909815816e-09	6.308593961e-09	0.9999999733	
6.803026182e-09	6.684478548e-09	6.909815816e-09	6.308593961e-09	0.9999999733	
6.803372399e-09	7.26399633e-09	6.93196723e-09	6.308912925e-09	0.9999999727	
6.80302618e-09	6.684477472e-09	6.909815773e-09	6.30859396e-09	0.9999999733	
6.803026181e-09	6.68447801e-09	6.909815794e-09	6.308593961e-09	0.9999999733	
6.803026181e-09	6.68447801e-09	6.909815794e-09	6.308593961e-09	0.9999999733	
6.803026181e-09	6.68447801e-09	6.909815794e-09	6.308593961e-09	0.9999999733	
6.803026181e-09	6.68447801e-09	6.909815794e-09	6.308593961e-09	0.9999999733	
6.803026181e-09	6.68447801e-09	6.909815794e-09	6.308593961e-09	0.9999999733	
6.803026181e-09	6.68447801e-09	6.909815794e-09	6.308593961e-09	0.9999999733	
6.803026181e-09	6.68447801e-09	6.909815794e-09	6.308593961e-09	0.9999999733	
6.803026181e-09	6.68447801e-09	6.909815794e-09	6.308593961e-09	0.9999999733	
6.803026182e-09	6.684478548e-09	6.909815816e-09	6.308593961e-09	0.9999999733	
6.803026182e-09	6.684478548e-09	6.909815816e-09	6.308593961e-09	0.9999999733	
6.803026182e-09	6.684478548e-09	6.909815816e-09	6.308593961e-09	0.9999999733	
6.803372399e-09	7.26399633e-09	6.93196723e-09	6.308912925e-09	0.9999999727	
6.803026182e-09	6.684478548e-09	6.909815816e-09	6.308593961e-09	0.9999999733	
6.803026182e-09	6.684478548e-09	6.909815816e-09	6.308593961e-09	0.9999999733	
6.803372399e-09	7.26399633e-09	6.93196723e-09	6.308912925e-09	0.9999999727	
6.803026182e-09	6.684478548e-09	6.909815816e-09	6.308593961e-09	0.9999999733	
6.803372399e-09	7.26399633e-09	6.93196723e-09	6.308912925e-09	0.9999999727	
6.803372399e-09	7.26399633e-09	6.93196723e-09	6.308912925e-09	0.9999999727	
5.056370517e-09	5.021714601e-09	5.155714321e-09	0.9999999813	3.499686221e-09	
5.07461651e-09	5.021725161e-09	5.155725247e-09	0.9999999812	3.499693332e-09	
5.784750301e-09	5.02211328e-09	5.156124984e-09	0.9999999805	3.499955527e-09	
5.056370517e-09	5.021714601e-09	5.155714321e-09	0.9999999813	3.499686221e-09	
5.07461651e-09	5.021725161e-09	5.155725247e-09	0.9999999812	3.499693332e-09	
7.409172037e-09	7.317426626e-09	3.397857857e-05	0.9999660016	5.099578158e-09	
5.073651909e-09	5.072767262e-09	5.174710994e-09	0.9999999812	3.513659007e-09	
5.056382712e-09	5.021726654e-09	5.177037661e-09	0.9999999812	3.499694354e-09	
5.056383088e-09	5.021727507e-09	5.178467491e-09	0.9999999812	3.499694907e-09	
5.05642371e-09	5.072757063e-09	5.174700594e-09	0.9999999812	3.513652234e-09	
5.0736092e-09	5.021735313e-09	5.17466731e-09	0.9999999812	3.499700169e-09	
5.056370483e-09	5.021714593e-09	5.155714312e-09	0.9999999813	3.499686219e-09	
5.074628094e-09	5.021736515e-09	5.175787917e-09	0.9999999812	3.499700988e-09	
5.05638196e-09	5.021725967e-09	5.175776898e-09	0.9999999812	3.499693879e-09	
5.056382712e-09	5.021726689e-09	5.177037647e-09	0.9999999812	3.499694361e-09	
5.056418246e-09	5.079221675e-09	5.155763126e-09	0.9999999812	3.515400142e-09	
5.075717985e-09	4.968226265e-09	5.156935742e-09	0.9999999813	3.484971972e-09	
5.074559943e-09	4.968213666e-09	5.13569446e-09	0.9999999813	3.484963425e-09	
5.784685817e-09	4.968597649e-09	5.136092645e-09	0.9999999806	3.485224516e-09	
5.074559943e-09	4.968213666e-09	5.13569446e-09	0.9999999813	3.484963425e-09	
5.073595353e-09	5.018711863e-09	5.154606445e-09	0.9999999813	3.49887032e-09	
5.056326348e-09	4.968215144e-09	5.156924072e-09	0.9999999813	3.484964443e-09	
5.056326724e-09	4.968215987e-09	5.158348347e-09	0.9999999813	3.484964994e-09	
5.056367345e-09	5.018701772e-09	5.154596085e-09	0.9999999813	3.498863575e-09	
5.073552644e-09	4.96822371e-09	5.154562931e-09	0.9999999813	3.484970233e-09	
5.056314119e-09	4.968203211e-09	5.135683568e-09	0.9999999814	3.484956342e-09	
5.074571527e-09	4.968224899e-09	5.155679184e-09	0.9999999813	3.484971049e-09	
5.056325596e-09	4.968214464e-09	5.155668207e-09	0.9999999813	3.484963969e-09	
5.056326348e-09	4.968215178e-09	5.156924058e-09	0.9999999813	3.484964449e-09	
5.056361882e-09	5.025097497e-09	5.135732192e-09	0.9999999813	3.500604126e-09	
5.094033794e-09	4.968236712e-09	5.156946671e-09	0.9999999813	3.484979054e-09	
5.075717985e-09	4.968226265e-09	5.156935742e-09	0.9999999813	3.484971972e-09	
5.094033794e-09	4.968236712e-09	5.156946671e-09	0.9999999813	3.484979054e-09	
7.4375221e-09	7.239485663e-09	3.398662804e-05	0.9999659936	5.078137206e-09	
5.093065503e-09	5.018735143e-09	5.175936916e-09	0.9999999812	3.498886011e-09	
5.075730227e-09	4.968238189e-09	5.178264134e-09	0.9999999813	3.484980071e-09	
5.075730604e-09	4.968239033e-09	5.179694303e-09	0.9999999813	3.484980622e-09	
5.075771382e-09	5.018725052e-09	5.175926513e-09	0.9999999812	3.498879266e-09	
5.093022629e-09	4.968246756e-09	5.175893222e-09	0.9999999813	3.484985861e-09	
5.075717951e-09	4.968226256e-09	5.156935734e-09	0.9999999813	3.484971971e-09	
5.094045423e-09	4.968247944e-09	5.177014094e-09	0.9999999813	3.484986677e-09	
3.151921155e-05	7.109479301e-09	7.449855206e-09	0.9999684612	4.986943667e-09	
5.075729472e-09	4.96823751e-09	5.177003072e-09	0.9999999813	3.484979598e-09	
5.075730227e-09	4.968238224e-09	5.17826412e-09	0.9999999813	3.484980078e-09	
5.075765897e-09	5.025120807e-09	5.156984559e-09	0.9999999812	3.500619825e-09	
5.805559948e-09	4.968608097e-09	5.136103529e-09	0.9999999806	3.485231599e-09	
5.074559943e-09	4.968213666e-09	5.13569446e-09	0.9999999813	3.484963425e-09	
5.092871573e-09	4.968224114e-09	5.135705344e-09	0.9999999813	3.484970507e-09	
5.091903502e-09	5.018722416e-09	5.154617369e-09	0.9999999812	3.49887743e-09	
5.074572182e-09	4.968225591e-09	5.156935001e-09	0.9999999813	3.484971525e-09	
5.074572559e-09	4.968226434e-09	5.158359279e-09	0.9999999813	3.484972075e-09	
5.074613327e-09	5.018712326e-09	5.154607009e-09	0.9999999813	3.498870685e-09	
5.091860639e-09	4.968234157e-09	5.154573854e-09	0.9999999813	3.484977315e-09	
5.074559908e-09	4.968213658e-09	5.135694452e-09	0.9999999813	3.484963424e-09	
5.092883199e-09	4.968235346e-09	5.15569011e-09	0.9999999813	3.48497813e-09	
3.151202056e-05	7.109461324e-09	7.419169502e-09	0.9999684685	4.986931473e-09	
5.074571427e-09	4.968224911e-09	5.155679133e-09	0.9999999813	3.484971051e-09	
5.074572182e-09	4.968225625e-09	5.156934987e-09	0.9999999813	3.484971531e-09	
5.074607844e-09	5.025108064e-09	5.135743075e-09	0.9999999813	3.50061124e-09	
5.784685817e-09	4.968597649e-09	5.136092645e-09	0.9999999806	3.485224516e-09	
5.805559948e-09	4.968608097e-09	5.136103529e-09	0.9999999806	3.485231599e-09	
5.804456407e-09	5.019110302e-09	5.15501702e-09	0.9999999805	3.499139563e-09	
5.784699769e-09	4.968609574e-09	5.157334832e-09	0.9999999806	3.485232616e-09	
5.784746672e-09	5.019100211e-09	5.155006659e-09	0.9999999805	3.499132818e-09	
5.804407545e-09	4.968618141e-09	5.154973503e-09	0.9999999806	3.485238407e-09	
5.784685778e-09	4.96859764e-09	5.136092636e-09	0.9999999806	3.485224515e-09	
5.805573201e-09	4.96861933e-09	5.156089845e-09	0.9999999806	3.485239223e-09	
5.784698909e-09	4.968608895e-09	5.156078867e-09	0.9999999806	3.485232143e-09	
5.784699769e-09	4.968609609e-09	5.157334818e-09	0.9999999806	3.485232623e-09	
5.784740421e-09	5.025496444e-09	5.136141264e-09	0.9999999806	3.500873503e-09	
5.074559943e-09	4.968213666e-09	5.13569446e-09	0.9999999813	3.484963425e-09	
5.073595353e-09	5.018711863e-09	5.154606445e-09	0.9999999813	3.49887032e-09	
5.056326348e-09	4.968215144e-09	5.156924072e-09	0.9999999813	3.484964443e-09	
5.056326724e-09	4.968215987e-09	5.158348347e-09	0.9999999813	3.484964994e-09	
5.056367345e-09	5.018701772e-09	5.154596085e-09	0.9999999813	3.498863575e-09	
5.073552644e-09	4.96822371e-09	5.154562931e-09	0.9999999813	3.484970233e-09	
5.056314119e-09	4.968203211e-09	5.135683568e-09	0.9999999814	3.484956342e-09	
5.074571527e-09	4.968224899e-09	5.155679184e-09	0.9999999813	3.484971049e-09	
5.056325596e-09	4.968214464e-09	5.155668207e-09	0.9999999813	3.484963969e-09	
5.056326348e-09	4.968215178e-09	5.156924058e-09	0.9999999813	3.484964449e-09	
5.056361882e-09	5.025097497e-09	5.135732192e-09	0.9999999813	3.500604126e-09	
5.091903502e-09	5.018722416e-09	5.154617369e-09	0.9999999812	3.49887743e-09	
5.074572182e-09	4.968225591e-09	5.156935001e-09	0.9999999813	3.484971525e-09	
5.074572559e-09	4.968226434e-09	5.158359279e-09	0.9999999813	3.484972075e-09	
5.074613327e-09	5.018712326e-09	5.154607009e-09	0.9999999813	3.498870685e-09	
5.091860639e-09	4.968234157e-09	5.154573854e-09	0.9999999813	3.484977315e-09	
5.074559908e-09	4.968213658e-09	5.135694452e-09	0.9999999813	3.484963424e-09	
5.092883199e-09	4.968235346e-09	5.15569011e-09	0.9999999813	3.48497813e-09	
3.151202056e-05	7.109461324e-09	7.419169502e-09	0.9999684685	4.986931473e-09	
5.074571427e-09	4.968224911e-09	5.155679133e-09	0.9999999813	3.484971051e-09	
5.074572182e-09	4.968225625e-09	5.156934987e-09	0.9999999813	3.484971531e-09	
5.074607844e-09	5.025108064e-09	5.135743075e-09	0.9999999813	3.50061124e-09	
7.43441189e-09	7.313051218e-09	3.39712774e-05	0.9999660089	5.098389303e-09	
7.409107257e-09	7.239469459e-09	3.398655113e-05	0.9999659937	5.078126235e-09	
7.409107738e-09	7.23947062e-09	3.399593745e-05	0.9999659843	5.07812699e-09	
7.409167444e-09	7.313036515e-09	3.397120912e-05	0.999966009	5.098379475e-09	
7.43434931e-09	7.239482054e-09	3.397099063e-05	0.9999660093	5.078134751e-09	
7.435842239e-09	7.239483733e-09	3.397834701e-05	0.9999660019	5.078135903e-09	
4.600763707e-05	1.035927492e-08	4.889426946e-05	0.9999050805	7.266493499e-09	
7.409106217e-09	7.239468528e-09	3.397827467e-05	0.999966002	5.078125587e-09	
7.409107258e-09	7.239469509e-09	3.398655104e-05	0.9999659937	5.078126245e-09	
5.07360759e-09	5.018723908e-09	5.175925203e-09	0.9999999812	3.498878451e-09	
5.073607967e-09	5.01872476e-09	5.177354726e-09	0.9999999812	3.498879004e-09	
5.073648727e-09	5.069723804e-09	5.173588638e-09	0.9999999812	3.512833077e-09	
5.09089276e-09	5.018732562e-09	5.173555362e-09	0.9999999812	3.498884265e-09	
5.073595318e-09	5.018711854e-09	5.154606437e-09	0.9999999813	3.498870318e-09	
3.150603083e-05	7.181723753e-09	7.446490335e-09	0.9999684743	5.006832065e-09	
5.073606835e-09	5.018723222e-09	5.174664711e-09	0.9999999812	3.498877976e-09	
5.07360759e-09	5.018723943e-09	5.175925189e-09	0.9999999812	3.498878458e-09	
5.073643245e-09	5.07618455e-09	5.154655239e-09	0.9999999812	3.514580577e-09	
5.056338919e-09	4.968227911e-09	5.179682582e-09	0.9999999813	3.484973093e-09	
5.056379541e-09	5.018713818e-09	5.1759148e-09	0.9999999813	3.498871706e-09	
5.07356488e-09	4.968235635e-09	5.175881509e-09	0.9999999813	3.484978332e-09	
5.056326314e-09	4.968215135e-09	5.156924064e-09	0.9999999813	3.484964441e-09	
5.074583766e-09	4.968236823e-09	5.177002379e-09	0.9999999813	3.484979148e-09	
5.056337791e-09	4.968226388e-09	5.176991357e-09	0.9999999813	3.484972069e-09	
5.056338544e-09	4.968227102e-09	5.178252402e-09	0.9999999813	3.484972549e-09	
5.056379916e-09	5.01871467e-09	5.17734432e-09	0.9999999812	3.498872259e-09	
5.073565257e-09	4.968236478e-09	5.17731102e-09	0.9999999813	3.484978883e-09	
5.056326689e-09	4.968215978e-09	5.158348339e-09	0.9999999813	3.484964992e-09	
5.074584143e-09	4.968237667e-09	5.178432199e-09	0.9999999813	3.484979699e-09	
5.056338167e-09	4.968227232e-09	5.178421174e-09	0.9999999813	3.484972619e-09	
5.056374452e-09	5.025110411e-09	5.158397177e-09	0.9999999813	3.500612815e-09	
5.073606017e-09	5.018722472e-09	5.173544964e-09	0.9999999812	3.498877519e-09	
5.056367311e-09	5.018701764e-09	5.154596076e-09	0.9999999813	3.498863573e-09	
5.074624911e-09	5.018723672e-09	5.174665328e-09	0.9999999812	3.498878339e-09	
5.056378789e-09	5.018713132e-09	5.17465431e-09	0.9999999813	3.498871231e-09	
5.056379541e-09	5.018713853e-09	5.175914786e-09	0.9999999813	3.498871713e-09	
5.056415074e-09	5.076174344e-09	5.154644879e-09	0.9999999812	3.514573802e-09	
5.073552609e-09	4.968223701e-09	5.154562922e-09	0.9999999813	3.484970231e-09	
5.091872262e-09	4.96824539e-09	5.174632044e-09	0.9999999813	3.484984938e-09	
3.150576562e-05	7.109475741e-09	7.446427475e-09	0.9999684747	4.986941245e-09	
5.073564126e-09	4.968234955e-09	5.174621027e-09	0.9999999813	3.484977859e-09	
5.073564881e-09	4.968235669e-09	5.175881495e-09	0.9999999813	3.484978339e-09	
5.073600535e-09	5.025118223e-09	5.154611725e-09	0.9999999812	3.500618078e-09	
5.074571492e-09	4.96822489e-09	5.155679175e-09	0.9999999813	3.484971047e-09	
5.056325562e-09	4.968214455e-09	5.155668199e-09	0.9999999813	3.484963968e-09	
5.056326314e-09	4.968215169e-09	5.15692405e-09	0.9999999813	3.484964448e-09	
5.056361847e-09	5.025097489e-09	5.135732183e-09	0.9999999813	3.500604124e-09	
3.151209249e-05	7.109477397e-09	7.448039999e-09	0.9999684684	4.986942381e-09	
5.074583011e-09	4.968236144e-09	5.175741624e-09	0.9999999813	3.484978674e-09	
5.074583766e-09	4.968236858e-09	5.177002365e-09	0.9999999813	3.484979154e-09	
5.074619428e-09	5.025119425e-09	5.155727989e-09	0.9999999812	3.500618897e-09	
5.056337792e-09	4.968226423e-09	5.176991343e-09	0.9999999813	3.484972075e-09	
5.056373325e-09	5.025108871e-09	5.155717012e-09	0.9999999813	3.500611786e-09	
5.056374077e-09	5.025109593e-09	5.156972874e-09	0.9999999813	3.500612268e-09	
