4.616420481e-09	4.535976369e-09	0.9999999833	4.36537544e-09	3.181770016e-09	
4.616420481e-09	4.535976393e-09	0.9999999833	4.365375463e-09	3.18177002e-09	
4.616420481e-09	4.535976393e-09	0.9999999833	4.365375463e-09	3.18177002e-09	
4.616420481e-09	4.535976369e-09	0.9999999833	4.36537544e-09	3.181770016e-09	
4.61675249e-09	4.968574872e-09	0.9999999828	4.365686943e-09	3.276948121e-09	
4.616420481e-09	4.535976369e-09	0.9999999833	4.36537544e-09	3.181770016e-09	
4.616473899e-09	4.53602867e-09	0.9999999832	4.451558766e-09	3.181805381e-09	
4.616420481e-09	4.535976393e-09	0.9999999833	4.365375463e-09	3.18177002e-09	
4.616473899e-09	4.53602867e-09	0.9999999832	4.451558766e-09	3.181805381e-09	
4.616420481e-09	4.535976369e-09	0.9999999833	4.36537544e-09	3.181770016e-09	
4.616473899e-09	4.53602867e-09	0.9999999832	4.451558766e-09	3.181805381e-09	
4.616420481e-09	4.535976393e-09	0.9999999833	4.365375463e-09	3.18177002e-09	
4.616473899e-09	4.53602867e-09	0.9999999832	4.451558766e-09	3.181805381e-09	
1.498739508e-08	1.464424787e-08	0.9998587179	0.0001412421905	1.027220723e-08	
4.616367063e-09	4.535924093e-09	0.9999999834	4.280860667e-09	3.181734655e-09	
4.616367063e-09	4.535924093e-09	0.9999999834	4.280860667e-09	3.181734655e-09	
4.616367063e-09	4.535924068e-09	0.9999999834	4.280860645e-09	3.181734652e-09	
4.616699068e-09	4.968517583e-09	0.9999999829	4.281166117e-09	3.276911699e-09	
4.616367063e-09	4.535924068e-09	0.9999999834	4.280860645e-09	3.181734652e-09	
4.616420481e-09	4.535976369e-09	0.9999999833	4.36537544e-09	3.181770016e-09	
4.616367063e-09	4.535924093e-09	0.9999999834	4.280860667e-09	3.181734655e-09	
4.616420481e-09	4.535976369e-09	0.9999999833	4.36537544e-09	3.181770016e-09	
4.616367063e-09	4.535924068e-09	0.9999999834	4.280860645e-09	3.181734652e-09	
4.616420481e-09	4.535976369e-09	0.9999999833	4.36537544e-09	3.181770016e-09	
4.616367063e-09	4.535924093e-09	0.9999999834	4.280860667e-09	3.181734655e-09	
4.616420481e-09	4.535976369e-09	0.9999999833	4.36537544e-09	3.181770016e-09	
4.616367063e-09	4.535924117e-09	0.9999999834	4.28086069e-09	3.181734659e-09	
4.616367063e-09	4.535924093e-09	0.9999999834	4.280860667e-09	3.181734655e-09	
4.616699068e-09	4.96851761e-09	0.9999999829	4.28116614e-09	3.276911702e-09	
4.616367063e-09	4.535924093e-09	0.9999999834	4.280860667e-09	3.181734655e-09	
4.616420481e-09	4.535976393e-09	0.9999999833	4.365375463e-09	3.18177002e-09	
4.616367063e-09	4.535924117e-09	0.9999999834	4.28086069e-09	3.181734659e-09	
4.616420481e-09	4.535976393e-09	0.9999999833	4.365375463e-09	3.18177002e-09	
4.616367063e-09	4.535924093e-09	0.9999999834	4.280860667e-09	3.181734655e-09	
4.616420481e-09	4.535976393e-09	0.9999999833	4.365375463e-09	3.18177002e-09	
4.616420481e-09	4.535976393e-09	0.9999999833	4.365375463e-09	3.18177002e-09	
4.616367063e-09	4.535924093e-09	0.9999999834	4.280860667e-09	3.181734655e-09	
4.616699068e-09	4.96851761e-09	0.9999999829	4.28116614e-09	3.276911702e-09	
4.616367063e-09	4.535924093e-09	0.9999999834	4.280860667e-09	3.181734655e-09	
4.616420481e-09	4.535976393e-09	0.9999999833	4.365375463e-09	3.18177002e-09	
4.616420481e-09	4.535976393e-09	0.9999999833	4.365375463e-09	3.18177002e-09	
4.616367063e-09	4.535924093e-09	0.9999999834	4.280860667e-09	3.181734655e-09	
4.616420481e-09	4.535976393e-09	0.9999999833	4.365375463e-09	3.18177002e-09	
4.616367063e-09	4.535924117e-09	0.9999999834	4.28086069e-09	3.181734659e-09	
4.616420481e-09	4.535976393e-09	0.9999999833	4.365375463e-09	3.18177002e-09	
4.616699068e-09	4.968517583e-09	0.9999999829	4.281166117e-09	3.276911699e-09	
4.616367063e-09	4.535924068e-09	0.9999999834	4.280860645e-09	3.181734652e-09	
4.616420481e-09	4.535976369e-09	0.9999999833	4.36537544e-09	3.181770016e-09	
4.616367063e-09	4.535924093e-09	0.9999999834	4.280860667e-09	3.181734655e-09	
4.616420481e-09	4.535976369e-09	0.9999999833	4.36537544e-09	3.181770016e-09	
4.616367063e-09	4.535924068e-09	0.9999999834	4.280860645e-09	3.181734652e-09	
4.616420481e-09	4.535976369e-09	0.9999999833	4.36537544e-09	3.181770016e-09	
4.616367063e-09	4.535924093e-09	0.9999999834	4.280860667e-09	3.181734655e-09	
4.616420481e-09	4.535976369e-09	0.9999999833	4.36537544e-09	3.181770016e-09	
4.616699068e-09	4.968517583e-09	0.9999999829	4.281166117e-09	3.276911699e-09	
4.61675249e-09	4.968574872e-09	0.9999999828	4.365686943e-09	3.276948121e-09	
4.616699068e-09	4.96851761e-09	0.9999999829	4.28116614e-09	3.276911702e-09	
4.61675249e-09	4.968574872e-09	0.9999999828	4.365686943e-09	3.276948121e-09	
4.616699068e-09	4.968517583e-09	0.9999999829	4.281166117e-09	3.276911699e-09	
4.61675249e-09	4.968574872e-09	0.9999999828	4.365686943e-09	3.276948121e-09	
4.616699068e-09	4.96851761e-09	0.9999999829	4.28116614e-09	3.276911702e-09	
4.61675249e-09	4.968574872e-09	0.9999999828	4.365686943e-09	3.276948121e-09	
6.812495881e-08	0.0006666890465	0.9991201986	6.377834262e-08	0.0002129804568	
4.616420481e-09	4.535976369e-09	0.9999999833	4.36537544e-09	3.181770016e-09	
4.616367063e-09	4.535924093e-09	0.9999999834	4.280860667e-09	3.181734655e-09	
4.616420481e-09	4.535976369e-09	0.9999999833	4.36537544e-09	3.181770016e-09	
4.616367063e-09	4.535924068e-09	0.9999999834	4.280860645e-09	3.181734652e-09	
4.616420481e-09	4.535976369e-09	0.9999999833	4.36537544e-09	3.181770016e-09	
4.616367063e-09	4.535924093e-09	0.9999999834	4.280860667e-09	3.181734655e-09	
4.616420481e-09	4.535976369e-09	0.9999999833	4.36537544e-09	3.181770016e-09	
4.616420481e-09	4.535976393e-09	0.9999999833	4.365375463e-09	3.18177002e-09	
4.616473899e-09	4.53602867e-09	0.9999999832	4.451558766e-09	3.181805381e-09	
4.616420481e-09	4.535976369e-09	0.9999999833	4.36537544e-09	3.181770016e-09	
4.616473899e-09	4.53602867e-09	0.9999999832	4.451558766e-09	3.181805381e-09	
4.616420481e-09	4.535976393e-09	0.9999999833	4.365375463e-09	3.18177002e-09	
4.616473899e-09	4.53602867e-09	0.9999999832	4.451558766e-09	3.181805381e-09	
1.498739508e-08	1.464424787e-08	0.9998587179	0.0001412421905	1.027220723e-08	
4.616420481e-09	4.535976393e-09	0.9999999833	4.365375463e-09	3.18177002e-09	
4.616367063e-09	4.535924093e-09	0.9999999834	4.280860667e-09	3.181734655e-09	
4.616420481e-09	4.535976393e-09	0.9999999833	4.365375463e-09	3.18177002e-09	
4.616367063e-09	4.535924117e-09	0.9999999834	4.28086069e-09	3.181734659e-09	
4.616420481e-09	4.535976393e-09	0.9999999833	4.365375463e-09	3.18177002e-09	
4.616420481e-09	4.535976369e-09	0.9999999833	4.36537544e-09	3.181770016e-09	
4.616473899e-09	4.53602867e-09	0.9999999832	4.451558766e-09	3.181805381e-09	
4.616420481e-09	4.535976393e-09	0.9999999833	4.365375463e-09	3.18177002e-09	
4.616473899e-09	4.53602867e-09	0.9999999832	4.451558766e-09	3.181805381e-09	
1.498739508e-08	1.464424787e-08	0.9998587179	0.0001412421905	1.027220723e-08	
4.616420481e-09	4.535976369e-09	0.9999999833	4.36537544e-09	3.181770016e-09	
4.616367063e-09	4.535924093e-09	0.9999999834	4.280860667e-09	3.181734655e-09	
4.616420481e-09	4.535976369e-09	0.9999999833	4.36537544e-09	3.181770016e-09	
4.616420481e-09	4.535976393e-09	0.9999999833	4.365375463e-09	3.18177002e-09	
4.616473899e-09	4.53602867e-09	0.9999999832	4.451558766e-09	3.181805381e-09	
1.498739508e-08	1.464424787e-08	0.9998587179	0.0001412421905	1.027220723e-08	
4.616420481e-09	4.535976393e-09	0.9999999833	4.365375463e-09	3.18177002e-09	
1.498739508e-08	1.464424787e-08	0.9998587179	0.0001412421905	1.027220723e-08	
2.681035584e-08	0.000634845304	2.737643034e-08	2.566368041e-08	0.9993650748	
8.214351464e-09	0.9140627339	8.372450539e-09	7.699174679e-09	0.08593724182	
8.227334248e-09	0.9134284542	8.385703737e-09	7.711343232e-09	0.08657152147	
1.339123692e-08	0.8809169283	1.36575862e-08	6.060645245e-05	0.1190224382	
2.681035584e-08	0.0006348453137	2.737643034e-08	2.566368041e-08	0.9993650748	
8.586817585e-09	0.8958677008	8.748822957e-09	8.125285189e-09	0.1041322737	
9.713253565e-09	0.9348097914	7.937672018e-09	7.302090448e-09	0.06519018362	
9.250952676e-09	0.8959338482	9.306250286e-06	8.753753844e-09	0.1040568275	
8.249873084e-09	0.9123301905	8.408712321e-09	7.826115393e-09	0.087669785	
8.052302509e-09	0.9219820951	8.205675014e-09	7.628736978e-09	0.07801788105	
8.391281866e-09	0.9054187264	8.554859943e-09	7.865008137e-09	0.09458124881	
2.425122901e-08	0.0005535181751	2.476831972e-08	2.296724735e-08	0.9994464098	
2.411170387e-08	0.0005490838957	2.462587989e-08	2.283510938e-08	0.9994508445	
2.854632227e-08	0.0003851765485	2.917339039e-08	0.0001305427139	0.999484223	
6.810213975e-09	3.307664925e-08	6.968165883e-09	6.586905313e-09	0.9999999466	
2.092351899e-08	0.0004477563772	2.136168964e-08	2.000531557e-08	0.9995521813	
3.779555297e-08	0.0007460958782	3.09494268e-08	2.870962291e-08	0.9992538067	
2.255764186e-08	0.0004481037651	2.273869041e-05	2.156780115e-08	0.9995291134	
2.387505641e-08	0.0005415575267	2.438429007e-08	2.28848299e-08	0.9994583713	
2.618430897e-08	0.0006149487633	2.673737886e-08	2.506559274e-08	0.9993849732	
2.251070966e-08	0.0004982023367	2.299626281e-08	2.131887857e-08	0.9995017308	
1.778038411e-08	0.000347864566	1.815922024e-08	1.703866403e-08	0.9996520825	
8.428175998e-09	0.9019486033	8.592163265e-09	7.815617977e-09	0.09805137186	
2.425122901e-08	0.0005535181835	2.476831972e-08	2.296724735e-08	0.9994464098	
8.774066688e-09	0.8823591075	8.941427787e-09	8.214216436e-09	0.1176408666	
9.981350966e-09	0.9259353245	8.158424555e-09	7.423874869e-09	0.07406464993	
9.452784304e-09	0.8824335936	9.511227475e-06	8.84965731e-09	0.1175568768	
8.259127321e-09	0.9115266403	8.418155487e-09	7.741507794e-09	0.08847333526	
8.586141877e-09	0.8930011605	8.755303515e-09	7.962102459e-09	0.1069988142	
9.283331258e-09	0.8535132966	9.463787359e-09	8.71069446e-09	0.1464866759	
2.411170387e-08	0.0005490839041	2.462587989e-08	2.283510938e-08	0.9994508445	
8.785685006e-09	0.8815211619	8.953289649e-09	8.225093427e-09	0.1184788121	
9.998084979e-09	0.9253815198	8.172122397e-09	7.436321208e-09	0.07461845462	
9.465307569e-09	0.881596156	9.523851495e-06	8.861381546e-09	0.1183943018	
8.462361215e-09	0.8999985515	8.627071581e-09	7.942356446e-09	0.1000014234	
8.598250016e-09	0.8922297589	8.767671681e-09	7.973330587e-09	0.1077702157	
9.293459851e-09	0.8525042307	9.474136045e-09	8.720198284e-09	0.1474957418	
2.854632227e-08	0.0003851765543	2.917339039e-08	0.0001305427139	0.999484223	
1.411512939e-08	0.8391524082	1.439344502e-08	6.380832621e-05	0.160783755	
1.520736543e-08	0.8392431533	1.531104207e-05	6.87460842e-05	0.1606727744	
1.369824746e-08	0.863205356	1.397364588e-08	6.207977011e-05	0.1367325366	
1.34498581e-08	0.8775349996	1.371748302e-08	6.08746356e-05	0.1224040986	
1.475738387e-08	0.80209786	1.505374126e-08	6.68629579e-05	0.1978352472	
1.529054552e-08	9.379566481e-05	1.562963039e-08	0.9998693404	3.683305318e-05	
1.534263469e-08	9.373958567e-05	1.562627286e-08	0.999869405	3.682446847e-05	
1.529053692e-08	9.373939723e-05	1.562624145e-08	0.9998694053	3.682439749e-05	
1.529051829e-08	9.385884376e-05	1.556905311e-08	0.9998692676	3.684271115e-05	
2.092351899e-08	0.000447756384	2.136168964e-08	2.000531557e-08	0.9995521813	
3.779555297e-08	0.0007460958896	3.09494268e-08	2.870962291e-08	0.9992538067	
2.255764186e-08	0.0004481037719	2.273869041e-05	2.156780115e-08	0.9995291134	
2.387505641e-08	0.0005415575349	2.438429007e-08	2.28848299e-08	0.9994583713	
2.618430897e-08	0.0006149487727	2.673737886e-08	2.506559274e-08	0.9993849732	
2.251070966e-08	0.0004982023443	2.299626281e-08	2.131887857e-08	0.9995017308	
1.778038411e-08	0.0003478645713	1.815922024e-08	1.703866403e-08	0.9996520825	
1.046271175e-08	0.9100065249	8.548685049e-09	7.856354307e-09	0.08999344822	
9.809553241e-09	0.8585793387	9.866522953e-06	9.271530219e-09	0.1414107756	
8.80585117e-09	0.8800712619	8.973878828e-09	8.343814485e-09	0.1199287119	
8.628555004e-09	0.8928575931	8.791418114e-09	8.165164716e-09	0.1071423813	
8.931891992e-09	0.8709763153	9.104470434e-09	8.361970832e-09	0.1290236583	
9.57004776e-09	0.824953498	9.752440572e-09	9.065641106e-09	0.1750464736	
2.091832898e-08	0.0002187874197	2.134514422e-08	1.958359455e-08	0.9997811507	
1.127181034e-08	0.9100636371	9.09325997e-06	8.463928151e-09	0.08992724993	
1.002713941e-08	0.9244223484	8.195905567e-09	7.548253156e-09	0.07557762586	
9.772745908e-09	0.9328409791	7.986353019e-09	7.347161582e-09	0.06715899583	
1.020967985e-08	0.9183788865	8.347076305e-09	7.593699638e-09	0.08162108738	
1.115569849e-08	0.8870722948	9.118155785e-09	8.39570732e-09	0.1129276765	
0.001418628805	0.9983848989	8.587795793e-08	7.835417259e-08	0.0001963080185	
9.487044474e-09	0.8801471322	9.545763591e-06	8.989297001e-09	0.1198433035	
9.295940135e-09	0.8929256237	9.351581424e-06	8.796738685e-09	0.1070650067	
9.62290396e-09	0.8710576055	9.68474648e-06	9.008922099e-09	0.1289326911	
1.031080213e-08	0.8250602401	1.037438923e-05	9.767386289e-09	0.1749293654	
2.255205103e-08	0.000218957208	2.272108301e-05	2.111314647e-08	0.999758278	
8.294378612e-09	0.9097480162	8.454142329e-09	7.868706333e-09	0.09025195916	
9.311040815e-09	0.8507593501	9.492099322e-09	8.842503712e-09	0.1492406222	
8.434668243e-09	0.9026547063	8.599160836e-09	7.906046679e-09	0.09734526873	
9.15608635e-09	0.8661956652	9.33224059e-09	8.684013301e-09	0.1338043076	
1.777506535e-08	0.0001699685485	1.814422799e-08	1.6678629e-08	0.9998299789	
0.9999999829	4.614278981e-09	4.762501093e-09	4.447349739e-09	3.23172312e-09	
0.9999946493	5.337218048e-06	5.160507412e-09	4.71888694e-09	3.605503529e-09	
0.999999983	4.614484621e-09	4.762441691e-09	4.35461717e-09	3.231684499e-09	
0.999999983	4.614484621e-09	4.762441691e-09	4.35461717e-09	3.231684499e-09	
0.999999983	4.614791745e-09	4.762442056e-09	4.354890877e-09	3.231684741e-09	
0.999999983	4.614791745e-09	4.762442056e-09	4.354890877e-09	3.231684741e-09	
0.9999999829	4.614544573e-09	4.762503876e-09	4.451487026e-09	3.231724935e-09	
0.999999983	4.614791745e-09	4.762442056e-09	4.354890877e-09	3.231684741e-09	
0.999999983	4.610805555e-09	4.762439624e-09	4.354888675e-09	3.231683103e-09	
0.9999949464	5.000652115e-09	5.160648607e-09	5.039932905e-06	3.501886912e-09	
0.999999983	4.614484621e-09	4.762441691e-09	4.35461717e-09	3.231684499e-09	
0.999999983	4.614791745e-09	4.762442056e-09	4.354890877e-09	3.231684741e-09	
0.9999999829	4.614278981e-09	4.762501093e-09	4.447349739e-09	3.23172312e-09	
0.9999946494	5.336980202e-06	5.16057178e-09	4.819376719e-09	3.605546618e-09	
0.9999999829	4.614278981e-09	4.762501093e-09	4.447349739e-09	3.23172312e-09	
0.9999999829	4.614278981e-09	4.762501093e-09	4.447349739e-09	3.23172312e-09	
0.9999999829	4.614586092e-09	4.762501458e-09	4.447629276e-09	3.231723362e-09	
0.9999999829	4.614586092e-09	4.762501458e-09	4.447629276e-09	3.231723362e-09	
0.9999999828	4.614338931e-09	4.762563279e-09	4.546282462e-09	3.231763557e-09	
0.9999999829	4.614586092e-09	4.762501458e-09	4.447629276e-09	3.231723362e-09	
0.9999999829	4.61060008e-09	4.762499026e-09	4.447627027e-09	3.231721724e-09	
0.9999948391	5.00042873e-09	5.160712423e-09	5.147258878e-06	3.501928387e-09	
0.9999999829	4.614278981e-09	4.762501093e-09	4.447349739e-09	3.23172312e-09	
0.9999999829	4.614586092e-09	4.762501458e-09	4.447629276e-09	3.231723362e-09	
0.9999999828	4.614073351e-09	4.762560496e-09	4.54205707e-09	3.231761742e-09	
0.9998473585	1.551376371e-08	1.617760828e-08	0.0001525989066	1.087407523e-08	
0.9999946493	5.337218048e-06	5.160507412e-09	4.71888694e-09	3.605503529e-09	
0.9999946493	5.337218048e-06	5.160507412e-09	4.71888694e-09	3.605503529e-09	
0.9999946489	5.337573273e-06	5.160507806e-09	4.719183542e-09	3.605503797e-09	
0.9999946489	5.337573273e-06	5.160507806e-09	4.719183542e-09	3.605503797e-09	
0.9999946491	5.33728739e-06	5.160574794e-09	4.823860094e-09	3.605548642e-09	
0.9999946489	5.337573273e-06	5.160507806e-09	4.719183542e-09	3.605503797e-09	
0.9999887451	5.783863152e-06	5.591993354e-09	5.46152555e-06	3.906957708e-09	
0.9999946493	5.337218048e-06	5.160507412e-09	4.71888694e-09	3.605503529e-09	
0.9999946489	5.337573273e-06	5.160507806e-09	4.719183542e-09	3.605503797e-09	
0.9999946494	5.336980202e-06	5.16057178e-09	4.819376719e-09	3.605546618e-09	
0.999999983	4.614484621e-09	4.762441691e-09	4.35461717e-09	3.231684499e-09	
0.999999983	4.614791745e-09	4.762442056e-09	4.354890877e-09	3.231684741e-09	
0.999999983	4.614791745e-09	4.762442056e-09	4.354890877e-09	3.231684741e-09	
0.9999999829	4.614544573e-09	4.762503876e-09	4.451487026e-09	3.231724935e-09	
0.999999983	4.614791745e-09	4.762442056e-09	4.354890877e-09	3.231684741e-09	
0.999999983	4.610805555e-09	4.762439624e-09	4.354888675e-09	3.231683103e-09	
0.9999949464	5.000652115e-09	5.160648607e-09	5.039932905e-06	3.501886912e-09	
0.999999983	4.614484621e-09	4.762441691e-09	4.35461717e-09	3.231684499e-09	
0.999999983	4.614791745e-09	4.762442056e-09	4.354890877e-09	3.231684741e-09	
0.9999999829	4.614278981e-09	4.762501093e-09	4.447349739e-09	3.23172312e-09	
0.999999983	4.614791745e-09	4.762442056e-09	4.354890877e-09	3.231684741e-09	
0.999999983	4.614791745e-09	4.762442056e-09	4.354890877e-09	3.231684741e-09	
0.9999999829	4.614544573e-09	4.762503876e-09	4.451487026e-09	3.231724935e-09	
0.999999983	4.614791745e-09	4.762442056e-09	4.354890877e-09	3.231684741e-09	
0.999999983	4.610805555e-09	4.762439624e-09	4.354888675e-09	3.231683103e-09	
0.9999949464	5.000652115e-09	5.160648607e-09	5.039932905e-06	3.501886912e-09	
0.999999983	4.614484621e-09	4.762441691e-09	4.35461717e-09	3.231684499e-09	
0.999999983	4.614791745e-09	4.762442056e-09	4.354890877e-09	3.231684741e-09	
0.9999999829	4.614278981e-09	4.762501093e-09	4.447349739e-09	3.23172312e-09	
0.999999983	4.61509889e-09	4.762442422e-09	4.355164602e-09	3.231684983e-09	
0.9999999829	4.614851701e-09	4.762504241e-09	4.451766823e-09	3.231725177e-09	
0.999999983	4.61509889e-09	4.762442422e-09	4.355164602e-09	3.231684983e-09	
0.999999983	4.611112435e-09	4.762439989e-09	4.3551624e-09	3.231683345e-09	
0.9999949461	5.000984939e-09	5.160649002e-09	5.040249687e-06	3.501887173e-09	
0.999999983	4.614791745e-09	4.762442056e-09	4.354890877e-09	3.231684741e-09	
0.9999999829	4.614586092e-09	4.762501458e-09	4.447629276e-09	3.231723362e-09	
0.9999999829	4.614851701e-09	4.762504241e-09	4.451766823e-09	3.231725177e-09	
0.999999983	4.611112435e-09	4.762439989e-09	4.3551624e-09	3.231683345e-09	
0.9999949461	5.000984939e-09	5.160649002e-09	5.040249687e-06	3.501887173e-09	
0.999999983	4.614791745e-09	4.762442056e-09	4.354890877e-09	3.231684741e-09	
0.999999983	4.61509889e-09	4.762442422e-09	4.355164602e-09	3.231684983e-09	
0.9999999829	4.614586092e-09	4.762501458e-09	4.447629276e-09	3.231723362e-09	
0.9999999829	4.614851701e-09	4.762504241e-09	4.451766823e-09	3.231725177e-09	
0.9999999829	4.610865459e-09	4.762501809e-09	4.451764572e-09	3.231723539e-09	
0.9999999829	4.614544573e-09	4.762503876e-09	4.451487026e-09	3.231724935e-09	
0.9999999829	4.614851701e-09	4.762504241e-09	4.451766823e-09	3.231725177e-09	
0.9999999828	4.614338931e-09	4.762563279e-09	4.546282462e-09	3.231763557e-09	
0.9998472166	1.551465446e-08	1.617761543e-08	0.0001527408448	1.08740798e-08	
0.999999983	4.611112435e-09	4.762439989e-09	4.3551624e-09	3.231683345e-09	
0.9999949461	5.000984939e-09	5.160649002e-09	5.040249687e-06	3.501887173e-09	
0.999999983	4.614791745e-09	4.762442056e-09	4.354890877e-09	3.231684741e-09	
0.999999983	4.61509889e-09	4.762442422e-09	4.355164602e-09	3.231684983e-09	
0.9999999829	4.614586092e-09	4.762501458e-09	4.447629276e-09	3.231723362e-09	
0.9999949461	4.996665161e-09	5.160646366e-09	5.040247138e-06	3.501885398e-09	
0.999999983	4.610805555e-09	4.762439624e-09	4.354888675e-09	3.231683103e-09	
0.999999983	4.611112435e-09	4.762439989e-09	4.3551624e-09	3.231683345e-09	
0.9999999829	4.61060008e-09	4.762499026e-09	4.447627027e-09	3.231721724e-09	
0.9999949464	5.000652115e-09	5.160648607e-09	5.039932905e-06	3.501886912e-09	
0.9999949461	5.000984939e-09	5.160649002e-09	5.040249687e-06	3.501887173e-09	
0.9999948391	5.00042873e-09	5.160712423e-09	5.147258878e-06	3.501928387e-09	
0.001064016535	6.787143183e-08	7.009886554e-08	0.9989357979	4.756719538e-08	
0.999999983	4.614791745e-09	4.762442056e-09	4.354890877e-09	3.231684741e-09	
0.9999999829	4.614278981e-09	4.762501093e-09	4.447349739e-09	3.23172312e-09	
0.9999999829	4.614586092e-09	4.762501458e-09	4.447629276e-09	3.231723362e-09	
0.9998473585	1.551376371e-08	1.617760828e-08	0.0001525989066	1.087407523e-08	
6.803026175e-09	6.68447854e-09	6.909815809e-09	6.308593955e-09	0.9999999733	
6.803026175e-09	6.68447854e-09	6.909815809e-09	6.308593955e-09	0.9999999733	
6.803026175e-09	6.68447854e-09	6.909815809e-09	6.308593955e-09	0.9999999733	
6.803026175e-09	6.68447854e-09	6.909815809e-09	6.308593955e-09	0.9999999733	
6.803026175e-09	6.68447854e-09	6.909815809e-09	6.308593955e-09	0.9999999733	
6.803026174e-09	6.684478002e-09	6.909815788e-09	6.308593955e-09	0.9999999733	
6.803026175e-09	6.68447854e-09	6.909815809e-09	6.308593955e-09	0.9999999733	
6.803026174e-09	6.684478002e-09	6.909815788e-09	6.308593955e-09	0.9999999733	
6.803026174e-09	6.684478002e-09	6.909815788e-09	6.308593955e-09	0.9999999733	
6.803026175e-09	6.68447854e-09	6.909815809e-09	6.308593955e-09	0.9999999733	
6.803026175e-09	6.68447854e-09	6.909815809e-09	6.308593955e-09	0.9999999733	
6.803026175e-09	6.68447854e-09	6.909815809e-09	6.308593955e-09	0.9999999733	
6.803026175e-09	6.68447854e-09	6.909815809e-09	6.308593955e-09	0.9999999733	
6.803372392e-09	7.263996329e-09	6.931967223e-09	6.308912919e-09	0.9999999727	
6.803026175e-09	6.68447854e-09	6.909815809e-09	6.308593955e-09	0.9999999733	
6.803026175e-09	6.68447854e-09	6.909815809e-09	6.308593955e-09	0.9999999733	
6.803026175e-09	6.68447854e-09	6.909815809e-09	6.308593955e-09	0.9999999733	
6.803026175e-09	6.68447854e-09	6.909815809e-09	6.308593955e-09	0.9999999733	
6.803026174e-09	6.684478002e-09	6.909815788e-09	6.308593955e-09	0.9999999733	
6.803026175e-09	6.68447854e-09	6.909815809e-09	6.308593955e-09	0.9999999733	
6.803026174e-09	6.684478002e-09	6.909815788e-09	6.308593955e-09	0.9999999733	
6.803026174e-09	6.684478002e-09	6.909815788e-09	6.308593955e-09	0.9999999733	
6.803026175e-09	6.68447854e-09	6.909815809e-09	6.308593955e-09	0.9999999733	
6.803026175e-09	6.68447854e-09	6.909815809e-09	6.308593955e-09	0.9999999733	
6.803026175e-09	6.68447854e-09	6.909815809e-09	6.308593955e-09	0.9999999733	
6.803026175e-09	6.68447854e-09	6.909815809e-09	6.308593955e-09	0.9999999733	
6.803372392e-09	7.263996329e-09	6.931967223e-09	6.308912919e-09	0.9999999727	
6.803026175e-09	6.68447854e-09	6.909815809e-09	6.308593955e-09	0.9999999733	
6.803026175e-09	6.68447854e-09	6.909815809e-09	6.308593955e-09	0.9999999733	
6.803026175e-09	6.68447854e-09	6.909815809e-09	6.308593955e-09	0.9999999733	
6.803026174e-09	6.684478002e-09	6.909815788e-09	6.308593955e-09	0.9999999733	
6.803026175e-09	6.68447854e-09	6.909815809e-09	6.308593955e-09	0.9999999733	
6.803026174e-09	6.684478002e-09	6.909815788e-09	6.308593955e-09	0.9999999733	
6.803026174e-09	6.684478002e-09	6.909815788e-09	6.308593955e-09	0.9999999733	
6.803026175e-09	6.68447854e-09	6.909815809e-09	6.308593955e-09	0.9999999733	
6.803026175e-09	6.68447854e-09	6.909815809e-09	6.308593955e-09	0.9999999733	
6.803026175e-09	6.68447854e-09	6.909815809e-09	6.308593955e-09	0.9999999733	
6.803026175e-09	6.68447854e-09	6.909815809e-09	6.308593955e-09	0.9999999733	
6.803372392e-09	7.263996329e-09	6.931967223e-09	6.308912919e-09	0.9999999727	
6.803026175e-09	6.68447854e-09	6.909815809e-09	6.308593955e-09	0.9999999733	
6.803026175e-09	6.68447854e-09	6.909815809e-09	6.308593955e-09	0.9999999733	
6.803026174e-09	6.684478002e-09	6.909815788e-09	6.308593955e-09	0.9999999733	
6.803026175e-09	6.68447854e-09	6.909815809e-09	6.308593955e-09	0.9999999733	
6.803026174e-09	6.684478002e-09	6.909815788e-09	6.308593955e-09	0.9999999733	
6.803026174e-09	6.684478002e-09	6.909815788e-09	6.308593955e-09	0.9999999733	
6.803026175e-09	6.68447854e-09	6.909815809e-09	6.308593955e-09	0.9999999733	
6.803026175e-09	6.68447854e-09	6.909815809e-09	6.308593955e-09	0.9999999733	
6.803026175e-09	6.68447854e-09	6.909815809e-09	6.308593955e-09	0.9999999733	
6.803026175e-09	6.68447854e-09	6.909815809e-09	6.308593955e-09	0.9999999733	
6.803372392e-09	7.263996329e-09	6.931967223e-09	6.308912919e-09	0.9999999727	
6.803026175e-09	6.68447854e-09	6.909815809e-09	6.308593955e-09	0.9999999733	
6.803026174e-09	6.684478002e-09	6.909815788e-09	6.308593955e-09	0.9999999733	
6.803026175e-09	6.68447854e-09	6.909815809e-09	6.308593955e-09	0.9999999733	
6.803026174e-09	6.684478002e-09	6.909815788e-09	6.308593955e-09	0.9999999733	
6.803026174e-09	6.684478002e-09	6.909815788e-09	6.308593955e-09	0.9999999733	
6.803026175e-09	6.68447854e-09	6.909815809e-09	6.308593955e-09	0.9999999733	
6.803026175e-09	6.68447854e-09	6.909815809e-09	6.308593955e-09	0.9999999733	
6.803026175e-09	6.68447854e-09	6.909815809e-09	6.308593955e-09	0.9999999733	
6.803026175e-09	6.68447854e-09	6.909815809e-09	6.308593955e-09	0.9999999733	
6.803372392e-09	7.263996329e-09	6.931967223e-09	6.308912919e-09	0.9999999727	
6.803026174e-09	6.684478002e-09	6.909815788e-09	6.308593955e-09	0.9999999733	
6.803026175e-09	6.68447854e-09	6.909815809e-09	6.308593955e-09	0.9999999733	
6.803026174e-09	6.684478002e-09	6.909815788e-09	6.308593955e-09	0.9999999733	
6.803026174e-09	6.684478002e-09	6.909815788e-09	6.308593955e-09	0.9999999733	
6.803026175e-09	6.68447854e-09	6.909815809e-09	6.308593955e-09	0.9999999733	
6.803026175e-09	6.68447854e-09	6.909815809e-09	6.308593955e-09	0.9999999733	
6.803026175e-09	6.68447854e-09	6.909815809e-09	6.308593955e-09	0.9999999733	
6.803026175e-09	6.68447854e-09	6.909815809e-09	6.308593955e-09	0.9999999733	
6.803372392e-09	7.263996329e-09	6.931967223e-09	6.308912919e-09	0.9999999727	
6.803026174e-09	6.684478002e-09	6.909815788e-09	6.308593955e-09	0.9999999733	
6.803026174e-09	6.684477464e-09	6.909815766e-09	6.308593954e-09	0.9999999733	
6.803026174e-09	6.684477464e-09	6.909815766e-09	6.308593954e-09	0.9999999733	
6.803026174e-09	6.684478002e-09	6.909815788e-09	6.308593955e-09	0.9999999733	
6.803026174e-09	6.684478002e-09	6.909815788e-09	6.308593955e-09	0.9999999733	
6.803026174e-09	6.684478002e-09	6.909815788e-09	6.308593955e-09	0.9999999733	
6.803026174e-09	6.684478002e-09	6.909815788e-09	6.308593955e-09	0.9999999733	
6.803026174e-09	6.684478002e-09	6.909815788e-09	6.308593955e-09	0.9999999733	
6.803026174e-09	6.684478002e-09	6.909815788e-09	6.308593955e-09	0.9999999733	
6.803026175e-09	6.68447854e-09	6.909815809e-09	6.308593955e-09	0.9999999733	
6.803026175e-09	6.68447854e-09	6.909815809e-09	6.308593955e-09	0.9999999733	
6.803026175e-09	6.68447854e-09	6.909815809e-09	6.308593955e-09	0.9999999733	
6.803026175e-09	6.68447854e-09	6.909815809e-09	6.308593955e-09	0.9999999733	
6.803372392e-09	7.263996329e-09	6.931967223e-09	6.308912919e-09	0.9999999727	
6.803026174e-09	6.684477464e-09	6.909815766e-09	6.308593954e-09	0.9999999733	
6.803026174e-09	6.684478002e-09	6.909815788e-09	6.308593955e-09	0.9999999733	
6.803026174e-09	6.684478002e-09	6.909815788e-09	6.308593955e-09	0.9999999733	
6.803026174e-09	6.684478002e-09	6.909815788e-09	6.308593955e-09	0.9999999733	
6.803026174e-09	6.684478002e-09	6.909815788e-09	6.308593955e-09	0.9999999733	
6.803026174e-09	6.684478002e-09	6.909815788e-09	6.308593955e-09	0.9999999733	
6.803026174e-09	6.684478002e-09	6.909815788e-09	6.308593955e-09	0.9999999733	
6.803026174e-09	6.684478002e-09	6.909815788e-09	6.308593955e-09	0.9999999733	
6.803026174e-09	6.684478002e-09	6.909815788e-09	6.308593955e-09	0.9999999733	
6.803026175e-09	6.68447854e-09	6.909815809e-09	6.308593955e-09	0.9999999733	
6.803026175e-09	6.68447854e-09	6.909815809e-09	6.308593955e-09	0.9999999733	
6.803026175e-09	6.68447854e-09	6.909815809e-09	6.308593955e-09	0.9999999733	
6.803372392e-09	7.263996329e-09	6.931967223e-09	6.308912919e-09	0.9999999727	
6.803026175e-09	6.68447854e-09	6.909815809e-09	6.308593955e-09	0.9999999733	
6.803026175e-09	6.68447854e-09	6.909815809e-09	6.308593955e-09	0.9999999733	
6.803372392e-09	7.263996329e-09	6.931967223e-09	6.308912919e-09	0.9999999727	
6.803026175e-09	6.68447854e-09	6.909815809e-09	6.308593955e-09	0.9999999733	
6.803372392e-09	7.263996329e-09	6.931967223e-09	6.308912919e-09	0.9999999727	
6.803372392e-09	7.263996329e-09	6.931967223e-09	6.308912919e-09	0.9999999727	
5.056370517e-09	5.021714601e-09	5.155714321e-09	0.9999999813	3.499686224e-09	
5.07461651e-09	5.021725161e-09	5.155725247e-09	0.9999999812	3.499693336e-09	
5.784750301e-09	5.022113279e-09	5.156124984e-09	0.9999999805	3.49995553e-09	
5.056370517e-09	5.021714601e-09	5.155714321e-09	0.9999999813	3.499686224e-09	
5.07461651e-09	5.021725161e-09	5.155725247e-09	0.9999999812	3.499693336e-09	
7.409172037e-09	7.317426625e-09	3.397857857e-05	0.9999660016	5.099578163e-09	
5.073651909e-09	5.072767262e-09	5.174710994e-09	0.9999999812	3.51365901e-09	
5.056382712e-09	5.021726654e-09	5.177037661e-09	0.9999999812	3.499694357e-09	
5.056383088e-09	5.021727506e-09	5.178467491e-09	0.9999999812	3.49969491e-09	
5.05642371e-09	5.072757063e-09	5.174700594e-09	0.9999999812	3.513652237e-09	
5.0736092e-09	5.021735312e-09	5.17466731e-09	0.9999999812	3.499700172e-09	
5.056370483e-09	5.021714592e-09	5.155714312e-09	0.9999999813	3.499686222e-09	
5.074628094e-09	5.021736514e-09	5.175787917e-09	0.9999999812	3.499700991e-09	
5.05638196e-09	5.021725967e-09	5.175776898e-09	0.9999999812	3.499693882e-09	
5.056382712e-09	5.021726688e-09	5.177037647e-09	0.9999999812	3.499694364e-09	
5.056418246e-09	5.079221675e-09	5.155763126e-09	0.9999999812	3.515400145e-09	
5.075717985e-09	4.968226264e-09	5.156935742e-09	0.9999999813	3.484971976e-09	
5.074559943e-09	4.968213665e-09	5.13569446e-09	0.9999999813	3.484963429e-09	
5.784685817e-09	4.968597648e-09	5.136092645e-09	0.9999999806	3.48522452e-09	
5.074559943e-09	4.968213665e-09	5.13569446e-09	0.9999999813	3.484963429e-09	
5.073595353e-09	5.018711862e-09	5.154606445e-09	0.9999999813	3.498870323e-09	
5.056326348e-09	4.968215143e-09	5.156924072e-09	0.9999999813	3.484964446e-09	
5.056326724e-09	4.968215986e-09	5.158348347e-09	0.9999999813	3.484964997e-09	
5.056367345e-09	5.018701772e-09	5.154596085e-09	0.9999999813	3.498863578e-09	
5.073552644e-09	4.968223709e-09	5.154562931e-09	0.9999999813	3.484970236e-09	
5.056314119e-09	4.96820321e-09	5.135683568e-09	0.9999999814	3.484956346e-09	
5.074571527e-09	4.968224898e-09	5.155679184e-09	0.9999999813	3.484971052e-09	
5.056325596e-09	4.968214463e-09	5.155668207e-09	0.9999999813	3.484963973e-09	
5.056326348e-09	4.968215177e-09	5.156924058e-09	0.9999999813	3.484964453e-09	
5.056361882e-09	5.025097497e-09	5.135732192e-09	0.9999999813	3.500604129e-09	
5.094033794e-09	4.968236711e-09	5.156946671e-09	0.9999999813	3.484979057e-09	
5.075717985e-09	4.968226264e-09	5.156935742e-09	0.9999999813	3.484971976e-09	
5.094033794e-09	4.968236711e-09	5.156946671e-09	0.9999999813	3.484979057e-09	
7.4375221e-09	7.239485662e-09	3.398662804e-05	0.9999659936	5.078137211e-09	
5.093065503e-09	5.018735142e-09	5.175936916e-09	0.9999999812	3.498886014e-09	
5.075730227e-09	4.968238188e-09	5.178264134e-09	0.9999999813	3.484980075e-09	
5.075730604e-09	4.968239032e-09	5.179694303e-09	0.9999999813	3.484980626e-09	
5.075771382e-09	5.018725052e-09	5.175926513e-09	0.9999999812	3.498879269e-09	
5.093022629e-09	4.968246755e-09	5.175893222e-09	0.9999999813	3.484985865e-09	
5.075717951e-09	4.968226255e-09	5.156935734e-09	0.9999999813	3.484971974e-09	
5.094045423e-09	4.968247944e-09	5.177014094e-09	0.9999999813	3.484986681e-09	
3.151921155e-05	7.1094793e-09	7.449855206e-09	0.9999684612	4.986943672e-09	
5.075729472e-09	4.968237509e-09	5.177003072e-09	0.9999999813	3.484979601e-09	
5.075730227e-09	4.968238223e-09	5.17826412e-09	0.9999999813	3.484980081e-09	
5.075765897e-09	5.025120806e-09	5.156984559e-09	0.9999999812	3.500619828e-09	
5.805559948e-09	4.968608096e-09	5.136103529e-09	0.9999999806	3.485231602e-09	
5.074559943e-09	4.968213665e-09	5.13569446e-09	0.9999999813	3.484963429e-09	
5.092871573e-09	4.968224113e-09	5.135705344e-09	0.9999999813	3.484970511e-09	
5.091903502e-09	5.018722416e-09	5.154617369e-09	0.9999999812	3.498877433e-09	
5.074572182e-09	4.96822559e-09	5.156935001e-09	0.9999999813	3.484971528e-09	
5.074572559e-09	4.968226433e-09	5.158359279e-09	0.9999999813	3.484972079e-09	
5.074613327e-09	5.018712325e-09	5.154607009e-09	0.9999999813	3.498870688e-09	
5.091860639e-09	4.968234156e-09	5.154573854e-09	0.9999999813	3.484977318e-09	
5.074559908e-09	4.968213657e-09	5.135694452e-09	0.9999999813	3.484963427e-09	
5.092883199e-09	4.968235345e-09	5.15569011e-09	0.9999999813	3.484978134e-09	
3.151202056e-05	7.109461323e-09	7.419169502e-09	0.9999684685	4.986931478e-09	
5.074571427e-09	4.96822491e-09	5.155679133e-09	0.9999999813	3.484971055e-09	
5.074572182e-09	4.968225624e-09	5.156934987e-09	0.9999999813	3.484971535e-09	
5.074607844e-09	5.025108064e-09	5.135743075e-09	0.9999999813	3.500611243e-09	
5.784685817e-09	4.968597648e-09	5.136092645e-09	0.9999999806	3.48522452e-09	
5.805559948e-09	4.968608096e-09	5.136103529e-09	0.9999999806	3.485231602e-09	
5.804456407e-09	5.019110302e-09	5.15501702e-09	0.9999999805	3.499139567e-09	
5.784699769e-09	4.968609573e-09	5.157334832e-09	0.9999999806	3.48523262e-09	
5.784746672e-09	5.019100211e-09	5.155006659e-09	0.9999999805	3.499132821e-09	
5.804407545e-09	4.96861814e-09	5.154973503e-09	0.9999999806	3.48523841e-09	
5.784685778e-09	4.968597639e-09	5.136092636e-09	0.9999999806	3.485224518e-09	
5.805573201e-09	4.968619329e-09	5.156089845e-09	0.9999999806	3.485239226e-09	
5.784698909e-09	4.968608894e-09	5.156078867e-09	0.9999999806	3.485232146e-09	
5.784699769e-09	4.968609608e-09	5.157334818e-09	0.9999999806	3.485232626e-09	
5.784740421e-09	5.025496443e-09	5.136141264e-09	0.9999999806	3.500873506e-09	
5.074559943e-09	4.968213665e-09	5.13569446e-09	0.9999999813	3.484963429e-09	
5.073595353e-09	5.018711862e-09	5.154606445e-09	0.9999999813	3.498870323e-09	
5.056326348e-09	4.968215143e-09	5.156924072e-09	0.9999999813	3.484964446e-09	
5.056326724e-09	4.968215986e-09	5.158348347e-09	0.9999999813	3.484964997e-09	
5.056367345e-09	5.018701772e-09	5.154596085e-09	0.9999999813	3.498863578e-09	
5.073552644e-09	4.968223709e-09	5.154562931e-09	0.9999999813	3.484970236e-09	
5.056314119e-09	4.96820321e-09	5.135683568e-09	0.9999999814	3.484956346e-09	
5.074571527e-09	4.968224898e-09	5.155679184e-09	0.9999999813	3.484971052e-09	
5.056325596e-09	4.968214463e-09	5.155668207e-09	0.9999999813	3.484963973e-09	
5.056326348e-09	4.968215177e-09	5.156924058e-09	0.9999999813	3.484964453e-09	
5.056361882e-09	5.025097497e-09	5.135732192e-09	0.9999999813	3.500604129e-09	
5.091903502e-09	5.018722416e-09	5.154617369e-09	0.9999999812	3.498877433e-09	
5.074572182e-09	4.96822559e-09	5.156935001e-09	0.9999999813	3.484971528e-09	
5.074572559e-09	4.968226433e-09	5.158359279e-09	0.9999999813	3.484972079e-09	
5.074613327e-09	5.018712325e-09	5.154607009e-09	0.9999999813	3.498870688e-09	
5.091860639e-09	4.968234156e-09	5.154573854e-09	0.9999999813	3.484977318e-09	
5.074559908e-09	4.968213657e-09	5.135694452e-09	0.9999999813	3.484963427e-09	
5.092883199e-09	4.968235345e-09	5.15569011e-09	0.9999999813	3.484978134e-09	
3.151202056e-05	7.109461323e-09	7.419169502e-09	0.9999684685	4.986931478e-09	
5.074571427e-09	4.96822491e-09	5.155679133e-09	0.9999999813	3.484971055e-09	
5.074572182e-09	4.968225624e-09	5.156934987e-09	0.9999999813	3.484971535e-09	
5.074607844e-09	5.025108064e-09	5.135743075e-09	0.9999999813	3.500611243e-09	
7.43441189e-09	7.313051217e-09	3.39712774e-05	0.9999660089	5.098389308e-09	
7.409107257e-09	7.239469457e-09	3.398655113e-05	0.9999659937	5.07812624e-09	
7.409107738e-09	7.239470618e-09	3.399593745e-05	0.9999659843	5.078126995e-09	
7.409167444e-09	7.313036514e-09	3.397120912e-05	0.999966009	5.09837948e-09	
7.43434931e-09	7.239482053e-09	3.397099063e-05	0.9999660093	5.078134756e-09	
7.435842239e-09	7.239483731e-09	3.397834701e-05	0.9999660019	5.078135908e-09	
4.600763707e-05	1.035927492e-08	4.889426946e-05	0.9999050805	7.266493506e-09	
7.409106217e-09	7.239468527e-09	3.397827467e-05	0.999966002	5.078125592e-09	
7.409107258e-09	7.239469507e-09	3.398655104e-05	0.9999659937	5.07812625e-09	
5.07360759e-09	5.018723908e-09	5.175925203e-09	0.9999999812	3.498878455e-09	
5.073607967e-09	5.01872476e-09	5.177354726e-09	0.9999999812	3.498879008e-09	
5.073648727e-09	5.069723803e-09	5.173588638e-09	0.9999999812	3.51283308e-09	
5.09089276e-09	5.018732561e-09	5.173555362e-09	0.9999999812	3.498884268e-09	
5.073595318e-09	5.018711853e-09	5.154606437e-09	0.9999999813	3.498870322e-09	
3.150603083e-05	7.181723752e-09	7.446490335e-09	0.9999684743	5.006832069e-09	
5.073606835e-09	5.018723221e-09	5.174664711e-09	0.9999999812	3.498877979e-09	
5.07360759e-09	5.018723942e-09	5.175925189e-09	0.9999999812	3.498878461e-09	
5.073643245e-09	5.076184549e-09	5.154655239e-09	0.9999999812	3.514580581e-09	
5.056338919e-09	4.96822791e-09	5.179682582e-09	0.9999999813	3.484973096e-09	
5.056379541e-09	5.018713817e-09	5.1759148e-09	0.9999999813	3.49887171e-09	
5.07356488e-09	4.968235634e-09	5.175881509e-09	0.9999999813	3.484978335e-09	
5.056326314e-09	4.968215134e-09	5.156924064e-09	0.9999999813	3.484964445e-09	
5.074583766e-09	4.968236822e-09	5.177002379e-09	0.9999999813	3.484979151e-09	
5.056337791e-09	4.968226388e-09	5.176991357e-09	0.9999999813	3.484972072e-09	
5.056338544e-09	4.968227101e-09	5.178252402e-09	0.9999999813	3.484972552e-09	
5.056379916e-09	5.018714669e-09	5.17734432e-09	0.9999999812	3.498872263e-09	
5.073565257e-09	4.968236477e-09	5.17731102e-09	0.9999999813	3.484978886e-09	
5.056326689e-09	4.968215977e-09	5.158348339e-09	0.9999999813	3.484964995e-09	
5.074584143e-09	4.968237666e-09	5.178432199e-09	0.9999999813	3.484979702e-09	
5.056338167e-09	4.968227231e-09	5.178421174e-09	0.9999999813	3.484972623e-09	
5.056374452e-09	5.025110411e-09	5.158397177e-09	0.9999999813	3.500612818e-09	
5.073606017e-09	5.018722471e-09	5.173544964e-09	0.9999999812	3.498877523e-09	
5.056367311e-09	5.018701763e-09	5.154596076e-09	0.9999999813	3.498863577e-09	
5.074624911e-09	5.018723672e-09	5.174665328e-09	0.9999999812	3.498878342e-09	
5.056378789e-09	5.018713131e-09	5.17465431e-09	0.9999999813	3.498871234e-09	
5.056379541e-09	5.018713852e-09	5.175914786e-09	0.9999999813	3.498871716e-09	
5.056415074e-09	5.076174344e-09	5.154644879e-09	0.9999999812	3.514573805e-09	
5.073552609e-09	4.968223701e-09	5.154562922e-09	0.9999999813	3.484970235e-09	
5.091872262e-09	4.968245389e-09	5.174632044e-09	0.9999999813	3.484984941e-09	
3.150576562e-05	7.109475739e-09	7.446427475e-09	0.9999684747	4.98694125e-09	
5.073564126e-09	4.968234954e-09	5.174621027e-09	0.9999999813	3.484977862e-09	
5.073564881e-09	4.968235668e-09	5.175881495e-09	0.9999999813	3.484978342e-09	
5.073600535e-09	5.025118222e-09	5.154611725e-09	0.9999999812	3.500618081e-09	
5.074571492e-09	4.968224889e-09	5.155679175e-09	0.9999999813	3.484971051e-09	
5.056325562e-09	4.968214454e-09	5.155668199e-09	0.9999999813	3.484963971e-09	
5.056326314e-09	4.968215168e-09	5.15692405e-09	0.9999999813	3.484964451e-09	
5.056361847e-09	5.025097488e-09	5.135732183e-09	0.9999999813	3.500604128e-09	
3.151209249e-05	7.109477395e-09	7.448039999e-09	0.9999684684	4.986942386e-09	
5.074583011e-09	4.968236143e-09	5.175741624e-09	0.9999999813	3.484978678e-09	
5.074583766e-09	4.968236857e-09	5.177002365e-09	0.9999999813	3.484979158e-09	
5.074619428e-09	5.025119425e-09	5.155727989e-09	0.9999999812	3.5006189e-09	
5.056337792e-09	4.968226422e-09	5.176991343e-09	0.9999999813	3.484972079e-09	
5.056373325e-09	5.02510887e-09	5.155717012e-09	0.9999999813	3.500611789e-09	
5.056374077e-09	5.025109592e-09	5.156972874e-09	0.9999999813	3.500612272e-09	
