4.746084224e-09	2.612648945e-09	4.891639929e-09	4.57732995e-09	0.9999999832	
4.729299218e-09	2.633620119e-09	4.89165496e-09	4.577343958e-09	0.9999999832	
4.770842296e-09	2.747449908e-09	4.891821356e-09	4.58979508e-09	0.999999983	
4.745036524e-09	2.612652487e-09	4.891647046e-09	4.589631551e-09	0.9999999832	
4.729274987e-09	2.6126438e-09	4.891629714e-09	4.577320475e-09	0.9999999832	
4.744105554e-09	2.612652011e-09	4.891646024e-09	4.588904954e-09	0.9999999832	
4.729305142e-09	2.632300035e-09	4.891661129e-09	4.589644753e-09	0.9999999832	
4.743298705e-09	2.63010107e-09	4.891666131e-09	4.588278993e-09	0.9999999831	
4.72928353e-09	2.61264827e-09	4.891638582e-09	4.591387196e-09	0.9999999832	
4.744105554e-09	2.612652011e-09	4.891646024e-09	4.588904954e-09	0.9999999832	
4.746084224e-09	2.612648945e-09	4.891639929e-09	4.57732995e-09	0.9999999832	
4.746092237e-09	2.612653119e-09	4.891648204e-09	4.59045541e-09	0.9999999832	
4.743298705e-09	2.63010107e-09	4.891666131e-09	4.588278993e-09	0.9999999831	
4.729282951e-09	2.612647973e-09	4.89163799e-09	4.590445862e-09	0.9999999832	
2.738699056e-05	3.663401431e-09	6.858978538e-09	6.418254321e-09	0.9999725961	
4.729299218e-09	2.633620119e-09	4.89165496e-09	4.577343958e-09	0.9999999832	
4.746092247e-09	2.612653112e-09	4.891648204e-09	4.590455403e-09	0.9999999832	
4.770842296e-09	2.747449908e-09	4.891821356e-09	4.58979508e-09	0.999999983	
4.745036524e-09	2.612652487e-09	4.891647046e-09	4.589631551e-09	0.9999999832	
4.729274987e-09	2.6126438e-09	4.891629714e-09	4.577320475e-09	0.9999999832	
4.744105554e-09	2.612652011e-09	4.891646024e-09	4.588904954e-09	0.9999999832	
4.729305142e-09	2.632300035e-09	4.891661129e-09	4.589644753e-09	0.9999999832	
4.743298705e-09	2.63010107e-09	4.891666131e-09	4.588278993e-09	0.9999999831	
4.72928353e-09	2.61264827e-09	4.891638582e-09	4.591387196e-09	0.9999999832	
4.744105554e-09	2.612652011e-09	4.891646024e-09	4.588904954e-09	0.9999999832	
4.746084224e-09	2.612648945e-09	4.891639929e-09	4.57732995e-09	0.9999999832	
4.743298705e-09	2.63010107e-09	4.891666131e-09	4.588278993e-09	0.9999999831	
4.729282951e-09	2.612647973e-09	4.89163799e-09	4.590445862e-09	0.9999999832	
2.738699056e-05	3.663401431e-09	6.858978538e-09	6.418254321e-09	0.9999725961	
4.729307212e-09	2.633624319e-09	4.891663235e-09	4.59046945e-09	0.9999999832	
4.75396973e-09	2.7695031e-09	4.891836387e-09	4.589809126e-09	0.999999983	
4.728255223e-09	2.633623689e-09	4.891662076e-09	4.589645597e-09	0.9999999832	
4.712549428e-09	2.633614932e-09	4.891644745e-09	4.577334482e-09	0.9999999832	
4.727327545e-09	2.633623209e-09	4.891661054e-09	4.588918997e-09	0.9999999832	
4.712579476e-09	2.653428943e-09	4.89167616e-09	4.589658798e-09	0.9999999832	
4.72652355e-09	2.651212328e-09	4.891681162e-09	4.588293034e-09	0.9999999831	
4.727327545e-09	2.633623209e-09	4.891661054e-09	4.588918997e-09	0.9999999832	
4.729299218e-09	2.633620119e-09	4.89165496e-09	4.577343958e-09	0.9999999832	
4.729307202e-09	2.633624326e-09	4.891663235e-09	4.590469458e-09	0.9999999832	
4.72652355e-09	2.651212328e-09	4.891681162e-09	4.588293034e-09	0.9999999831	
4.712557364e-09	2.633619139e-09	4.89165302e-09	4.590459909e-09	0.9999999832	
1.233119247e-08	6.177109602e-05	1.279983162e-08	1.226326956e-08	0.9999381915	
4.770850361e-09	2.74745429e-09	4.891829632e-09	4.602956276e-09	0.999999983	
4.745044545e-09	2.612656654e-09	4.891655321e-09	4.602792279e-09	0.9999999831	
4.729282982e-09	2.612647967e-09	4.89163799e-09	4.5904459e-09	0.9999999832	
4.744113574e-09	2.612656178e-09	4.891654299e-09	4.602063598e-09	0.9999999831	
4.743306724e-09	2.630105265e-09	4.891674406e-09	4.601435842e-09	0.9999999831	
4.729291525e-09	2.612652436e-09	4.891646858e-09	4.604552958e-09	0.9999999832	
4.744113574e-09	2.612656178e-09	4.891654299e-09	4.602063598e-09	0.9999999831	
4.746092247e-09	2.612653112e-09	4.891648204e-09	4.590455403e-09	0.9999999832	
4.74610026e-09	2.612657285e-09	4.89165648e-09	4.6036185e-09	0.9999999831	
4.743306724e-09	2.630105265e-09	4.891674406e-09	4.601435842e-09	0.9999999831	
6.313907882e-09	3.523164716e-09	6.530665311e-09	2.210103382e-05	0.9999778826	
4.729290946e-09	2.61265214e-09	4.891646265e-09	4.603608924e-09	0.9999999832	
2.738703686e-05	3.663407274e-09	6.858990142e-09	6.436658607e-09	0.999972596	
4.753945374e-09	2.747444497e-09	4.891811141e-09	4.589785579e-09	0.999999983	
4.768853304e-09	2.747453132e-09	4.891827451e-09	4.601401605e-09	0.999999983	
4.753975685e-09	2.768114906e-09	4.891842557e-09	4.602143419e-09	0.999999983	
4.768042247e-09	2.765802484e-09	4.891847559e-09	4.60077394e-09	0.999999983	
4.753953961e-09	2.747449197e-09	4.891820009e-09	4.603890607e-09	0.999999983	
4.768853304e-09	2.747453132e-09	4.891827451e-09	4.601401605e-09	0.999999983	
4.770842296e-09	2.747449908e-09	4.891821356e-09	4.58979508e-09	0.999999983	
4.770850351e-09	2.747454297e-09	4.891829632e-09	4.602956284e-09	0.999999983	
4.768042247e-09	2.765802484e-09	4.891847559e-09	4.60077394e-09	0.999999983	
6.346833838e-09	3.70493831e-09	6.5308965e-09	2.209785472e-05	0.9999778856	
4.753953379e-09	2.747448886e-09	4.891819417e-09	4.602946709e-09	0.999999983	
7.193576913e-05	0.0004176574174	6.136965249e-08	6.017807519e-08	0.9995102853	
4.728230998e-09	2.612647342e-09	4.891636831e-09	4.58962205e-09	0.9999999832	
4.743058291e-09	2.612655553e-09	4.89165314e-09	4.601237663e-09	0.9999999832	
4.728261146e-09	2.632303603e-09	4.891668246e-09	4.60197945e-09	0.9999999831	
4.74225162e-09	2.630104636e-09	4.891673248e-09	4.60061002e-09	0.9999999831	
4.728239539e-09	2.612651812e-09	4.891645699e-09	4.603726576e-09	0.9999999832	
4.743058291e-09	2.612655553e-09	4.89165314e-09	4.601237663e-09	0.9999999832	
4.745036524e-09	2.612652487e-09	4.891647046e-09	4.589631551e-09	0.9999999832	
4.745044535e-09	2.612656661e-09	4.891655321e-09	4.602792286e-09	0.9999999831	
4.74225162e-09	2.630104636e-09	4.891673248e-09	4.60061002e-09	0.9999999831	
6.312503439e-09	3.523163888e-09	6.53066379e-09	2.209706742e-05	0.9999778866	
4.72823896e-09	2.612651515e-09	4.891645106e-09	4.602782712e-09	0.9999999832	
2.738094504e-05	3.66340642e-09	6.858988559e-09	6.435503456e-09	0.9999726021	
4.727303325e-09	2.612646866e-09	4.891635809e-09	4.588895455e-09	0.9999999832	
4.712555332e-09	2.632294851e-09	4.891650915e-09	4.589635252e-09	0.9999999832	
4.726499334e-09	2.630095891e-09	4.891655916e-09	4.588269495e-09	0.9999999832	
4.712533797e-09	2.612643124e-09	4.891628368e-09	4.591377692e-09	0.9999999832	
4.727303325e-09	2.612646866e-09	4.891635809e-09	4.588895455e-09	0.9999999832	
4.729274987e-09	2.6126438e-09	4.891629714e-09	4.577320475e-09	0.9999999832	
4.729282972e-09	2.612647973e-09	4.89163799e-09	4.590445907e-09	0.9999999832	
4.726499334e-09	2.630095891e-09	4.891655916e-09	4.588269495e-09	0.9999999832	
4.71253322e-09	2.612642828e-09	4.891627775e-09	4.590436359e-09	0.9999999832	
4.727333467e-09	2.632303124e-09	4.891667224e-09	4.601250898e-09	0.9999999831	
4.741321197e-09	2.630104157e-09	4.891672226e-09	4.599881684e-09	0.9999999831	
4.727311865e-09	2.612651335e-09	4.891644677e-09	4.602997748e-09	0.9999999832	
4.742127709e-09	2.612655077e-09	4.891652118e-09	4.600509228e-09	0.9999999832	
4.744105554e-09	2.612652011e-09	4.891646024e-09	4.588904954e-09	0.9999999832	
4.744113563e-09	2.612656184e-09	4.891654299e-09	4.602063605e-09	0.9999999831	
4.741321197e-09	2.630104157e-09	4.891672226e-09	4.599881684e-09	0.9999999831	
6.311264956e-09	3.523163258e-09	6.530662448e-09	2.209356925e-05	0.9999778901	
4.727311286e-09	2.612651039e-09	4.891644084e-09	4.602054033e-09	0.9999999832	
2.737557308e-05	3.663405772e-09	6.858987163e-09	6.434484668e-09	0.9999726075	
4.726529471e-09	2.649883426e-09	4.891687331e-09	4.600623253e-09	0.9999999831	
4.712563845e-09	2.632299354e-09	4.891659783e-09	4.603739818e-09	0.9999999832	
4.727333467e-09	2.632303124e-09	4.891667224e-09	4.601250898e-09	0.9999999831	
4.729305142e-09	2.632300035e-09	4.891661129e-09	4.589644753e-09	0.9999999832	
4.729313126e-09	2.63230424e-09	4.891669405e-09	4.602805525e-09	0.9999999831	
4.726529471e-09	2.649883426e-09	4.891687331e-09	4.600623253e-09	0.9999999831	
6.291575379e-09	3.54965862e-09	6.530682592e-09	2.209713098e-05	0.9999778865	
4.712563268e-09	2.632299055e-09	4.89165919e-09	4.602795951e-09	0.9999999832	
1.23312083e-08	6.174013559e-05	1.279984816e-08	1.229622529e-08	0.9999382224	
4.726507872e-09	2.63010039e-09	4.891664784e-09	4.602369864e-09	0.9999999831	
4.741321197e-09	2.630104157e-09	4.891672226e-09	4.599881684e-09	0.9999999831	
4.743298705e-09	2.63010107e-09	4.891666131e-09	4.588278993e-09	0.9999999831	
4.743306713e-09	2.630105272e-09	4.891674406e-09	4.601435849e-09	0.9999999831	
4.740514822e-09	2.647669773e-09	4.891692333e-09	4.599254226e-09	0.9999999831	
6.310191593e-09	3.546693338e-09	6.530689313e-09	2.209055559e-05	0.9999778931	
4.726507293e-09	2.630100092e-09	4.891664192e-09	4.601426278e-09	0.9999999832	
2.737091734e-05	3.687872493e-09	6.859015389e-09	6.433606986e-09	0.9999726121	
1.23676958e-08	6.168856245e-05	1.27998619e-08	1.229256688e-08	0.999938274	
4.727311865e-09	2.612651335e-09	4.891644677e-09	4.602997748e-09	0.9999999832	
4.72928353e-09	2.61264827e-09	4.891638582e-09	4.591387196e-09	0.9999999832	
4.729291515e-09	2.612652443e-09	4.891646858e-09	4.604552965e-09	0.9999999832	
4.726507872e-09	2.63010039e-09	4.891664784e-09	4.602369864e-09	0.9999999831	
6.291546576e-09	3.52315817e-09	6.530652436e-09	2.21055199e-05	0.9999778781	
4.744105554e-09	2.612652011e-09	4.891646024e-09	4.588904954e-09	0.9999999832	
4.744113563e-09	2.612656184e-09	4.891654299e-09	4.602063605e-09	0.9999999831	
4.741321197e-09	2.630104157e-09	4.891672226e-09	4.599881684e-09	0.9999999831	
6.311264956e-09	3.523163258e-09	6.530662448e-09	2.209356925e-05	0.9999778901	
4.727311286e-09	2.612651039e-09	4.891644084e-09	4.602054033e-09	0.9999999832	
2.737557308e-05	3.663405772e-09	6.858987163e-09	6.434484668e-09	0.9999726075	
4.743298705e-09	2.63010107e-09	4.891666131e-09	4.588278993e-09	0.9999999831	
4.729282951e-09	2.612647973e-09	4.89163799e-09	4.590445862e-09	0.9999999832	
2.738699056e-05	3.663401431e-09	6.858978538e-09	6.418254321e-09	0.9999725961	
4.743306713e-09	2.630105272e-09	4.891674406e-09	4.601435849e-09	0.9999999831	
6.313907869e-09	3.523164725e-09	6.530665311e-09	2.210103386e-05	0.9999778826	
4.729290936e-09	2.612652147e-09	4.891646265e-09	4.603608932e-09	0.9999999832	
2.73870368e-05	3.663407283e-09	6.858990142e-09	6.436658618e-09	0.999972596	
6.310191593e-09	3.546693338e-09	6.530689313e-09	2.209055559e-05	0.9999778931	
4.726507293e-09	2.630100092e-09	4.891664192e-09	4.601426278e-09	0.9999999832	
2.737091734e-05	3.687872493e-09	6.859015389e-09	6.433606986e-09	0.9999726121	
1.23676958e-08	6.168856245e-05	1.27998619e-08	1.229256688e-08	0.999938274	
6.291545834e-09	3.523157787e-09	6.530651674e-09	2.210098789e-05	0.9999778827	
1.646192765e-08	8.26302998e-05	1.708755913e-08	5.903868279e-05	0.9998582975	
1.954493219e-08	1.098007523e-08	2.028772592e-08	0.9997806955	0.0002192536552	
1.954495256e-08	1.098281048e-08	2.028774719e-08	0.9997801701	0.000219779044	
1.954489158e-08	1.094479468e-08	2.028768375e-08	0.999780696	0.000219253186	
1.954489158e-08	1.094479468e-08	2.028768375e-08	0.999780696	0.000219253186	
0.9998239445	9.209823354e-09	1.720749936e-08	1.610182811e-08	0.0001760129544	
0.9998236077	9.190566426e-09	1.72074897e-08	1.610181921e-08	0.0001763497604	
0.9998242353	9.208532095e-09	1.720748603e-08	1.610181577e-08	0.0001757222115	
0.999821173	1.235134994e-08	1.721077179e-08	1.610487714e-08	0.0001787813563	
2.074945224e-08	0.9997833405	2.149434917e-08	9.944062356e-05	0.0001171766148	
1.379418801e-08	0.999922628	1.430187325e-08	1.370234072e-08	7.733022956e-05	
1.37931335e-08	0.9999226836	1.430188406e-08	1.37294496e-08	7.727461855e-05	
1.379318053e-08	0.9999226832	1.430193303e-08	1.380933579e-08	7.727488685e-05	
1.434304386e-08	0.9999227295	1.430225376e-08	1.380289711e-08	7.722800271e-05	
1.434296876e-08	0.9999227295	1.430225372e-08	1.380289706e-08	7.722800243e-05	
1.434297019e-08	0.9999227295	1.430225372e-08	1.380289706e-08	7.722800244e-05	
1.379418801e-08	0.999922628	1.430187325e-08	1.370234072e-08	7.733022956e-05	
8.343622486e-06	0.9999916291	9.408452308e-09	8.87759254e-09	9.018405218e-09	
8.478613633e-09	0.9999999661	8.778931329e-09	8.214838428e-09	8.414985796e-09	
8.477911144e-09	0.999999966	8.778986292e-09	8.21488978e-09	8.505681862e-09	
8.477262571e-09	0.999999966	8.778992441e-09	8.231141764e-09	8.49956464e-09	
8.477868446e-09	0.9999999661	8.77894188e-09	8.232258003e-09	8.414995829e-09	
8.477291476e-09	0.999999966	8.779022501e-09	8.279035496e-09	8.499594154e-09	
8.815237179e-09	0.9999999656	8.779218966e-09	8.275174962e-09	8.494436893e-09	
8.839642273e-09	0.9999999657	8.779187436e-09	8.279190829e-09	8.415230248e-09	
8.47789944e-09	0.999999966	8.778974106e-09	8.283619549e-09	8.415026816e-09	
8.81519102e-09	0.9999999656	8.779218942e-09	8.275174934e-09	8.494436862e-09	
8.815191897e-09	0.9999999656	8.779218943e-09	8.275174934e-09	8.494436863e-09	
8.477911144e-09	0.999999966	8.778986292e-09	8.21488978e-09	8.505681862e-09	
8.478613633e-09	0.9999999661	8.778931329e-09	8.214838428e-09	8.414985796e-09	
1.255046585e-05	0.9999229902	1.414109277e-08	6.443141801e-05	1.381363036e-08	
8.343622486e-06	0.9999916291	9.408452308e-09	8.87759254e-09	9.018405218e-09	
8.342931188e-06	0.9999916297	9.408511219e-09	8.87764804e-09	9.115604899e-09	
8.342292945e-06	0.9999916303	9.408517815e-09	8.895211202e-09	9.109049031e-09	
8.342889169e-06	0.9999916298	9.408463622e-09	8.896417492e-09	9.018415977e-09	
8.34232139e-06	0.9999916302	9.40855003e-09	8.94696889e-09	9.10908066e-09	
8.674883653e-06	0.9999912977	9.408757458e-09	8.942793926e-09	9.103550559e-09	
8.698899968e-06	0.9999912737	9.408723441e-09	8.947133567e-09	9.018663999e-09	
8.342919669e-06	0.9999916297	9.408498159e-09	8.951922767e-09	9.018449187e-09	
8.67483823e-06	0.9999912977	9.408757432e-09	8.942793896e-09	9.103550527e-09	
8.674839092e-06	0.9999912977	9.408757433e-09	8.942793896e-09	9.103550528e-09	
8.342931188e-06	0.9999916297	9.408511219e-09	8.87764804e-09	9.115604899e-09	
8.343622486e-06	0.9999916291	9.408452308e-09	8.87759254e-09	9.018405218e-09	
0.9993906799	0.0006090958921	7.7267099e-08	7.29073941e-08	7.406382231e-08	
1.275163956e-08	0.9999398733	1.319515991e-08	6.008774945e-05	1.301907073e-08	
1.325998175e-08	0.9999399008	1.319545558e-08	6.005973206e-05	1.301117157e-08	
1.329669179e-08	0.9999398717	1.31954078e-08	6.008887675e-05	1.288984811e-08	
1.275255364e-08	0.9999398401	1.319508674e-08	6.012101768e-05	1.28895361e-08	
1.325991232e-08	0.9999399008	1.319545554e-08	6.005973185e-05	1.301117152e-08	
1.325991364e-08	0.9999399008	1.319545554e-08	6.005973186e-05	1.301117152e-08	
1.46285125e-08	8.355625367e-05	1.515366765e-08	0.9999163992	1.480276416e-08	
1.462813278e-08	7.976457808e-05	1.515327146e-08	0.9999201908	1.480238032e-08	
1.462811269e-08	7.957171691e-05	1.515325068e-08	0.9999203837	1.480235991e-08	
1.46281209e-08	7.965134612e-05	1.515325925e-08	0.9999203041	1.480236834e-08	
8.477911144e-09	0.999999966	8.778986292e-09	8.21488978e-09	8.505681862e-09	
8.477262571e-09	0.999999966	8.778992441e-09	8.231141764e-09	8.49956464e-09	
8.477868446e-09	0.9999999661	8.77894188e-09	8.232258003e-09	8.414995829e-09	
8.477291476e-09	0.999999966	8.779022501e-09	8.279035496e-09	8.499594154e-09	
8.815237179e-09	0.9999999656	8.779218966e-09	8.275174962e-09	8.494436893e-09	
8.839642273e-09	0.9999999657	8.779187436e-09	8.279190829e-09	8.415230248e-09	
8.47789944e-09	0.999999966	8.778974106e-09	8.283619549e-09	8.415026816e-09	
8.81519102e-09	0.9999999656	8.779218942e-09	8.275174934e-09	8.494436862e-09	
8.815191897e-09	0.9999999656	8.779218943e-09	8.275174934e-09	8.494436863e-09	
8.477911144e-09	0.999999966	8.778986292e-09	8.21488978e-09	8.505681862e-09	
8.478613633e-09	0.9999999661	8.778931329e-09	8.214838428e-09	8.414985796e-09	
8.476560194e-09	0.9999999659	8.779047405e-09	8.231193217e-09	8.591172291e-09	
8.477166019e-09	0.999999966	8.778996843e-09	8.232309463e-09	8.505692003e-09	
8.476589097e-09	0.9999999659	8.779077465e-09	8.279087249e-09	8.591202122e-09	
8.8145068e-09	0.9999999655	8.779273931e-09	8.275226691e-09	8.585989277e-09	
8.838909872e-09	0.9999999656	8.779242401e-09	8.279242583e-09	8.505928949e-09	
8.47719701e-09	0.999999966	8.779029069e-09	8.28367133e-09	8.505723325e-09	
8.814460645e-09	0.9999999655	8.779273907e-09	8.275226663e-09	8.585989246e-09	
8.814461522e-09	0.9999999655	8.779273907e-09	8.275226663e-09	8.585989247e-09	
8.477208714e-09	0.9999999659	8.779041255e-09	8.214941132e-09	8.597355444e-09	
8.477911144e-09	0.999999966	8.778986292e-09	8.21488978e-09	8.505681862e-09	
8.476517502e-09	0.999999966	8.779002992e-09	8.248595909e-09	8.499574774e-09	
8.475940625e-09	0.9999999659	8.779083614e-09	8.295466239e-09	8.585023395e-09	
8.813832476e-09	0.9999999655	8.77928008e-09	8.291598043e-09	8.579814299e-09	
8.838233681e-09	0.9999999656	8.77924855e-09	8.295621879e-09	8.49981155e-09	
8.476548491e-09	0.9999999659	8.779035218e-09	8.300059388e-09	8.499606074e-09	
8.813786325e-09	0.9999999655	8.779280056e-09	8.291598014e-09	8.579814268e-09	
8.813787201e-09	0.9999999655	8.779280057e-09	8.291598015e-09	8.579814269e-09	
8.476560194e-09	0.9999999659	8.779047405e-09	8.231193217e-09	8.591172291e-09	
8.477262571e-09	0.999999966	8.778992441e-09	8.231141764e-09	8.49956464e-09	
9.627419312e-09	0.999984709	9.933356119e-09	1.526177993e-05	9.63992098e-09	
8.476546405e-09	0.9999999659	8.779033052e-09	8.296591201e-09	8.499604287e-09	
8.814462406e-09	0.9999999656	8.779229517e-09	8.292722481e-09	8.49444702e-09	
8.838865355e-09	0.9999999657	8.779197987e-09	8.296746863e-09	8.415240281e-09	
8.477154315e-09	0.999999966	8.778984656e-09	8.301184974e-09	8.415036849e-09	
8.814416251e-09	0.9999999656	8.779229493e-09	8.292722452e-09	8.49444699e-09	
8.814417128e-09	0.9999999656	8.779229493e-09	8.292722453e-09	8.49444699e-09	
8.477166019e-09	0.999999966	8.778996843e-09	8.232309463e-09	8.505692003e-09	
8.477868446e-09	0.9999999661	8.77894188e-09	8.232258003e-09	8.414995829e-09	
9.62810737e-09	0.999984707	9.933298889e-09	1.526384957e-05	9.544005852e-09	
8.813862529e-09	0.9999999655	8.779310141e-09	8.339843546e-09	8.579844091e-09	
8.838263818e-09	0.9999999655	8.779278611e-09	8.343890796e-09	8.499841064e-09	
8.476577394e-09	0.9999999659	8.779065278e-09	8.348354125e-09	8.499635587e-09	
8.813816378e-09	0.9999999655	8.779310117e-09	8.339843518e-09	8.57984406e-09	
8.813817254e-09	0.9999999655	8.779310117e-09	8.339843518e-09	8.57984406e-09	
8.476589097e-09	0.9999999659	8.779077465e-09	8.279087249e-09	8.591202122e-09	
8.477291476e-09	0.999999966	8.779022501e-09	8.279035496e-09	8.499594154e-09	
9.190599618e-09	0.9999999652	8.779475081e-09	8.34000002e-09	8.494683653e-09	
8.814494631e-09	0.9999999656	8.779261744e-09	8.344461268e-09	8.494478301e-09	
9.165177585e-09	0.9999999651	8.779506588e-09	8.335954629e-09	8.574638106e-09	
9.165178497e-09	0.9999999651	8.779506589e-09	8.335954629e-09	8.574638106e-09	
8.8145068e-09	0.9999999655	8.779273931e-09	8.275226691e-09	8.585989277e-09	
8.815237179e-09	0.9999999656	8.779218966e-09	8.275174962e-09	8.494436893e-09	
0.000324214022	0.9996756956	3.103966638e-08	2.925755988e-08	3.003278569e-08	
8.838897669e-09	0.9999999656	8.779230214e-09	8.348510758e-09	8.41527127e-09	
9.190551494e-09	0.9999999652	8.779475057e-09	8.339999991e-09	8.494683622e-09	
9.190552408e-09	0.9999999652	8.779475058e-09	8.339999992e-09	8.494683623e-09	
8.838909872e-09	0.9999999656	8.779242401e-09	8.279242583e-09	8.505928949e-09	
8.839642273e-09	0.9999999657	8.779187436e-09	8.279190829e-09	8.415230248e-09	
0.0003251113208	0.9996747986	3.103952705e-08	2.927173204e-08	2.975271734e-08	
8.814448476e-09	0.9999999656	8.77926172e-09	8.344461239e-09	8.49447827e-09	
8.814449352e-09	0.9999999656	8.77926172e-09	8.34446124e-09	8.494478271e-09	
8.47719701e-09	0.999999966	8.779029069e-09	8.28367133e-09	8.505723325e-09	
8.47789944e-09	0.999999966	8.778974106e-09	8.283619549e-09	8.415026816e-09	
9.165130506e-09	0.9999999651	8.779506565e-09	8.335954601e-09	8.574638076e-09	
8.814460645e-09	0.9999999655	8.779273907e-09	8.275226663e-09	8.585989246e-09	
8.81519102e-09	0.9999999656	8.779218942e-09	8.275174934e-09	8.494436862e-09	
0.0003242123249	0.9996756973	3.103966635e-08	2.925755983e-08	3.003278564e-08	
8.814461522e-09	0.9999999655	8.779273907e-09	8.275226663e-09	8.585989247e-09	
8.815191897e-09	0.9999999656	8.779218943e-09	8.275174934e-09	8.494436863e-09	
0.0003242123571	0.9996756973	3.103966635e-08	2.925755983e-08	3.003278564e-08	
8.477911144e-09	0.999999966	8.778986292e-09	8.21488978e-09	8.505681862e-09	
4.82743565e-09	2.684964234e-09	5.010897641e-09	0.9999999825	4.95078497e-09	
4.827443218e-09	2.685634498e-09	5.010905528e-09	0.9999999825	4.962650945e-09	
4.827527763e-09	2.843896698e-09	5.010994043e-09	0.9999999825	4.803256561e-09	
4.827349864e-09	2.684918776e-09	5.010808206e-09	0.9999999827	4.803079556e-09	
4.827350637e-09	2.685585364e-09	5.010809009e-09	0.9999999827	4.803080354e-09	
4.827376585e-09	2.708269355e-09	5.010836193e-09	0.9999999827	4.803106248e-09	
4.827339833e-09	2.676291905e-09	5.010797789e-09	0.9999999827	4.803069653e-09	
4.827350637e-09	2.685585429e-09	5.010809009e-09	0.9999999827	4.803080248e-09	
4.82737968e-09	2.710979797e-09	5.010839427e-09	0.9999999826	4.803109365e-09	
4.827425618e-09	2.676337058e-09	5.010887223e-09	0.9999999825	4.950774371e-09	
4.827425618e-09	2.676337058e-09	5.010887223e-09	0.9999999825	4.950774371e-09	
4.827339833e-09	2.676291905e-09	5.010797789e-09	0.9999999827	4.803069653e-09	
4.827539036e-09	2.694337107e-09	5.011005382e-09	0.9999999824	5.115274043e-09	
4.827623583e-09	2.853112145e-09	5.0110939e-09	0.9999999824	4.950977589e-09	
4.827479964e-09	2.723631249e-09	5.010943883e-09	0.9999999825	4.950830437e-09	
4.82744568e-09	2.693619066e-09	5.010908059e-09	0.9999999825	4.950795141e-09	
4.827446454e-09	2.694287814e-09	5.010908862e-09	0.9999999825	4.950795962e-09	
4.827472402e-09	2.717045311e-09	5.010936046e-09	0.9999999825	4.950822653e-09	
4.82743565e-09	2.68496424e-09	5.010897641e-09	0.9999999825	4.950784932e-09	
4.827475497e-09	2.719764536e-09	5.01093928e-09	0.9999999825	4.950825866e-09	
7.814312349e-09	2.318358831e-05	8.006100882e-09	0.9999767926	7.959420545e-09	
4.827521436e-09	2.68500954e-09	5.010987077e-09	0.9999999824	5.103032213e-09	
4.827521436e-09	2.68500954e-09	5.010987077e-09	0.9999999824	5.103032213e-09	
4.82743565e-09	2.68496424e-09	5.010897641e-09	0.9999999825	4.950784932e-09	
4.827631152e-09	2.853824384e-09	5.011101787e-09	0.9999999823	4.962844026e-09	
4.827487533e-09	2.724311165e-09	5.01095177e-09	0.9999999825	4.962696521e-09	
4.827453249e-09	2.69429149e-09	5.010915945e-09	0.9999999825	4.96266114e-09	
4.827454022e-09	2.694960406e-09	5.010916749e-09	0.9999999825	4.962661964e-09	
4.827443218e-09	2.685634504e-09	5.010905528e-09	0.9999999825	4.962650907e-09	
4.827454022e-09	2.69496047e-09	5.010916749e-09	0.9999999825	4.962661854e-09	
7.814324556e-09	2.318937563e-05	8.006113436e-09	0.9999767868	7.978497532e-09	
4.827529005e-09	2.685679815e-09	5.010994964e-09	0.9999999824	5.115263092e-09	
4.827529005e-09	2.685679815e-09	5.010994964e-09	0.9999999824	5.115263092e-09	
4.827443218e-09	2.685634504e-09	5.010905528e-09	0.9999999825	4.962650907e-09	
4.827572078e-09	2.884852549e-09	5.011040286e-09	0.9999999825	4.803300674e-09	
4.827537794e-09	2.85306384e-09	5.011004461e-09	0.9999999825	4.803266429e-09	
4.827564516e-09	2.877876767e-09	5.011032449e-09	0.9999999825	4.803293122e-09	
4.827527763e-09	2.843896705e-09	5.010994043e-09	0.9999999825	4.803256525e-09	
4.827538567e-09	2.853772242e-09	5.011005265e-09	0.9999999825	4.803267121e-09	
4.827613551e-09	2.843944686e-09	5.011083481e-09	0.9999999824	4.95096699e-09	
4.827613551e-09	2.843944686e-09	5.011083481e-09	0.9999999824	4.95096699e-09	
4.827527763e-09	2.843896705e-09	5.010994043e-09	0.9999999825	4.803256525e-09	
4.32215968e-08	0.0003270045029	4.464325927e-08	0.9996728647	4.289366112e-08	
4.827394177e-09	2.723585136e-09	5.010854447e-09	0.9999999826	4.803123667e-09	
4.827394951e-09	2.724261324e-09	5.010855251e-09	0.9999999826	4.803124464e-09	
4.827420899e-09	2.747271994e-09	5.010882434e-09	0.9999999826	4.803150359e-09	
4.827384147e-09	2.714834027e-09	5.01084403e-09	0.9999999826	4.803113763e-09	
4.827394951e-09	2.724261389e-09	5.010855251e-09	0.9999999826	4.803124359e-09	
4.827423994e-09	2.750021471e-09	5.010885668e-09	0.9999999826	4.803153476e-09	
7.814226966e-09	2.344149588e-05	8.006013161e-09	0.999976535	7.722006315e-09	
4.827469933e-09	2.714879831e-09	5.010933465e-09	0.9999999825	4.950819838e-09	
4.827469933e-09	2.714879831e-09	5.010933465e-09	0.9999999825	4.950819838e-09	
4.827384147e-09	2.714834027e-09	5.01084403e-09	0.9999999826	4.803113763e-09	
4.827360668e-09	2.694242199e-09	5.010819427e-09	0.9999999827	4.803090221e-09	
4.827386616e-09	2.71699931e-09	5.01084661e-09	0.9999999826	4.803116115e-09	
4.827349864e-09	2.684918782e-09	5.010808206e-09	0.9999999827	4.80307952e-09	
4.827360668e-09	2.694242263e-09	5.010819427e-09	0.9999999827	4.803090115e-09	
4.82738971e-09	2.719718489e-09	5.010849844e-09	0.9999999826	4.803119233e-09	
7.814173489e-09	2.318319581e-05	8.005957992e-09	0.9999767933	7.721953257e-09	
4.827435649e-09	2.684964082e-09	5.01089764e-09	0.9999999825	4.950784542e-09	
4.827435649e-09	2.684964082e-09	5.01089764e-09	0.9999999825	4.950784542e-09	
4.827349864e-09	2.684918782e-09	5.010808206e-09	0.9999999827	4.80307952e-09	
4.827387389e-09	2.717673863e-09	5.010847414e-09	0.9999999826	4.803116913e-09	
4.827350637e-09	2.68558537e-09	5.010809009e-09	0.9999999827	4.803080318e-09	
4.827361441e-09	2.694911166e-09	5.01082023e-09	0.9999999827	4.803090913e-09	
4.827390484e-09	2.720393718e-09	5.010850648e-09	0.9999999826	4.80312003e-09	
7.814174696e-09	2.31889514e-05	8.005959229e-09	0.9999767875	7.721954494e-09	
4.827436423e-09	2.685630681e-09	5.010898444e-09	0.9999999825	4.950785364e-09	
4.827436423e-09	2.685630681e-09	5.010898444e-09	0.9999999825	4.950785364e-09	
4.827350637e-09	2.68558537e-09	5.010809009e-09	0.9999999827	4.803080318e-09	
4.827376585e-09	2.708269361e-09	5.010836193e-09	0.9999999827	4.803106212e-09	
4.827387389e-09	2.717673928e-09	5.010847414e-09	0.9999999826	4.803116807e-09	
4.827416432e-09	2.74337172e-09	5.010877831e-09	0.9999999826	4.803145924e-09	
4.827462371e-09	2.708315055e-09	5.010925628e-09	0.9999999825	4.950812054e-09	
4.827462371e-09	2.708315055e-09	5.010925628e-09	0.9999999825	4.950812054e-09	
4.827376585e-09	2.708269361e-09	5.010836193e-09	0.9999999827	4.803106212e-09	
4.827350637e-09	2.685585435e-09	5.010809009e-09	0.9999999827	4.803080212e-09	
4.82737968e-09	2.710979804e-09	5.010839427e-09	0.9999999826	4.803109329e-09	
4.827425618e-09	2.676337064e-09	5.010887223e-09	0.9999999825	4.950774334e-09	
4.827425618e-09	2.676337064e-09	5.010887223e-09	0.9999999825	4.950774334e-09	
4.827339833e-09	2.676291911e-09	5.010797788e-09	0.9999999827	4.803069617e-09	
4.827390484e-09	2.720393783e-09	5.010850648e-09	0.9999999826	4.803119924e-09	
7.814174696e-09	2.318895195e-05	8.00595923e-09	0.9999767875	7.721954324e-09	
4.827436423e-09	2.685630745e-09	5.010898444e-09	0.9999999825	4.950785254e-09	
4.827436423e-09	2.685630745e-09	5.010898444e-09	0.9999999825	4.950785254e-09	
4.827350637e-09	2.685585435e-09	5.010809009e-09	0.9999999827	4.803080212e-09	
4.827465466e-09	2.711025543e-09	5.010928861e-09	0.9999999825	4.950815267e-09	
4.827465466e-09	2.711025543e-09	5.010928861e-09	0.9999999825	4.950815267e-09	
4.82737968e-09	2.710979804e-09	5.010839427e-09	0.9999999826	4.803109329e-09	
3.364855292e-05	0.9996787645	2.858182213e-08	0.0002554827968	3.207559595e-05	
3.377180347e-05	0.9997328099	2.619131792e-08	0.0002333668212	2.531945293e-08	
2.331825678e-08	0.9997886276	2.371874469e-08	0.00021130239	2.292991576e-08	
1.913186731e-08	0.7266323561	1.950489411e-08	0.2733675864	1.885744256e-08	
4.827511405e-09	2.676382219e-09	5.010976658e-09	0.9999999824	5.103021288e-09	
4.827425618e-09	2.676337064e-09	5.010887223e-09	0.9999999825	4.950774334e-09	
4.827425618e-09	2.676337064e-09	5.010887223e-09	0.9999999825	4.950774334e-09	
8.587535286e-09	0.9999999659	8.779055267e-09	8.266563348e-09	8.455992958e-09	
8.587535286e-09	0.9999999659	8.779055267e-09	8.266563348e-09	8.455992958e-09	
1.239326754e-05	0.9999757558	1.058017667e-08	1.038111677e-08	1.182997421e-05	
1.243758208e-05	0.9999875343	9.694612437e-09	9.12877178e-09	9.337561712e-09	
1.243813663e-05	0.9999875333	9.694870143e-09	9.482070091e-09	9.337809683e-09	
8.577190573e-09	0.999999966	8.779021662e-09	8.242049625e-09	8.436569411e-09	
8.587728432e-09	0.9999999656	8.779251622e-09	8.585184093e-09	8.45618181e-09	
9.694522148e-09	0.9999846888	9.933360985e-09	1.528195957e-05	9.568447345e-09	
8.587535286e-09	0.9999999659	8.779055267e-09	8.266563348e-09	8.455992958e-09	
8.580598623e-09	0.9999999659	8.779048027e-09	8.263825205e-09	8.453824701e-09	
1.238325692e-05	0.9999757688	1.058016809e-08	1.037767836e-08	1.182694097e-05	
1.242753563e-05	0.9999875443	9.694604538e-09	9.125748139e-09	9.335167499e-09	
8.587535286e-09	0.9999999659	8.779055267e-09	8.266563348e-09	8.455992958e-09	
1.242808973e-05	0.9999875434	9.694862244e-09	9.47892943e-09	9.335415406e-09	
8.570262266e-09	0.999999966	8.779014422e-09	8.239319602e-09	8.434406134e-09	
8.580791613e-09	0.9999999656	8.779244381e-09	8.582340413e-09	8.454013503e-09	
9.686691355e-09	0.9999846939	9.933352842e-09	1.527689779e-05	9.565993884e-09	
8.580598623e-09	0.9999999659	8.779048027e-09	8.263825205e-09	8.453824701e-09	
1.238325692e-05	0.9999757688	1.058016809e-08	1.037767836e-08	1.182694097e-05	
1.242753563e-05	0.9999875443	9.694604538e-09	9.125748139e-09	9.335167499e-09	
8.587535286e-09	0.9999999659	8.779055267e-09	8.266563348e-09	8.455992958e-09	
1.242808973e-05	0.9999875434	9.694862244e-09	9.47892943e-09	9.335415406e-09	
8.570262266e-09	0.999999966	8.779014422e-09	8.239319602e-09	8.434406134e-09	
8.580791613e-09	0.9999999656	8.779244381e-09	8.582340413e-09	8.454013503e-09	
9.686691355e-09	0.9999846939	9.933352842e-09	1.527689779e-05	9.565993884e-09	
8.580598623e-09	0.9999999659	8.779048027e-09	8.263825205e-09	8.453824701e-09	
0.01761944829	0.9823676988	1.14779739e-08	1.125842281e-08	1.283013713e-05	
1.239326754e-05	0.9999757558	1.058017667e-08	1.038111677e-08	1.182997421e-05	
0.01762022004	0.9823669263	1.147826999e-08	1.169413289e-08	1.283046777e-05	
1.238353543e-05	0.9999757679	1.058040472e-08	1.077766846e-08	1.182720509e-05	
1.39794374e-05	0.9999534413	1.197120699e-08	1.918453125e-05	1.338277651e-05	
1.238325692e-05	0.9999757688	1.058016809e-08	1.037767836e-08	1.182694097e-05	
0.9994192683	0.0005122545436	5.890645508e-08	5.760791263e-08	6.836059375e-05	
1.243758208e-05	0.9999875343	9.694612437e-09	9.12877178e-09	9.337561712e-09	
0.01768213265	0.9823178364	1.051688561e-08	1.028275481e-08	1.012663972e-08	
1.241256537e-05	0.9999875593	9.694567574e-09	9.09868672e-09	9.313724614e-09	
1.242781514e-05	0.9999875437	9.694821367e-09	9.47748471e-09	9.335375983e-09	
1.402947775e-05	0.9999690788	1.09692554e-08	1.687023538e-05	1.056325074e-08	
1.242753563e-05	0.9999875443	9.694604538e-09	9.125748139e-09	9.335167499e-09	
0.9994893707	0.0005104712195	5.378742421e-08	5.048132435e-08	5.376948045e-08	
1.243813663e-05	0.9999875333	9.694870143e-09	9.482070091e-09	9.337809683e-09	
8.577190573e-09	0.999999966	8.779021662e-09	8.242049625e-09	8.436569411e-09	
8.587728432e-09	0.9999999656	8.779251622e-09	8.585184093e-09	8.45618181e-09	
9.694522148e-09	0.9999846888	9.933360985e-09	1.528195957e-05	9.568447345e-09	
8.587535286e-09	0.9999999659	8.779055267e-09	8.266563348e-09	8.455992958e-09	
1.24131188e-05	0.9999875584	9.694825279e-09	9.45082069e-09	9.313971951e-09	
1.242836925e-05	0.9999875428	9.695079079e-09	9.844278778e-09	9.335623895e-09	
1.242808973e-05	0.9999875434	9.694862244e-09	9.47892943e-09	9.335415406e-09	
0.9994893915	0.0005104484706	5.378645699e-08	5.243269699e-08	5.376851214e-08	
8.570455023e-09	0.9999999657	8.779210776e-09	8.556890283e-09	8.434594503e-09	
8.570262266e-09	0.999999966	8.779014422e-09	8.239319602e-09	8.434406134e-09	
8.580791613e-09	0.9999999656	8.779244381e-09	8.582340413e-09	8.454013503e-09	
9.686691355e-09	0.9999846939	9.933352842e-09	1.527689779e-05	9.565993884e-09	
0.9999999833	2.604952116e-09	4.867031813e-09	4.55430297e-09	4.665263442e-09	
0.9999999832	2.610447497e-09	4.867108187e-09	4.554373856e-09	4.780220909e-09	
0.9999999833	2.610412729e-09	4.867038402e-09	4.554309057e-09	4.665269791e-09	
0.9999999833	2.610412729e-09	4.867038402e-09	4.554309057e-09	4.665269791e-09	
0.9999848987	1.508158412e-05	6.824134951e-09	6.385647053e-09	6.541228632e-09	
0.9999999833	2.610412729e-09	4.867038402e-09	4.554309057e-09	4.665269791e-09	
0.9999999833	2.610412729e-09	4.867038402e-09	4.554309057e-09	4.665269791e-09	
0.9999999832	2.60499016e-09	4.867107094e-09	4.554372874e-09	4.789369616e-09	
0.9999999832	2.610080742e-09	4.867103001e-09	4.554369042e-09	4.772323425e-09	
0.9999999833	2.610412729e-09	4.867038402e-09	4.554309057e-09	4.665269791e-09	
0.9999999833	2.61083333e-09	4.867038908e-09	4.554309524e-09	4.665270167e-09	
0.9999999831	2.821634862e-09	4.867282528e-09	4.554535113e-09	4.665501962e-09	
0.9999999822	3.500896666e-09	4.868047278e-09	4.555248893e-09	4.855419583e-09	
0.9999999833	2.604952116e-09	4.867031813e-09	4.55430297e-09	4.665263442e-09	
0.9999999832	2.604986812e-09	4.867101597e-09	4.554367769e-09	4.780214404e-09	
0.9999999833	2.604952116e-09	4.867031813e-09	4.55430297e-09	4.665263442e-09	
0.9999999833	2.604952116e-09	4.867031813e-09	4.55430297e-09	4.665263442e-09	
0.9999999833	2.604952116e-09	4.867031813e-09	4.55430297e-09	4.665263442e-09	
0.9999999833	2.604952116e-09	4.867031813e-09	4.55430297e-09	4.665263442e-09	
0.9999999832	2.59954089e-09	4.867100504e-09	4.554366787e-09	4.789363098e-09	
0.9999999832	2.604620824e-09	4.867096412e-09	4.554362956e-09	4.77231693e-09	
0.9999999833	2.604952116e-09	4.867031813e-09	4.55430297e-09	4.665263442e-09	
0.9999999833	2.605371838e-09	4.867032319e-09	4.554303438e-09	4.665263818e-09	
0.9999999831	2.815732402e-09	4.867275938e-09	4.554529026e-09	4.665495612e-09	
0.9999999833	2.599502926e-09	4.867025223e-09	4.554296884e-09	4.665257093e-09	
0.9999999832	2.610447497e-09	4.867108187e-09	4.554373856e-09	4.780220909e-09	
0.9999999832	2.610447497e-09	4.867108187e-09	4.554373856e-09	4.780220909e-09	
0.9999848983	1.5081785e-05	6.824232795e-09	6.385737907e-09	6.70240292e-09	
0.9999999832	2.610447497e-09	4.867108187e-09	4.554373856e-09	4.780220909e-09	
0.9999999832	2.610447497e-09	4.867108187e-09	4.554373856e-09	4.780220909e-09	
0.9999999831	2.605024856e-09	4.867176879e-09	4.554437674e-09	4.907378524e-09	
0.9999999831	2.610115506e-09	4.867172786e-09	4.554433842e-09	4.889912318e-09	
0.9999999832	2.610447497e-09	4.867108187e-09	4.554373856e-09	4.780220909e-09	
0.9999999832	2.610868105e-09	4.867108693e-09	4.554374323e-09	4.780221294e-09	
0.999999983	2.821672444e-09	4.867352316e-09	4.554599915e-09	4.780458801e-09	
0.9999999832	2.604986812e-09	4.867101597e-09	4.554367769e-09	4.780214404e-09	
0.9999999833	2.610412729e-09	4.867038402e-09	4.554309057e-09	4.665269791e-09	
0.9999848987	1.508158412e-05	6.824134951e-09	6.385647053e-09	6.541228632e-09	
0.9999999833	2.610412729e-09	4.867038402e-09	4.554309057e-09	4.665269791e-09	
0.9999999833	2.610412729e-09	4.867038402e-09	4.554309057e-09	4.665269791e-09	
0.9999999832	2.60499016e-09	4.867107094e-09	4.554372874e-09	4.789369616e-09	
0.9999999832	2.610080742e-09	4.867103001e-09	4.554369042e-09	4.772323425e-09	
0.9999999833	2.610412729e-09	4.867038402e-09	4.554309057e-09	4.665269791e-09	
0.9999999833	2.61083333e-09	4.867038908e-09	4.554309524e-09	4.665270167e-09	
0.9999999831	2.821634862e-09	4.867282528e-09	4.554535113e-09	4.665501962e-09	
0.9999999822	3.500896666e-09	4.868047278e-09	4.555248893e-09	4.855419583e-09	
0.9999999833	2.604952116e-09	4.867031813e-09	4.55430297e-09	4.665263442e-09	
0.9999848987	1.508158412e-05	6.824134951e-09	6.385647053e-09	6.541228632e-09	
0.9999999833	2.610412729e-09	4.867038402e-09	4.554309057e-09	4.665269791e-09	
0.9999999833	2.610412729e-09	4.867038402e-09	4.554309057e-09	4.665269791e-09	
0.9999999832	2.60499016e-09	4.867107094e-09	4.554372874e-09	4.789369616e-09	
0.9999999832	2.610080742e-09	4.867103001e-09	4.554369042e-09	4.772323425e-09	
0.9999999833	2.610412729e-09	4.867038402e-09	4.554309057e-09	4.665269791e-09	
0.9999999833	2.61083333e-09	4.867038908e-09	4.554309524e-09	4.665270167e-09	
0.9999999831	2.821634862e-09	4.867282528e-09	4.554535113e-09	4.665501962e-09	
0.9999999822	3.500896666e-09	4.868047278e-09	4.555248893e-09	4.855419583e-09	
0.9999999833	2.604952116e-09	4.867031813e-09	4.55430297e-09	4.665263442e-09	
0.9999848987	1.508158412e-05	6.824134951e-09	6.385647053e-09	6.541228632e-09	
0.9999848987	1.508158412e-05	6.824134951e-09	6.385647053e-09	6.541228632e-09	
0.9999849004	1.507966611e-05	6.824225539e-09	6.385731171e-09	6.69132978e-09	
0.9999848987	1.508158412e-05	6.824134951e-09	6.385647053e-09	6.541228632e-09	
0.9999848962	1.50840141e-05	6.824135644e-09	6.385647693e-09	6.541229142e-09	
0.9999836784	1.630189401e-05	6.824468916e-09	6.385956217e-09	6.541546179e-09	
0.9999999833	2.610412729e-09	4.867038402e-09	4.554309057e-09	4.665269791e-09	
0.9999999832	2.60499016e-09	4.867107094e-09	4.554372874e-09	4.789369616e-09	
0.9999999832	2.610080742e-09	4.867103001e-09	4.554369042e-09	4.772323425e-09	
0.9999999833	2.610412729e-09	4.867038402e-09	4.554309057e-09	4.665269791e-09	
0.9999999833	2.61083333e-09	4.867038908e-09	4.554309524e-09	4.665270167e-09	
0.9999999831	2.821634862e-09	4.867282528e-09	4.554535113e-09	4.665501962e-09	
0.9999999822	3.500896666e-09	4.868047278e-09	4.555248893e-09	4.855419583e-09	
0.9999999833	2.604952116e-09	4.867031813e-09	4.55430297e-09	4.665263442e-09	
0.9999999832	2.60499016e-09	4.867107094e-09	4.554372874e-09	4.789369616e-09	
0.9999999832	2.610080742e-09	4.867103001e-09	4.554369042e-09	4.772323425e-09	
0.9999999833	2.610412729e-09	4.867038402e-09	4.554309057e-09	4.665269791e-09	
0.9999999833	2.61083333e-09	4.867038908e-09	4.554309524e-09	4.665270167e-09	
0.9999999831	2.821634862e-09	4.867282528e-09	4.554535113e-09	4.665501962e-09	
0.9999999822	3.500896666e-09	4.868047278e-09	4.555248893e-09	4.855419583e-09	
0.9999999833	2.604952116e-09	4.867031813e-09	4.55430297e-09	4.665263442e-09	
0.9999999831	2.604658863e-09	4.867171693e-09	4.55443286e-09	4.89927096e-09	
0.9999999832	2.60499016e-09	4.867107094e-09	4.554372874e-09	4.789369616e-09	
0.9999999832	2.605409888e-09	4.867107599e-09	4.554373341e-09	4.789370001e-09	
0.999999983	2.815773524e-09	4.867351222e-09	4.554598933e-09	4.789607962e-09	
0.9999999832	2.59954089e-09	4.867100504e-09	4.554366787e-09	4.789363098e-09	
0.9999999832	2.610080742e-09	4.867103001e-09	4.554369042e-09	4.772323425e-09	
0.9999999832	2.61050129e-09	4.867103507e-09	4.55436951e-09	4.772323809e-09	
0.999999983	2.821276012e-09	4.86734713e-09	4.554595101e-09	4.772560923e-09	
0.9999999821	3.50045143e-09	4.86811189e-09	4.555308891e-09	4.966836571e-09	
0.9999999832	2.604620824e-09	4.867096412e-09	4.554362956e-09	4.77231693e-09	
0.9999999833	2.61083333e-09	4.867038908e-09	4.554309524e-09	4.665270167e-09	
0.9999999831	2.821634862e-09	4.867282528e-09	4.554535113e-09	4.665501962e-09	
0.9999999822	3.500896666e-09	4.868047278e-09	4.555248893e-09	4.855419583e-09	
0.9999999833	2.604952116e-09	4.867031813e-09	4.55430297e-09	4.665263442e-09	
0.9999999831	2.822089497e-09	4.867283034e-09	4.55453558e-09	4.665502337e-09	
0.9999999833	2.605371838e-09	4.867032319e-09	4.554303438e-09	4.665263818e-09	
0.9999999819	3.784172507e-09	4.868291454e-09	4.555474995e-09	4.855661217e-09	
0.9999999831	2.815732402e-09	4.867275938e-09	4.554529026e-09	4.665495612e-09	
