4.616420458e-09	4.535964734e-09	0.9999999833	4.365375439e-09	3.181813603e-09	
4.616420458e-09	4.535964758e-09	0.9999999833	4.365375462e-09	3.181813607e-09	
4.616420458e-09	4.535964758e-09	0.9999999833	4.365375462e-09	3.181813607e-09	
4.616420458e-09	4.535964734e-09	0.9999999833	4.365375439e-09	3.181813603e-09	
4.616752474e-09	4.96858892e-09	0.9999999828	4.365686948e-09	3.276983324e-09	
4.616420458e-09	4.535964734e-09	0.9999999833	4.365375439e-09	3.181813603e-09	
4.616473877e-09	4.536017035e-09	0.9999999832	4.451558765e-09	3.181848969e-09	
4.616420458e-09	4.535964758e-09	0.9999999833	4.365375462e-09	3.181813607e-09	
4.616473877e-09	4.536017035e-09	0.9999999832	4.451558765e-09	3.181848969e-09	
4.616420458e-09	4.535964734e-09	0.9999999833	4.365375439e-09	3.181813603e-09	
4.616473877e-09	4.536017035e-09	0.9999999832	4.451558765e-09	3.181848969e-09	
4.616420458e-09	4.535964758e-09	0.9999999833	4.365375462e-09	3.181813607e-09	
4.616473877e-09	4.536017035e-09	0.9999999832	4.451558765e-09	3.181848969e-09	
1.498739501e-08	1.464421031e-08	0.9998587179	0.0001412421905	1.027234795e-08	
4.61636704e-09	4.535912458e-09	0.9999999834	4.280860667e-09	3.181778242e-09	
4.61636704e-09	4.535912458e-09	0.9999999834	4.280860667e-09	3.181778242e-09	
4.61636704e-09	4.535912433e-09	0.9999999834	4.280860644e-09	3.181778238e-09	
4.616699052e-09	4.968531632e-09	0.9999999829	4.281166122e-09	3.276946901e-09	
4.61636704e-09	4.535912433e-09	0.9999999834	4.280860644e-09	3.181778238e-09	
4.616420458e-09	4.535964734e-09	0.9999999833	4.365375439e-09	3.181813603e-09	
4.61636704e-09	4.535912458e-09	0.9999999834	4.280860667e-09	3.181778242e-09	
4.616420458e-09	4.535964734e-09	0.9999999833	4.365375439e-09	3.181813603e-09	
4.61636704e-09	4.535912433e-09	0.9999999834	4.280860644e-09	3.181778238e-09	
4.616420458e-09	4.535964734e-09	0.9999999833	4.365375439e-09	3.181813603e-09	
4.61636704e-09	4.535912458e-09	0.9999999834	4.280860667e-09	3.181778242e-09	
4.616420458e-09	4.535964734e-09	0.9999999833	4.365375439e-09	3.181813603e-09	
4.61636704e-09	4.535912482e-09	0.9999999834	4.280860689e-09	3.181778246e-09	
4.61636704e-09	4.535912458e-09	0.9999999834	4.280860667e-09	3.181778242e-09	
4.616699052e-09	4.968531658e-09	0.9999999829	4.281166145e-09	3.276946905e-09	
4.61636704e-09	4.535912458e-09	0.9999999834	4.280860667e-09	3.181778242e-09	
4.616420458e-09	4.535964758e-09	0.9999999833	4.365375462e-09	3.181813607e-09	
4.61636704e-09	4.535912482e-09	0.9999999834	4.280860689e-09	3.181778246e-09	
4.616420458e-09	4.535964758e-09	0.9999999833	4.365375462e-09	3.181813607e-09	
4.61636704e-09	4.535912458e-09	0.9999999834	4.280860667e-09	3.181778242e-09	
4.616420458e-09	4.535964758e-09	0.9999999833	4.365375462e-09	3.181813607e-09	
4.616420458e-09	4.535964758e-09	0.9999999833	4.365375462e-09	3.181813607e-09	
4.61636704e-09	4.535912458e-09	0.9999999834	4.280860667e-09	3.181778242e-09	
4.616699052e-09	4.968531658e-09	0.9999999829	4.281166145e-09	3.276946905e-09	
4.61636704e-09	4.535912458e-09	0.9999999834	4.280860667e-09	3.181778242e-09	
4.616420458e-09	4.535964758e-09	0.9999999833	4.365375462e-09	3.181813607e-09	
4.616420458e-09	4.535964758e-09	0.9999999833	4.365375462e-09	3.181813607e-09	
4.61636704e-09	4.535912458e-09	0.9999999834	4.280860667e-09	3.181778242e-09	
4.616420458e-09	4.535964758e-09	0.9999999833	4.365375462e-09	3.181813607e-09	
4.61636704e-09	4.535912482e-09	0.9999999834	4.280860689e-09	3.181778246e-09	
4.616420458e-09	4.535964758e-09	0.9999999833	4.365375462e-09	3.181813607e-09	
4.616699052e-09	4.968531632e-09	0.9999999829	4.281166122e-09	3.276946901e-09	
4.61636704e-09	4.535912433e-09	0.9999999834	4.280860644e-09	3.181778238e-09	
4.616420458e-09	4.535964734e-09	0.9999999833	4.365375439e-09	3.181813603e-09	
4.61636704e-09	4.535912458e-09	0.9999999834	4.280860667e-09	3.181778242e-09	
4.616420458e-09	4.535964734e-09	0.9999999833	4.365375439e-09	3.181813603e-09	
4.61636704e-09	4.535912433e-09	0.9999999834	4.280860644e-09	3.181778238e-09	
4.616420458e-09	4.535964734e-09	0.9999999833	4.365375439e-09	3.181813603e-09	
4.61636704e-09	4.535912458e-09	0.9999999834	4.280860667e-09	3.181778242e-09	
4.616420458e-09	4.535964734e-09	0.9999999833	4.365375439e-09	3.181813603e-09	
4.616699052e-09	4.968531632e-09	0.9999999829	4.281166122e-09	3.276946901e-09	
4.616752474e-09	4.96858892e-09	0.9999999828	4.365686948e-09	3.276983324e-09	
4.616699052e-09	4.968531658e-09	0.9999999829	4.281166145e-09	3.276946905e-09	
4.616752474e-09	4.96858892e-09	0.9999999828	4.365686948e-09	3.276983324e-09	
4.616699052e-09	4.968531632e-09	0.9999999829	4.281166122e-09	3.276946901e-09	
4.616752474e-09	4.96858892e-09	0.9999999828	4.365686948e-09	3.276983324e-09	
4.616699052e-09	4.968531658e-09	0.9999999829	4.281166145e-09	3.276946905e-09	
4.616752474e-09	4.96858892e-09	0.9999999828	4.365686948e-09	3.276983324e-09	
6.812495902e-08	0.00066671773	0.9991201853	6.37782983e-08	0.0002129650764	
4.616420458e-09	4.535964734e-09	0.9999999833	4.365375439e-09	3.181813603e-09	
4.61636704e-09	4.535912458e-09	0.9999999834	4.280860667e-09	3.181778242e-09	
4.616420458e-09	4.535964734e-09	0.9999999833	4.365375439e-09	3.181813603e-09	
4.61636704e-09	4.535912433e-09	0.9999999834	4.280860644e-09	3.181778238e-09	
4.616420458e-09	4.535964734e-09	0.9999999833	4.365375439e-09	3.181813603e-09	
4.61636704e-09	4.535912458e-09	0.9999999834	4.280860667e-09	3.181778242e-09	
4.616420458e-09	4.535964734e-09	0.9999999833	4.365375439e-09	3.181813603e-09	
4.616420458e-09	4.535964758e-09	0.9999999833	4.365375462e-09	3.181813607e-09	
4.616473877e-09	4.536017035e-09	0.9999999832	4.451558765e-09	3.181848969e-09	
4.616420458e-09	4.535964734e-09	0.9999999833	4.365375439e-09	3.181813603e-09	
4.616473877e-09	4.536017035e-09	0.9999999832	4.451558765e-09	3.181848969e-09	
4.616420458e-09	4.535964758e-09	0.9999999833	4.365375462e-09	3.181813607e-09	
4.616473877e-09	4.536017035e-09	0.9999999832	4.451558765e-09	3.181848969e-09	
1.498739501e-08	1.464421031e-08	0.9998587179	0.0001412421905	1.027234795e-08	
4.616420458e-09	4.535964758e-09	0.9999999833	4.365375462e-09	3.181813607e-09	
4.61636704e-09	4.535912458e-09	0.9999999834	4.280860667e-09	3.181778242e-09	
4.616420458e-09	4.535964758e-09	0.9999999833	4.365375462e-09	3.181813607e-09	
4.61636704e-09	4.535912482e-09	0.9999999834	4.280860689e-09	3.181778246e-09	
4.616420458e-09	4.535964758e-09	0.9999999833	4.365375462e-09	3.181813607e-09	
4.616420458e-09	4.535964734e-09	0.9999999833	4.365375439e-09	3.181813603e-09	
4.616473877e-09	4.536017035e-09	0.9999999832	4.451558765e-09	3.181848969e-09	
4.616420458e-09	4.535964758e-09	0.9999999833	4.365375462e-09	3.181813607e-09	
4.616473877e-09	4.536017035e-09	0.9999999832	4.451558765e-09	3.181848969e-09	
1.498739501e-08	1.464421031e-08	0.9998587179	0.0001412421905	1.027234795e-08	
4.616420458e-09	4.535964734e-09	0.9999999833	4.365375439e-09	3.181813603e-09	
4.61636704e-09	4.535912458e-09	0.9999999834	4.280860667e-09	3.181778242e-09	
4.616420458e-09	4.535964734e-09	0.9999999833	4.365375439e-09	3.181813603e-09	
4.616420458e-09	4.535964758e-09	0.9999999833	4.365375462e-09	3.181813607e-09	
4.616473877e-09	4.536017035e-09	0.9999999832	4.451558765e-09	3.181848969e-09	
1.498739501e-08	1.464421031e-08	0.9998587179	0.0001412421905	1.027234795e-08	
4.616420458e-09	4.535964758e-09	0.9999999833	4.365375462e-09	3.181813607e-09	
1.498739501e-08	1.464421031e-08	0.9998587179	0.0001412421905	1.027234795e-08	
2.681212043e-08	0.0006356881343	2.73782394e-08	2.566541764e-08	0.999364232	
8.214040801e-09	0.9140782515	8.372132186e-09	7.698877456e-09	0.08592172423	
8.227017009e-09	0.9134443529	8.385378664e-09	7.711039835e-09	0.0865556228	
1.339054662e-08	0.8809427823	1.365687843e-08	6.060328066e-05	0.1189965874	
2.681212159e-08	0.0006360829994	2.737824061e-08	2.566541891e-08	0.9993638371	
8.586452113e-09	0.8958876113	8.748448947e-09	8.124927283e-09	0.1041123632	
9.71359469e-09	0.9348203992	7.937415975e-09	7.301850447e-09	0.06517957583	
9.250558778e-09	0.8959537554	9.305852975e-06	8.753368098e-09	0.1040369207	
8.249526915e-09	0.9123476057	8.408357688e-09	7.82577362e-09	0.08765236985	
8.051982458e-09	0.9219973242	8.205347241e-09	7.628421514e-09	0.07800265192	
8.39098242e-09	0.9054345111	8.554552848e-09	7.864721296e-09	0.0945654641	
2.425276728e-08	0.0005542533825	2.476989701e-08	2.296876534e-08	0.9994456746	
2.411328979e-08	0.0005498151445	2.462750579e-08	2.283667216e-08	0.9994501133	
2.854879231e-08	0.000385707132	2.917591997e-08	0.000130554357	0.9994836808	
6.810135629e-09	3.317866458e-08	6.96809074e-09	6.586864638e-09	0.9999999465	
2.09249723e-08	0.000448358289	2.136317912e-08	2.000674435e-08	0.9995515794	
3.780002361e-08	0.0007470691562	3.095101632e-08	2.871116579e-08	0.9992528334	
2.255921056e-08	0.0004487061868	2.274027949e-05	2.156934332e-08	0.9995285094	
2.387690372e-08	0.0005422877995	2.438618269e-08	2.288664038e-08	0.9994576411	
2.618630023e-08	0.0006157742388	2.673941908e-08	2.506754512e-08	0.9993841478	
2.251187938e-08	0.0004988575143	2.299746339e-08	2.132004315e-08	0.9995010757	
1.778165016e-08	0.0003483371749	1.816051761e-08	1.703990784e-08	0.9996516098	
8.427845485e-09	0.90196643	8.591824447e-09	7.815311513e-09	0.09803354519	
2.425276955e-08	0.0005545976915	2.476989936e-08	2.296876765e-08	0.9994453303	
8.773692625e-09	0.8823813158	8.941044802e-09	8.213860508e-09	0.1176186583	
9.981687214e-09	0.9259472977	8.158149611e-09	7.42362609e-09	0.07405267678	
9.452381137e-09	0.8824557987	9.51082062e-06	8.849273685e-09	0.1175346722	
8.258792811e-09	0.9115437565	8.417812766e-09	7.741187923e-09	0.08845621906	
8.585829719e-09	0.8930188225	8.754983248e-09	7.961813016e-09	0.1069811522	
9.282895535e-09	0.8535418176	9.463341001e-09	8.71027807e-09	0.146458155	
2.411329212e-08	0.0005501566979	2.46275082e-08	2.283667452e-08	0.9994497717	
8.785305407e-09	0.8815438735	8.952901004e-09	8.224732308e-09	0.1184561005	
9.998413689e-09	0.9253938175	8.171840357e-09	7.436065987e-09	0.07460615693	
9.464898435e-09	0.8816188641	9.523438616e-06	8.860992326e-09	0.1183715941	
8.461996856e-09	0.9000185104	8.626698165e-09	7.942007156e-09	0.09998146456	
8.597931847e-09	0.8922478702	8.767345265e-09	7.97303557e-09	0.1077521045	
9.29301974e-09	0.8525333553	9.473685194e-09	8.719777769e-09	0.1474666172	
2.854879798e-08	0.0003859467784	2.917592579e-08	0.0001305543837	0.9994834411	
1.411440077e-08	0.8391878907	1.439269814e-08	6.380498783e-05	0.1607482759	
1.520658007e-08	0.8392786299	1.531024835e-05	6.874248581e-05	0.1606373022	
1.369751299e-08	0.863236904	1.39728925e-08	6.207638422e-05	0.1367009919	
1.344913989e-08	0.8775630645	1.371674667e-08	6.087133515e-05	0.122376037	
1.475662204e-08	0.8021418392	1.505295963e-08	6.685944819e-05	0.1977912715	
1.529054545e-08	9.380078148e-05	1.562962756e-08	0.9998693384	3.682985957e-05	
1.534263462e-08	9.374469488e-05	1.562627003e-08	0.9998694031	3.682127668e-05	
1.529053685e-08	9.374450643e-05	1.562623863e-08	0.9998694034	3.682120571e-05	
1.529051822e-08	9.386396885e-05	1.55690503e-08	0.9998692657	3.68395155e-05	
2.092497564e-08	0.0004486368442	2.136318255e-08	2.000674767e-08	0.9995513009	
3.780002263e-08	0.0007475331552	3.095101555e-08	2.871116523e-08	0.9992523694	
2.255921416e-08	0.0004489849581	2.274028314e-05	2.156934689e-08	0.9995282306	
2.387690614e-08	0.0005426246794	2.438618519e-08	2.288664284e-08	0.9994573042	
2.618630169e-08	0.0006161567418	2.673942059e-08	2.506754668e-08	0.9993837653	
2.251188227e-08	0.0004991674279	2.299746636e-08	2.132004602e-08	0.9995007657	
1.778165411e-08	0.0003485536108	1.816052166e-08	1.703991172e-08	0.9996513934	
1.046300373e-08	0.9100221236	8.54834768e-09	7.856040112e-09	0.08997784957	
9.809108972e-09	0.8586072559	9.866075027e-06	9.271097336e-09	0.141382859	
8.805446318e-09	0.8800959742	8.973464371e-09	8.343417331e-09	0.1199039997	
8.628168197e-09	0.8928794159	8.791022304e-09	8.164786284e-09	0.1071205585	
8.931532696e-09	0.8709988725	9.104102309e-09	8.361628624e-09	0.1290011011	
9.569591921e-09	0.8249887329	9.751973976e-09	9.065195083e-09	0.1750112387	
2.091977573e-08	0.0002188139189	2.134662513e-08	1.958493533e-08	0.9997811242	
1.127212473e-08	0.9100792337	9.092901646e-06	8.463589523e-09	0.08991165367	
1.002743245e-08	0.9244359566	8.195592702e-09	7.547959536e-09	0.07556401762	
9.773058298e-09	0.9328528048	7.986070171e-09	7.346896694e-09	0.06714717013	
1.021004336e-08	0.9183909824	8.346810944e-09	7.593459726e-09	0.08160899142	
1.115593638e-08	0.8870927944	9.117735666e-09	8.395314886e-09	0.1129071769	
0.001418701691	0.9983848397	8.587658915e-08	7.835292998e-08	0.000196294338	
9.486608118e-09	0.88017184	9.545323243e-06	8.988868942e-09	0.1198185962	
9.295523238e-09	0.8929474423	9.351160915e-06	8.796330814e-09	0.1070431884	
9.622516704e-09	0.8710801604	9.684355445e-06	9.008553257e-09	0.1289101366	
1.031031077e-08	0.8250954708	1.037389341e-05	9.766905515e-09	0.1748941352	
2.255361268e-08	0.0002189837487	2.272266298e-05	2.111459373e-08	0.9997582499	
8.294009051e-09	0.9097671	8.453763792e-09	7.868342029e-09	0.09023287538	
9.31057947e-09	0.8507908768	9.491626743e-09	8.842049742e-09	0.1492090956	
8.434345795e-09	0.9026721939	8.598830228e-09	7.90573798e-09	0.09732778117	
9.155634031e-09	0.8662237466	9.331777493e-09	8.683569657e-09	0.1337762262	
1.777632352e-08	0.0001699915437	1.814551571e-08	1.667979513e-08	0.9998299559	
0.9999999829	4.614267125e-09	4.762501116e-09	4.447349763e-09	3.231767408e-09	
0.9999946493	5.337201722e-06	5.160507241e-09	4.718886783e-09	3.605543215e-09	
0.999999983	4.614472762e-09	4.762441714e-09	4.35461719e-09	3.231728786e-09	
0.999999983	4.614472762e-09	4.762441714e-09	4.35461719e-09	3.231728786e-09	
0.999999983	4.614779884e-09	4.762442079e-09	4.354890898e-09	3.231729028e-09	
0.999999983	4.614779884e-09	4.762442079e-09	4.354890898e-09	3.231729028e-09	
0.9999999829	4.614532714e-09	4.762503899e-09	4.45148705e-09	3.231769223e-09	
0.999999983	4.614779884e-09	4.762442079e-09	4.354890898e-09	3.231729028e-09	
0.999999983	4.610793728e-09	4.762439647e-09	4.354888696e-09	3.23172739e-09	
0.9999949464	5.000639261e-09	5.160648632e-09	5.03993293e-06	3.501934902e-09	
0.999999983	4.614472762e-09	4.762441714e-09	4.35461719e-09	3.231728786e-09	
0.999999983	4.614779884e-09	4.762442079e-09	4.354890898e-09	3.231729028e-09	
0.9999999829	4.614267125e-09	4.762501116e-09	4.447349763e-09	3.231767408e-09	
0.9999946495	5.336963879e-06	5.160571609e-09	4.819376561e-09	3.605586305e-09	
0.9999999829	4.614267125e-09	4.762501116e-09	4.447349763e-09	3.231767408e-09	
0.9999999829	4.614267125e-09	4.762501116e-09	4.447349763e-09	3.231767408e-09	
0.9999999829	4.614574233e-09	4.762501481e-09	4.447629299e-09	3.231767649e-09	
0.9999999829	4.614574233e-09	4.762501481e-09	4.447629299e-09	3.231767649e-09	
0.9999999828	4.614327074e-09	4.762563302e-09	4.546282488e-09	3.231807845e-09	
0.9999999829	4.614574233e-09	4.762501481e-09	4.447629299e-09	3.231767649e-09	
0.9999999829	4.610588255e-09	4.762499049e-09	4.44762705e-09	3.231766011e-09	
0.9999948391	5.000415879e-09	5.160712448e-09	5.147258906e-06	3.501976377e-09	
0.9999999829	4.614267125e-09	4.762501116e-09	4.447349763e-09	3.231767408e-09	
0.9999999829	4.614574233e-09	4.762501481e-09	4.447629299e-09	3.231767649e-09	
0.9999999828	4.614061496e-09	4.762560519e-09	4.542057097e-09	3.23180603e-09	
0.9998473585	1.551372392e-08	1.617760835e-08	0.0001525989074	1.087422425e-08	
0.9999946493	5.337201722e-06	5.160507241e-09	4.718886783e-09	3.605543215e-09	
0.9999946493	5.337201722e-06	5.160507241e-09	4.718886783e-09	3.605543215e-09	
0.999994649	5.337556944e-06	5.160507635e-09	4.719183385e-09	3.605543484e-09	
0.999994649	5.337556944e-06	5.160507635e-09	4.719183385e-09	3.605543484e-09	
0.9999946491	5.337271064e-06	5.160574624e-09	4.823859936e-09	3.605588329e-09	
0.999994649	5.337556944e-06	5.160507635e-09	4.719183385e-09	3.605543484e-09	
0.9999887451	5.783845457e-06	5.591993169e-09	5.461525368e-06	3.907000713e-09	
0.9999946493	5.337201722e-06	5.160507241e-09	4.718886783e-09	3.605543215e-09	
0.999994649	5.337556944e-06	5.160507635e-09	4.719183385e-09	3.605543484e-09	
0.9999946495	5.336963879e-06	5.160571609e-09	4.819376561e-09	3.605586305e-09	
0.999999983	4.614472762e-09	4.762441714e-09	4.35461719e-09	3.231728786e-09	
0.999999983	4.614779884e-09	4.762442079e-09	4.354890898e-09	3.231729028e-09	
0.999999983	4.614779884e-09	4.762442079e-09	4.354890898e-09	3.231729028e-09	
0.9999999829	4.614532714e-09	4.762503899e-09	4.45148705e-09	3.231769223e-09	
0.999999983	4.614779884e-09	4.762442079e-09	4.354890898e-09	3.231729028e-09	
0.999999983	4.610793728e-09	4.762439647e-09	4.354888696e-09	3.23172739e-09	
0.9999949464	5.000639261e-09	5.160648632e-09	5.03993293e-06	3.501934902e-09	
0.999999983	4.614472762e-09	4.762441714e-09	4.35461719e-09	3.231728786e-09	
0.999999983	4.614779884e-09	4.762442079e-09	4.354890898e-09	3.231729028e-09	
0.9999999829	4.614267125e-09	4.762501116e-09	4.447349763e-09	3.231767408e-09	
0.999999983	4.614779884e-09	4.762442079e-09	4.354890898e-09	3.231729028e-09	
0.999999983	4.614779884e-09	4.762442079e-09	4.354890898e-09	3.231729028e-09	
0.9999999829	4.614532714e-09	4.762503899e-09	4.45148705e-09	3.231769223e-09	
0.999999983	4.614779884e-09	4.762442079e-09	4.354890898e-09	3.231729028e-09	
0.999999983	4.610793728e-09	4.762439647e-09	4.354888696e-09	3.23172739e-09	
0.9999949464	5.000639261e-09	5.160648632e-09	5.03993293e-06	3.501934902e-09	
0.999999983	4.614472762e-09	4.762441714e-09	4.35461719e-09	3.231728786e-09	
0.999999983	4.614779884e-09	4.762442079e-09	4.354890898e-09	3.231729028e-09	
0.9999999829	4.614267125e-09	4.762501116e-09	4.447349763e-09	3.231767408e-09	
0.999999983	4.615087026e-09	4.762442445e-09	4.355164623e-09	3.231729269e-09	
0.9999999829	4.614839839e-09	4.762504265e-09	4.451766846e-09	3.231769464e-09	
0.999999983	4.615087026e-09	4.762442445e-09	4.355164623e-09	3.231729269e-09	
0.999999983	4.611100605e-09	4.762440012e-09	4.355162421e-09	3.231727631e-09	
0.9999949461	5.000972083e-09	5.160649027e-09	5.040249711e-06	3.501935163e-09	
0.999999983	4.614779884e-09	4.762442079e-09	4.354890898e-09	3.231729028e-09	
0.9999999829	4.614574233e-09	4.762501481e-09	4.447629299e-09	3.231767649e-09	
0.9999999829	4.614839839e-09	4.762504265e-09	4.451766846e-09	3.231769464e-09	
0.999999983	4.611100605e-09	4.762440012e-09	4.355162421e-09	3.231727631e-09	
0.9999949461	5.000972083e-09	5.160649027e-09	5.040249711e-06	3.501935163e-09	
0.999999983	4.614779884e-09	4.762442079e-09	4.354890898e-09	3.231729028e-09	
0.999999983	4.615087026e-09	4.762442445e-09	4.355164623e-09	3.231729269e-09	
0.9999999829	4.614574233e-09	4.762501481e-09	4.447629299e-09	3.231767649e-09	
0.9999999829	4.614839839e-09	4.762504265e-09	4.451766846e-09	3.231769464e-09	
0.9999999829	4.610853632e-09	4.762501832e-09	4.451764595e-09	3.231767826e-09	
0.9999999829	4.614532714e-09	4.762503899e-09	4.45148705e-09	3.231769223e-09	
0.9999999829	4.614839839e-09	4.762504265e-09	4.451766846e-09	3.231769464e-09	
0.9999999828	4.614327074e-09	4.762563302e-09	4.546282488e-09	3.231807845e-09	
0.9998472166	1.551461466e-08	1.617761551e-08	0.0001527408456	1.087422882e-08	
0.999999983	4.611100605e-09	4.762440012e-09	4.355162421e-09	3.231727631e-09	
0.9999949461	5.000972083e-09	5.160649027e-09	5.040249711e-06	3.501935163e-09	
0.999999983	4.614779884e-09	4.762442079e-09	4.354890898e-09	3.231729028e-09	
0.999999983	4.615087026e-09	4.762442445e-09	4.355164623e-09	3.231729269e-09	
0.9999999829	4.614574233e-09	4.762501481e-09	4.447629299e-09	3.231767649e-09	
0.9999949461	4.996652342e-09	5.160646391e-09	5.040247162e-06	3.501933388e-09	
0.999999983	4.610793728e-09	4.762439647e-09	4.354888696e-09	3.23172739e-09	
0.999999983	4.611100605e-09	4.762440012e-09	4.355162421e-09	3.231727631e-09	
0.9999999829	4.610588255e-09	4.762499049e-09	4.44762705e-09	3.231766011e-09	
0.9999949464	5.000639261e-09	5.160648632e-09	5.03993293e-06	3.501934902e-09	
0.9999949461	5.000972083e-09	5.160649027e-09	5.040249711e-06	3.501935163e-09	
0.9999948391	5.000415879e-09	5.160712448e-09	5.147258906e-06	3.501976377e-09	
0.001064016522	6.787125738e-08	7.009886554e-08	0.9989357979	4.756784702e-08	
0.999999983	4.614779884e-09	4.762442079e-09	4.354890898e-09	3.231729028e-09	
0.9999999829	4.614267125e-09	4.762501116e-09	4.447349763e-09	3.231767408e-09	
0.9999999829	4.614574233e-09	4.762501481e-09	4.447629299e-09	3.231767649e-09	
0.9998473585	1.551372392e-08	1.617760835e-08	0.0001525989074	1.087422425e-08	
6.802932947e-09	6.684369824e-09	6.909721151e-09	6.308507532e-09	0.9999999733	
6.802932947e-09	6.684369824e-09	6.909721151e-09	6.308507532e-09	0.9999999733	
6.802932947e-09	6.684369824e-09	6.909721151e-09	6.308507532e-09	0.9999999733	
6.802932947e-09	6.684369824e-09	6.909721151e-09	6.308507532e-09	0.9999999733	
6.802932947e-09	6.684369824e-09	6.909721151e-09	6.308507532e-09	0.9999999733	
6.802932946e-09	6.684369286e-09	6.909721129e-09	6.308507532e-09	0.9999999733	
6.802932947e-09	6.684369824e-09	6.909721151e-09	6.308507532e-09	0.9999999733	
6.802932946e-09	6.684369286e-09	6.909721129e-09	6.308507532e-09	0.9999999733	
6.802932946e-09	6.684369286e-09	6.909721129e-09	6.308507532e-09	0.9999999733	
6.802932947e-09	6.684369824e-09	6.909721151e-09	6.308507532e-09	0.9999999733	
6.802932947e-09	6.684369824e-09	6.909721151e-09	6.308507532e-09	0.9999999733	
6.802932947e-09	6.684369824e-09	6.909721151e-09	6.308507532e-09	0.9999999733	
6.802932947e-09	6.684369824e-09	6.909721151e-09	6.308507532e-09	0.9999999733	
6.803279218e-09	7.263982377e-09	6.931874446e-09	6.308826546e-09	0.9999999727	
6.802932947e-09	6.684369824e-09	6.909721151e-09	6.308507532e-09	0.9999999733	
6.802932947e-09	6.684369824e-09	6.909721151e-09	6.308507532e-09	0.9999999733	
6.802932947e-09	6.684369824e-09	6.909721151e-09	6.308507532e-09	0.9999999733	
6.802932947e-09	6.684369824e-09	6.909721151e-09	6.308507532e-09	0.9999999733	
6.802932946e-09	6.684369286e-09	6.909721129e-09	6.308507532e-09	0.9999999733	
6.802932947e-09	6.684369824e-09	6.909721151e-09	6.308507532e-09	0.9999999733	
6.802932946e-09	6.684369286e-09	6.909721129e-09	6.308507532e-09	0.9999999733	
6.802932946e-09	6.684369286e-09	6.909721129e-09	6.308507532e-09	0.9999999733	
6.802932947e-09	6.684369824e-09	6.909721151e-09	6.308507532e-09	0.9999999733	
6.802932947e-09	6.684369824e-09	6.909721151e-09	6.308507532e-09	0.9999999733	
6.802932947e-09	6.684369824e-09	6.909721151e-09	6.308507532e-09	0.9999999733	
6.802932947e-09	6.684369824e-09	6.909721151e-09	6.308507532e-09	0.9999999733	
6.803279218e-09	7.263982377e-09	6.931874446e-09	6.308826546e-09	0.9999999727	
6.802932947e-09	6.684369824e-09	6.909721151e-09	6.308507532e-09	0.9999999733	
6.802932947e-09	6.684369824e-09	6.909721151e-09	6.308507532e-09	0.9999999733	
6.802932947e-09	6.684369824e-09	6.909721151e-09	6.308507532e-09	0.9999999733	
6.802932946e-09	6.684369286e-09	6.909721129e-09	6.308507532e-09	0.9999999733	
6.802932947e-09	6.684369824e-09	6.909721151e-09	6.308507532e-09	0.9999999733	
6.802932946e-09	6.684369286e-09	6.909721129e-09	6.308507532e-09	0.9999999733	
6.802932946e-09	6.684369286e-09	6.909721129e-09	6.308507532e-09	0.9999999733	
6.802932947e-09	6.684369824e-09	6.909721151e-09	6.308507532e-09	0.9999999733	
6.802932947e-09	6.684369824e-09	6.909721151e-09	6.308507532e-09	0.9999999733	
6.802932947e-09	6.684369824e-09	6.909721151e-09	6.308507532e-09	0.9999999733	
6.802932947e-09	6.684369824e-09	6.909721151e-09	6.308507532e-09	0.9999999733	
6.803279218e-09	7.263982377e-09	6.931874446e-09	6.308826546e-09	0.9999999727	
6.802932947e-09	6.684369824e-09	6.909721151e-09	6.308507532e-09	0.9999999733	
6.802932947e-09	6.684369824e-09	6.909721151e-09	6.308507532e-09	0.9999999733	
6.802932946e-09	6.684369286e-09	6.909721129e-09	6.308507532e-09	0.9999999733	
6.802932947e-09	6.684369824e-09	6.909721151e-09	6.308507532e-09	0.9999999733	
6.802932946e-09	6.684369286e-09	6.909721129e-09	6.308507532e-09	0.9999999733	
6.802932946e-09	6.684369286e-09	6.909721129e-09	6.308507532e-09	0.9999999733	
6.802932947e-09	6.684369824e-09	6.909721151e-09	6.308507532e-09	0.9999999733	
6.802932947e-09	6.684369824e-09	6.909721151e-09	6.308507532e-09	0.9999999733	
6.802932947e-09	6.684369824e-09	6.909721151e-09	6.308507532e-09	0.9999999733	
6.802932947e-09	6.684369824e-09	6.909721151e-09	6.308507532e-09	0.9999999733	
6.803279218e-09	7.263982377e-09	6.931874446e-09	6.308826546e-09	0.9999999727	
6.802932947e-09	6.684369824e-09	6.909721151e-09	6.308507532e-09	0.9999999733	
6.802932946e-09	6.684369286e-09	6.909721129e-09	6.308507532e-09	0.9999999733	
6.802932947e-09	6.684369824e-09	6.909721151e-09	6.308507532e-09	0.9999999733	
6.802932946e-09	6.684369286e-09	6.909721129e-09	6.308507532e-09	0.9999999733	
6.802932946e-09	6.684369286e-09	6.909721129e-09	6.308507532e-09	0.9999999733	
6.802932947e-09	6.684369824e-09	6.909721151e-09	6.308507532e-09	0.9999999733	
6.802932947e-09	6.684369824e-09	6.909721151e-09	6.308507532e-09	0.9999999733	
6.802932947e-09	6.684369824e-09	6.909721151e-09	6.308507532e-09	0.9999999733	
6.802932947e-09	6.684369824e-09	6.909721151e-09	6.308507532e-09	0.9999999733	
6.803279218e-09	7.263982377e-09	6.931874446e-09	6.308826546e-09	0.9999999727	
6.802932946e-09	6.684369286e-09	6.909721129e-09	6.308507532e-09	0.9999999733	
6.802932947e-09	6.684369824e-09	6.909721151e-09	6.308507532e-09	0.9999999733	
6.802932946e-09	6.684369286e-09	6.909721129e-09	6.308507532e-09	0.9999999733	
6.802932946e-09	6.684369286e-09	6.909721129e-09	6.308507532e-09	0.9999999733	
6.802932947e-09	6.684369824e-09	6.909721151e-09	6.308507532e-09	0.9999999733	
6.802932947e-09	6.684369824e-09	6.909721151e-09	6.308507532e-09	0.9999999733	
6.802932947e-09	6.684369824e-09	6.909721151e-09	6.308507532e-09	0.9999999733	
6.802932947e-09	6.684369824e-09	6.909721151e-09	6.308507532e-09	0.9999999733	
6.803279218e-09	7.263982377e-09	6.931874446e-09	6.308826546e-09	0.9999999727	
6.802932946e-09	6.684369286e-09	6.909721129e-09	6.308507532e-09	0.9999999733	
6.802932945e-09	6.684368747e-09	6.909721108e-09	6.308507531e-09	0.9999999733	
6.802932945e-09	6.684368747e-09	6.909721108e-09	6.308507531e-09	0.9999999733	
6.802932946e-09	6.684369286e-09	6.909721129e-09	6.308507532e-09	0.9999999733	
6.802932946e-09	6.684369286e-09	6.909721129e-09	6.308507532e-09	0.9999999733	
6.802932946e-09	6.684369286e-09	6.909721129e-09	6.308507532e-09	0.9999999733	
6.802932946e-09	6.684369286e-09	6.909721129e-09	6.308507532e-09	0.9999999733	
6.802932946e-09	6.684369286e-09	6.909721129e-09	6.308507532e-09	0.9999999733	
6.802932946e-09	6.684369286e-09	6.909721129e-09	6.308507532e-09	0.9999999733	
6.802932947e-09	6.684369824e-09	6.909721151e-09	6.308507532e-09	0.9999999733	
6.802932947e-09	6.684369824e-09	6.909721151e-09	6.308507532e-09	0.9999999733	
6.802932947e-09	6.684369824e-09	6.909721151e-09	6.308507532e-09	0.9999999733	
6.802932947e-09	6.684369824e-09	6.909721151e-09	6.308507532e-09	0.9999999733	
6.803279218e-09	7.263982377e-09	6.931874446e-09	6.308826546e-09	0.9999999727	
6.802932945e-09	6.684368747e-09	6.909721108e-09	6.308507531e-09	0.9999999733	
6.802932946e-09	6.684369286e-09	6.909721129e-09	6.308507532e-09	0.9999999733	
6.802932946e-09	6.684369286e-09	6.909721129e-09	6.308507532e-09	0.9999999733	
6.802932946e-09	6.684369286e-09	6.909721129e-09	6.308507532e-09	0.9999999733	
6.802932946e-09	6.684369286e-09	6.909721129e-09	6.308507532e-09	0.9999999733	
6.802932946e-09	6.684369286e-09	6.909721129e-09	6.308507532e-09	0.9999999733	
6.802932946e-09	6.684369286e-09	6.909721129e-09	6.308507532e-09	0.9999999733	
6.802932946e-09	6.684369286e-09	6.909721129e-09	6.308507532e-09	0.9999999733	
6.802932946e-09	6.684369286e-09	6.909721129e-09	6.308507532e-09	0.9999999733	
6.802932947e-09	6.684369824e-09	6.909721151e-09	6.308507532e-09	0.9999999733	
6.802932947e-09	6.684369824e-09	6.909721151e-09	6.308507532e-09	0.9999999733	
6.802932947e-09	6.684369824e-09	6.909721151e-09	6.308507532e-09	0.9999999733	
6.803279218e-09	7.263982377e-09	6.931874446e-09	6.308826546e-09	0.9999999727	
6.802932947e-09	6.684369824e-09	6.909721151e-09	6.308507532e-09	0.9999999733	
6.802932947e-09	6.684369824e-09	6.909721151e-09	6.308507532e-09	0.9999999733	
6.803279218e-09	7.263982377e-09	6.931874446e-09	6.308826546e-09	0.9999999727	
6.802932947e-09	6.684369824e-09	6.909721151e-09	6.308507532e-09	0.9999999733	
6.803279218e-09	7.263982377e-09	6.931874446e-09	6.308826546e-09	0.9999999727	
6.803279218e-09	7.263982377e-09	6.931874446e-09	6.308826546e-09	0.9999999727	
5.056370494e-09	5.021705876e-09	5.155714322e-09	0.9999999813	3.499732353e-09	
5.074616487e-09	5.021716436e-09	5.155725248e-09	0.9999999812	3.499739464e-09	
5.784750229e-09	5.022104553e-09	5.156124986e-09	0.9999999805	3.500001663e-09	
5.056370494e-09	5.021705876e-09	5.155714322e-09	0.9999999813	3.499732353e-09	
5.074616487e-09	5.021716436e-09	5.155725248e-09	0.9999999812	3.499739464e-09	
7.409172003e-09	7.317413912e-09	3.397857858e-05	0.9999660016	5.09964538e-09	
5.073651887e-09	5.072762408e-09	5.174710997e-09	0.9999999812	3.513703604e-09	
5.056382689e-09	5.021717929e-09	5.177037663e-09	0.9999999812	3.499740486e-09	
5.056383065e-09	5.021718781e-09	5.178467493e-09	0.9999999812	3.499741039e-09	
5.056423688e-09	5.072752209e-09	5.174700596e-09	0.9999999812	3.51369683e-09	
5.073609176e-09	5.021726588e-09	5.174667312e-09	0.9999999812	3.499746301e-09	
5.05637046e-09	5.021705867e-09	5.155714314e-09	0.9999999813	3.499732351e-09	
5.074628071e-09	5.021727789e-09	5.175787919e-09	0.9999999812	3.49974712e-09	
5.056381937e-09	5.021717242e-09	5.175776899e-09	0.9999999812	3.499740011e-09	
5.056382689e-09	5.021717964e-09	5.177037648e-09	0.9999999812	3.499740493e-09	
5.056418224e-09	5.079217322e-09	5.155763128e-09	0.9999999812	3.515444543e-09	
5.075717961e-09	4.968213521e-09	5.156935743e-09	0.9999999813	3.485019717e-09	
5.074559918e-09	4.968200923e-09	5.135694461e-09	0.9999999813	3.48501117e-09	
5.784685745e-09	4.968584904e-09	5.136092645e-09	0.9999999806	3.485272265e-09	
5.074559918e-09	4.968200923e-09	5.135694461e-09	0.9999999813	3.48501117e-09	
5.073595329e-09	5.018702907e-09	5.154606447e-09	0.9999999813	3.498916543e-09	
5.056326324e-09	4.9682024e-09	5.156924073e-09	0.9999999813	3.485012187e-09	
5.0563267e-09	4.968203243e-09	5.158348348e-09	0.9999999813	3.485012738e-09	
5.056367322e-09	5.018692817e-09	5.154596086e-09	0.9999999813	3.498909797e-09	
5.073552619e-09	4.968210966e-09	5.154562931e-09	0.9999999813	3.485017978e-09	
5.056314095e-09	4.968190467e-09	5.135683569e-09	0.9999999814	3.485004087e-09	
5.074571503e-09	4.968212155e-09	5.155679185e-09	0.9999999813	3.485018793e-09	
5.056325572e-09	4.96820172e-09	5.155668208e-09	0.9999999813	3.485011714e-09	
5.056326324e-09	4.968202434e-09	5.156924059e-09	0.9999999813	3.485012194e-09	
5.056361859e-09	5.025089032e-09	5.135732193e-09	0.9999999813	3.500650156e-09	
5.094033769e-09	4.968223968e-09	5.156946672e-09	0.9999999813	3.485026799e-09	
5.075717961e-09	4.968213521e-09	5.156935743e-09	0.9999999813	3.485019717e-09	
5.094033769e-09	4.968223968e-09	5.156946672e-09	0.9999999813	3.485026799e-09	
7.437522063e-09	7.239467093e-09	3.398662804e-05	0.9999659936	5.078206778e-09	
5.093065479e-09	5.018726187e-09	5.175936918e-09	0.9999999812	3.498932234e-09	
5.075730203e-09	4.968225445e-09	5.178264135e-09	0.9999999813	3.485027816e-09	
5.07573058e-09	4.968226289e-09	5.179694304e-09	0.9999999813	3.485028367e-09	
5.075771358e-09	5.018716097e-09	5.175926515e-09	0.9999999812	3.498925489e-09	
5.093022605e-09	4.968234012e-09	5.175893223e-09	0.9999999813	3.485033606e-09	
5.075717926e-09	4.968213512e-09	5.156935735e-09	0.9999999813	3.485019715e-09	
5.094045398e-09	4.968235201e-09	5.177014095e-09	0.9999999813	3.485034422e-09	
3.15192114e-05	7.109461064e-09	7.449855207e-09	0.9999684612	4.98701199e-09	
5.075729448e-09	4.968224766e-09	5.177003073e-09	0.9999999813	3.485027343e-09	
5.075730203e-09	4.96822548e-09	5.178264121e-09	0.9999999813	3.485027823e-09	
5.075765874e-09	5.025112342e-09	5.15698456e-09	0.9999999812	3.500665854e-09	
5.805559875e-09	4.968595352e-09	5.13610353e-09	0.9999999806	3.485279347e-09	
5.074559918e-09	4.968200923e-09	5.135694461e-09	0.9999999813	3.48501117e-09	
5.092871548e-09	4.96821137e-09	5.135705344e-09	0.9999999813	3.485018252e-09	
5.091903478e-09	5.01871346e-09	5.15461737e-09	0.9999999812	3.498923653e-09	
5.074572158e-09	4.968212847e-09	5.156935002e-09	0.9999999813	3.485019269e-09	
5.074572534e-09	4.96821369e-09	5.15835928e-09	0.9999999813	3.48501982e-09	
5.074613303e-09	5.01870337e-09	5.15460701e-09	0.9999999813	3.498916908e-09	
5.091860614e-09	4.968221413e-09	5.154573855e-09	0.9999999813	3.485025059e-09	
5.074559884e-09	4.968200914e-09	5.135694452e-09	0.9999999813	3.485011168e-09	
5.092883174e-09	4.968222602e-09	5.155690111e-09	0.9999999813	3.485025875e-09	
3.151202041e-05	7.109443087e-09	7.419169503e-09	0.9999684685	4.986999795e-09	
5.074571403e-09	4.968212167e-09	5.155679134e-09	0.9999999813	3.485018796e-09	
5.074572158e-09	4.968212881e-09	5.156934987e-09	0.9999999813	3.485019276e-09	
5.07460782e-09	5.025099599e-09	5.135743077e-09	0.9999999813	3.500657269e-09	
5.784685745e-09	4.968584904e-09	5.136092645e-09	0.9999999806	3.485272265e-09	
5.805559875e-09	4.968595352e-09	5.13610353e-09	0.9999999806	3.485279347e-09	
5.804456335e-09	5.019101346e-09	5.155017022e-09	0.9999999805	3.49918579e-09	
5.784699697e-09	4.968596829e-09	5.157334833e-09	0.9999999806	3.485280365e-09	
5.784746601e-09	5.019091255e-09	5.155006661e-09	0.9999999805	3.499179044e-09	
5.804407472e-09	4.968605396e-09	5.154973503e-09	0.9999999806	3.485286155e-09	
5.784685706e-09	4.968584895e-09	5.136092637e-09	0.9999999806	3.485272263e-09	
5.805573128e-09	4.968606585e-09	5.156089846e-09	0.9999999806	3.485286971e-09	
5.784698837e-09	4.96859615e-09	5.156078868e-09	0.9999999806	3.485279891e-09	
5.784699697e-09	4.968596864e-09	5.157334819e-09	0.9999999806	3.485280371e-09	
5.78474035e-09	5.025487978e-09	5.136141265e-09	0.9999999806	3.500919536e-09	
5.074559918e-09	4.968200923e-09	5.135694461e-09	0.9999999813	3.48501117e-09	
5.073595329e-09	5.018702907e-09	5.154606447e-09	0.9999999813	3.498916543e-09	
5.056326324e-09	4.9682024e-09	5.156924073e-09	0.9999999813	3.485012187e-09	
5.0563267e-09	4.968203243e-09	5.158348348e-09	0.9999999813	3.485012738e-09	
5.056367322e-09	5.018692817e-09	5.154596086e-09	0.9999999813	3.498909797e-09	
5.073552619e-09	4.968210966e-09	5.154562931e-09	0.9999999813	3.485017978e-09	
5.056314095e-09	4.968190467e-09	5.135683569e-09	0.9999999814	3.485004087e-09	
5.074571503e-09	4.968212155e-09	5.155679185e-09	0.9999999813	3.485018793e-09	
5.056325572e-09	4.96820172e-09	5.155668208e-09	0.9999999813	3.485011714e-09	
5.056326324e-09	4.968202434e-09	5.156924059e-09	0.9999999813	3.485012194e-09	
5.056361859e-09	5.025089032e-09	5.135732193e-09	0.9999999813	3.500650156e-09	
5.091903478e-09	5.01871346e-09	5.15461737e-09	0.9999999812	3.498923653e-09	
5.074572158e-09	4.968212847e-09	5.156935002e-09	0.9999999813	3.485019269e-09	
5.074572534e-09	4.96821369e-09	5.15835928e-09	0.9999999813	3.48501982e-09	
5.074613303e-09	5.01870337e-09	5.15460701e-09	0.9999999813	3.498916908e-09	
5.091860614e-09	4.968221413e-09	5.154573855e-09	0.9999999813	3.485025059e-09	
5.074559884e-09	4.968200914e-09	5.135694452e-09	0.9999999813	3.485011168e-09	
5.092883174e-09	4.968222602e-09	5.155690111e-09	0.9999999813	3.485025875e-09	
3.151202041e-05	7.109443087e-09	7.419169503e-09	0.9999684685	4.986999795e-09	
5.074571403e-09	4.968212167e-09	5.155679134e-09	0.9999999813	3.485018796e-09	
5.074572158e-09	4.968212881e-09	5.156934987e-09	0.9999999813	3.485019276e-09	
5.07460782e-09	5.025099599e-09	5.135743077e-09	0.9999999813	3.500657269e-09	
7.434411855e-09	7.313038168e-09	3.397127741e-05	0.9999660089	5.098456657e-09	
7.409107222e-09	7.239450889e-09	3.398655113e-05	0.9999659937	5.078195807e-09	
7.409107702e-09	7.23945205e-09	3.399593746e-05	0.9999659843	5.078196562e-09	
7.40916741e-09	7.313023465e-09	3.397120913e-05	0.999966009	5.098446829e-09	
7.434349273e-09	7.239463484e-09	3.397099063e-05	0.9999660093	5.078204323e-09	
7.435842203e-09	7.239465163e-09	3.397834701e-05	0.9999660019	5.078205474e-09	
4.600763685e-05	1.035924835e-08	4.889426946e-05	0.9999050805	7.266593053e-09	
7.409106181e-09	7.239449958e-09	3.397827468e-05	0.999966002	5.078195159e-09	
7.409107222e-09	7.239450939e-09	3.398655104e-05	0.9999659937	5.078195817e-09	
5.073607566e-09	5.018714953e-09	5.175925205e-09	0.9999999812	3.498924674e-09	
5.073607943e-09	5.018715805e-09	5.177354728e-09	0.9999999812	3.498925227e-09	
5.073648704e-09	5.069718714e-09	5.173588641e-09	0.9999999812	3.512877765e-09	
5.090892736e-09	5.018723606e-09	5.173555363e-09	0.9999999812	3.498930487e-09	
5.073595295e-09	5.018702898e-09	5.154606438e-09	0.9999999813	3.498916541e-09	
3.150603069e-05	7.181710937e-09	7.446490337e-09	0.9999684743	5.006898209e-09	
5.073606812e-09	5.018714266e-09	5.174664712e-09	0.9999999812	3.498924199e-09	
5.073607566e-09	5.018714987e-09	5.175925191e-09	0.9999999812	3.498924681e-09	
5.073643222e-09	5.076179961e-09	5.154655242e-09	0.9999999812	3.51462507e-09	
5.056338895e-09	4.968215168e-09	5.179682583e-09	0.9999999813	3.485020837e-09	
5.056379518e-09	5.018704862e-09	5.175914802e-09	0.9999999813	3.498917929e-09	
5.073564856e-09	4.968222891e-09	5.17588151e-09	0.9999999813	3.485026077e-09	
5.05632629e-09	4.968202391e-09	5.156924065e-09	0.9999999813	3.485012186e-09	
5.074583742e-09	4.968224079e-09	5.17700238e-09	0.9999999813	3.485026893e-09	
5.056337768e-09	4.968213645e-09	5.176991358e-09	0.9999999813	3.485019813e-09	
5.05633852e-09	4.968214359e-09	5.178252403e-09	0.9999999813	3.485020293e-09	
5.056379893e-09	5.018705714e-09	5.177344322e-09	0.9999999812	3.498918482e-09	
5.073565233e-09	4.968223734e-09	5.177311021e-09	0.9999999813	3.485026628e-09	
5.056326665e-09	4.968203235e-09	5.15834834e-09	0.9999999813	3.485012736e-09	
5.074584119e-09	4.968224923e-09	5.1784322e-09	0.9999999813	3.485027443e-09	
5.056338143e-09	4.968214488e-09	5.178421175e-09	0.9999999813	3.485020364e-09	
5.056374429e-09	5.025101946e-09	5.158397179e-09	0.9999999813	3.500658844e-09	
5.073605994e-09	5.018713516e-09	5.173544965e-09	0.9999999812	3.498923742e-09	
5.056367288e-09	5.018692808e-09	5.154596078e-09	0.9999999813	3.498909796e-09	
5.074624888e-09	5.018714717e-09	5.174665329e-09	0.9999999812	3.498924561e-09	
5.056378766e-09	5.018704176e-09	5.174654312e-09	0.9999999813	3.498917454e-09	
5.056379518e-09	5.018704897e-09	5.175914788e-09	0.9999999813	3.498917936e-09	
5.056415052e-09	5.076169755e-09	5.154644881e-09	0.9999999812	3.514618295e-09	
5.073552585e-09	4.968210958e-09	5.154562923e-09	0.9999999813	3.485017976e-09	
5.091872238e-09	4.968232646e-09	5.174632045e-09	0.9999999813	3.485032683e-09	
3.150576547e-05	7.109457504e-09	7.446427476e-09	0.9999684747	4.987009568e-09	
5.073564102e-09	4.968222211e-09	5.174621028e-09	0.9999999813	3.485025603e-09	
5.073564856e-09	4.968222925e-09	5.175881496e-09	0.9999999813	3.485026083e-09	
5.073600512e-09	5.025109758e-09	5.154611726e-09	0.9999999812	3.500664107e-09	
5.074571468e-09	4.968212146e-09	5.155679176e-09	0.9999999813	3.485018792e-09	
5.056325538e-09	4.968201712e-09	5.155668199e-09	0.9999999813	3.485011712e-09	
5.05632629e-09	4.968202426e-09	5.15692405e-09	0.9999999813	3.485012192e-09	
5.056361824e-09	5.025089024e-09	5.135732185e-09	0.9999999813	3.500650154e-09	
3.151209234e-05	7.10945916e-09	7.44804e-09	0.9999684684	4.987010704e-09	
5.074582987e-09	4.9682234e-09	5.175741625e-09	0.9999999813	3.485026419e-09	
5.074583742e-09	4.968224114e-09	5.177002365e-09	0.9999999813	3.485026899e-09	
5.074619404e-09	5.02511096e-09	5.15572799e-09	0.9999999812	3.500664927e-09	
5.056337768e-09	4.968213679e-09	5.176991343e-09	0.9999999813	3.48501982e-09	
5.056373302e-09	5.025100406e-09	5.155717013e-09	0.9999999813	3.500657816e-09	
5.056374054e-09	5.025101128e-09	5.156972876e-09	0.9999999813	3.500658298e-09	
