4.616420481e-09	4.535976261e-09	0.9999999833	4.36537544e-09	3.181770423e-09	
4.616420481e-09	4.535976286e-09	0.9999999833	4.365375463e-09	3.181770427e-09	
4.616420481e-09	4.535976286e-09	0.9999999833	4.365375463e-09	3.181770427e-09	
4.616420481e-09	4.535976261e-09	0.9999999833	4.36537544e-09	3.181770423e-09	
4.61675249e-09	4.968575002e-09	0.9999999828	4.365686943e-09	3.276948451e-09	
4.616420481e-09	4.535976261e-09	0.9999999833	4.36537544e-09	3.181770423e-09	
4.616473899e-09	4.536028562e-09	0.9999999832	4.451558766e-09	3.181805788e-09	
4.616420481e-09	4.535976286e-09	0.9999999833	4.365375463e-09	3.181770427e-09	
4.616473899e-09	4.536028562e-09	0.9999999832	4.451558766e-09	3.181805788e-09	
4.616420481e-09	4.535976261e-09	0.9999999833	4.36537544e-09	3.181770423e-09	
4.616473899e-09	4.536028562e-09	0.9999999832	4.451558766e-09	3.181805788e-09	
4.616420481e-09	4.535976286e-09	0.9999999833	4.365375463e-09	3.181770427e-09	
4.616473899e-09	4.536028562e-09	0.9999999832	4.451558766e-09	3.181805788e-09	
1.498739508e-08	1.464424752e-08	0.9998587179	0.0001412421905	1.027220855e-08	
4.616367063e-09	4.535923985e-09	0.9999999834	4.280860667e-09	3.181735062e-09	
4.616367063e-09	4.535923985e-09	0.9999999834	4.280860667e-09	3.181735062e-09	
4.616367063e-09	4.53592396e-09	0.9999999834	4.280860645e-09	3.181735059e-09	
4.616699068e-09	4.968517713e-09	0.9999999829	4.281166117e-09	3.276912028e-09	
4.616367063e-09	4.53592396e-09	0.9999999834	4.280860645e-09	3.181735059e-09	
4.616420481e-09	4.535976261e-09	0.9999999833	4.36537544e-09	3.181770423e-09	
4.616367063e-09	4.535923985e-09	0.9999999834	4.280860667e-09	3.181735062e-09	
4.616420481e-09	4.535976261e-09	0.9999999833	4.36537544e-09	3.181770423e-09	
4.616367063e-09	4.53592396e-09	0.9999999834	4.280860645e-09	3.181735059e-09	
4.616420481e-09	4.535976261e-09	0.9999999833	4.36537544e-09	3.181770423e-09	
4.616367063e-09	4.535923985e-09	0.9999999834	4.280860667e-09	3.181735062e-09	
4.616420481e-09	4.535976261e-09	0.9999999833	4.36537544e-09	3.181770423e-09	
4.616367063e-09	4.535924009e-09	0.9999999834	4.28086069e-09	3.181735066e-09	
4.616367063e-09	4.535923985e-09	0.9999999834	4.280860667e-09	3.181735062e-09	
4.616699068e-09	4.96851774e-09	0.9999999829	4.28116614e-09	3.276912032e-09	
4.616367063e-09	4.535923985e-09	0.9999999834	4.280860667e-09	3.181735062e-09	
4.616420481e-09	4.535976286e-09	0.9999999833	4.365375463e-09	3.181770427e-09	
4.616367063e-09	4.535924009e-09	0.9999999834	4.28086069e-09	3.181735066e-09	
4.616420481e-09	4.535976286e-09	0.9999999833	4.365375463e-09	3.181770427e-09	
4.616367063e-09	4.535923985e-09	0.9999999834	4.280860667e-09	3.181735062e-09	
4.616420481e-09	4.535976286e-09	0.9999999833	4.365375463e-09	3.181770427e-09	
4.616420481e-09	4.535976286e-09	0.9999999833	4.365375463e-09	3.181770427e-09	
4.616367063e-09	4.535923985e-09	0.9999999834	4.280860667e-09	3.181735062e-09	
4.616699068e-09	4.96851774e-09	0.9999999829	4.28116614e-09	3.276912032e-09	
4.616367063e-09	4.535923985e-09	0.9999999834	4.280860667e-09	3.181735062e-09	
4.616420481e-09	4.535976286e-09	0.9999999833	4.365375463e-09	3.181770427e-09	
4.616420481e-09	4.535976286e-09	0.9999999833	4.365375463e-09	3.181770427e-09	
4.616367063e-09	4.535923985e-09	0.9999999834	4.280860667e-09	3.181735062e-09	
4.616420481e-09	4.535976286e-09	0.9999999833	4.365375463e-09	3.181770427e-09	
4.616367063e-09	4.535924009e-09	0.9999999834	4.28086069e-09	3.181735066e-09	
4.616420481e-09	4.535976286e-09	0.9999999833	4.365375463e-09	3.181770427e-09	
4.616699068e-09	4.968517713e-09	0.9999999829	4.281166117e-09	3.276912028e-09	
4.616367063e-09	4.53592396e-09	0.9999999834	4.280860645e-09	3.181735059e-09	
4.616420481e-09	4.535976261e-09	0.9999999833	4.36537544e-09	3.181770423e-09	
4.616367063e-09	4.535923985e-09	0.9999999834	4.280860667e-09	3.181735062e-09	
4.616420481e-09	4.535976261e-09	0.9999999833	4.36537544e-09	3.181770423e-09	
4.616367063e-09	4.53592396e-09	0.9999999834	4.280860645e-09	3.181735059e-09	
4.616420481e-09	4.535976261e-09	0.9999999833	4.36537544e-09	3.181770423e-09	
4.616367063e-09	4.535923985e-09	0.9999999834	4.280860667e-09	3.181735062e-09	
4.616420481e-09	4.535976261e-09	0.9999999833	4.36537544e-09	3.181770423e-09	
4.616699068e-09	4.968517713e-09	0.9999999829	4.281166117e-09	3.276912028e-09	
4.61675249e-09	4.968575002e-09	0.9999999828	4.365686943e-09	3.276948451e-09	
4.616699068e-09	4.96851774e-09	0.9999999829	4.28116614e-09	3.276912032e-09	
4.61675249e-09	4.968575002e-09	0.9999999828	4.365686943e-09	3.276948451e-09	
4.616699068e-09	4.968517713e-09	0.9999999829	4.281166117e-09	3.276912028e-09	
4.61675249e-09	4.968575002e-09	0.9999999828	4.365686943e-09	3.276948451e-09	
4.616699068e-09	4.96851774e-09	0.9999999829	4.28116614e-09	3.276912032e-09	
4.61675249e-09	4.968575002e-09	0.9999999828	4.365686943e-09	3.276948451e-09	
6.812495881e-08	0.0006666893127	0.9991201985	6.377834222e-08	0.0002129803143	
4.616420481e-09	4.535976261e-09	0.9999999833	4.36537544e-09	3.181770423e-09	
4.616367063e-09	4.535923985e-09	0.9999999834	4.280860667e-09	3.181735062e-09	
4.616420481e-09	4.535976261e-09	0.9999999833	4.36537544e-09	3.181770423e-09	
4.616367063e-09	4.53592396e-09	0.9999999834	4.280860645e-09	3.181735059e-09	
4.616420481e-09	4.535976261e-09	0.9999999833	4.36537544e-09	3.181770423e-09	
4.616367063e-09	4.535923985e-09	0.9999999834	4.280860667e-09	3.181735062e-09	
4.616420481e-09	4.535976261e-09	0.9999999833	4.36537544e-09	3.181770423e-09	
4.616420481e-09	4.535976286e-09	0.9999999833	4.365375463e-09	3.181770427e-09	
4.616473899e-09	4.536028562e-09	0.9999999832	4.451558766e-09	3.181805788e-09	
4.616420481e-09	4.535976261e-09	0.9999999833	4.36537544e-09	3.181770423e-09	
4.616473899e-09	4.536028562e-09	0.9999999832	4.451558766e-09	3.181805788e-09	
4.616420481e-09	4.535976286e-09	0.9999999833	4.365375463e-09	3.181770427e-09	
4.616473899e-09	4.536028562e-09	0.9999999832	4.451558766e-09	3.181805788e-09	
1.498739508e-08	1.464424752e-08	0.9998587179	0.0001412421905	1.027220855e-08	
4.616420481e-09	4.535976286e-09	0.9999999833	4.365375463e-09	3.181770427e-09	
4.616367063e-09	4.535923985e-09	0.9999999834	4.280860667e-09	3.181735062e-09	
4.616420481e-09	4.535976286e-09	0.9999999833	4.365375463e-09	3.181770427e-09	
4.616367063e-09	4.535924009e-09	0.9999999834	4.28086069e-09	3.181735066e-09	
4.616420481e-09	4.535976286e-09	0.9999999833	4.365375463e-09	3.181770427e-09	
4.616420481e-09	4.535976261e-09	0.9999999833	4.36537544e-09	3.181770423e-09	
4.616473899e-09	4.536028562e-09	0.9999999832	4.451558766e-09	3.181805788e-09	
4.616420481e-09	4.535976286e-09	0.9999999833	4.365375463e-09	3.181770427e-09	
4.616473899e-09	4.536028562e-09	0.9999999832	4.451558766e-09	3.181805788e-09	
1.498739508e-08	1.464424752e-08	0.9998587179	0.0001412421905	1.027220855e-08	
4.616420481e-09	4.535976261e-09	0.9999999833	4.36537544e-09	3.181770423e-09	
4.616367063e-09	4.535923985e-09	0.9999999834	4.280860667e-09	3.181735062e-09	
4.616420481e-09	4.535976261e-09	0.9999999833	4.36537544e-09	3.181770423e-09	
4.616420481e-09	4.535976286e-09	0.9999999833	4.365375463e-09	3.181770427e-09	
4.616473899e-09	4.536028562e-09	0.9999999832	4.451558766e-09	3.181805788e-09	
1.498739508e-08	1.464424752e-08	0.9998587179	0.0001412421905	1.027220855e-08	
4.616420481e-09	4.535976286e-09	0.9999999833	4.365375463e-09	3.181770427e-09	
1.498739508e-08	1.464424752e-08	0.9998587179	0.0001412421905	1.027220855e-08	
2.681037229e-08	0.0006348555213	2.73764472e-08	2.566369658e-08	0.9993650646	
8.214348542e-09	0.9140628798	8.372447545e-09	7.699171886e-09	0.08593709595	
8.227331265e-09	0.9134286036	8.385700681e-09	7.711340382e-09	0.08657137209	
1.339123062e-08	0.8809171647	1.365757975e-08	6.060642353e-05	0.1190222018	
2.68103723e-08	0.0006348574753	2.737644721e-08	2.566369658e-08	0.9993650627	
8.586814186e-09	0.895867886	8.748819479e-09	8.125281864e-09	0.1041320886	
9.713249971e-09	0.9348098919	7.937669594e-09	7.302088178e-09	0.06519008314	
9.250949013e-09	0.8959340334	9.306246591e-06	8.753750261e-09	0.1040566424	
8.249869875e-09	0.9123303519	8.408709034e-09	7.826112228e-09	0.0876696236	
8.052299534e-09	0.9219822366	8.205671966e-09	7.628734048e-09	0.07801773955	
8.391279041e-09	0.9054188751	8.554857046e-09	7.865005433e-09	0.09458110009	
2.425124363e-08	0.0005535270956	2.47683347e-08	2.296726174e-08	0.9994464009	
2.411171891e-08	0.0005490927624	2.462589532e-08	2.283512417e-08	0.9994508357	
2.854634453e-08	0.0003851829101	2.917341318e-08	0.0001305428188	0.9994842166	
6.810213266e-09	3.307775524e-08	6.968165204e-09	6.586904937e-09	0.9999999466	
2.092353248e-08	0.0004477636512	2.136170347e-08	2.000532881e-08	0.9995521741	
3.77955692e-08	0.0007461077448	3.094944222e-08	2.870963782e-08	0.9992537948	
2.255765642e-08	0.0004481110451	2.273870517e-05	2.156781544e-08	0.9995291061	
2.387507343e-08	0.0005415663416	2.438430752e-08	2.288484657e-08	0.9994583625	
2.618432741e-08	0.000614958741	2.673739776e-08	2.50656108e-08	0.9993849633	
2.251072086e-08	0.0004982103063	2.299627431e-08	2.131888969e-08	0.9995017229	
1.778039583e-08	0.0003478702621	1.815923224e-08	1.703867553e-08	0.9996520768	
8.428172868e-09	0.9019487722	8.592160057e-09	7.815615075e-09	0.09805120299	
2.425124364e-08	0.0005535287994	2.476833471e-08	2.296726175e-08	0.9994463992	
8.774063187e-09	0.8823593156	8.941424202e-09	8.214213106e-09	0.1176406584	
9.981347109e-09	0.925935439	8.158421929e-09	7.423872492e-09	0.07406453545	
9.45278053e-09	0.8824338018	9.511223666e-06	8.849653721e-09	0.1175566687	
8.259124186e-09	0.9115268006	8.418152274e-09	7.741504798e-09	0.08847317495	
8.586138911e-09	0.8930013284	8.755300472e-09	7.962099708e-09	0.1069986463	
9.283327196e-09	0.8535135632	9.463783198e-09	8.71069058e-09	0.1464864093	
2.411171893e-08	0.0005490944526	2.462589533e-08	2.283512419e-08	0.999450834	
8.785681454e-09	0.8815213747	8.953286011e-09	8.225090048e-09	0.1184785993	
9.998081041e-09	0.9253816373	8.172119705e-09	7.436318772e-09	0.07461833714	
9.46530374e-09	0.8815963687	9.52384763e-06	8.861377906e-09	0.1183940891	
8.462357813e-09	0.8999987379	8.627068094e-09	7.942353187e-09	0.1000012371	
8.598246995e-09	0.892229931	8.767668581e-09	7.973327786e-09	0.1077700437	
9.293455749e-09	0.8525045029	9.474131842e-09	8.720194366e-09	0.1474954696	
2.854634456e-08	0.0003851840959	2.917341321e-08	0.0001305428189	0.9994842154	
1.411512273e-08	0.8391527325	1.439343819e-08	6.38082957e-05	0.1607834307	
1.520735826e-08	0.8392434775	1.531103481e-05	6.874605131e-05	0.1606724502	
1.369824077e-08	0.8632056435	1.397363902e-08	6.207973927e-05	0.1367322491	
1.344985155e-08	0.8775352559	1.371747631e-08	6.087460552e-05	0.1224038424	
1.47573769e-08	0.8020982616	1.505373411e-08	6.686292577e-05	0.1978348457	
1.529054552e-08	9.379571102e-05	1.562963036e-08	0.9998693403	3.683302445e-05	
1.534263469e-08	9.373963181e-05	1.562627283e-08	0.999869405	3.682443976e-05	
1.529053692e-08	9.373944337e-05	1.562624143e-08	0.9998694053	3.682436878e-05	
1.529051829e-08	9.385889004e-05	1.556905309e-08	0.9998692676	3.684268241e-05	
2.09235325e-08	0.0004477650295	2.136170349e-08	2.000532883e-08	0.9995521727	
3.779556919e-08	0.0007461100409	3.094944221e-08	2.870963782e-08	0.9992537925	
2.255765644e-08	0.0004481124245	2.273870519e-05	2.156781546e-08	0.9995291047	
2.387507345e-08	0.0005415680086	2.438430753e-08	2.288484658e-08	0.9994583608	
2.618432742e-08	0.0006149606338	2.673739776e-08	2.506561081e-08	0.9993849614	
2.251072088e-08	0.0004982118399	2.299627433e-08	2.13188897e-08	0.9995017213	
1.778039584e-08	0.0003478713331	1.815923226e-08	1.703867555e-08	0.9996520757	
1.046270719e-08	0.9100066721	8.548681878e-09	7.856351356e-09	0.08999330105	
9.809549115e-09	0.8585795978	9.866518794e-06	9.271526203e-09	0.1414105166	
8.80584742e-09	0.8800714906	8.973874989e-09	8.34381081e-09	0.1199284833	
8.628551414e-09	0.8928577954	8.79141444e-09	8.165161207e-09	0.107142179	
8.931888621e-09	0.8709765272	9.10446698e-09	8.361967623e-09	0.1290234464	
9.570043535e-09	0.8249538244	9.752436247e-09	9.065636975e-09	0.1750461472	
2.091834239e-08	0.0002187876654	2.134515795e-08	1.958360698e-08	0.9997811505	
1.127180543e-08	0.9100637842	9.093256602e-06	8.46392497e-09	0.08992710279	
1.002713518e-08	0.9244224762	8.195902634e-09	7.548250406e-09	0.07557749799	
9.772742016e-09	0.9328410906	7.986350354e-09	7.347159089e-09	0.06715888434	
1.020967608e-08	0.9183790026	8.34707376e-09	7.593697337e-09	0.08162097126	
1.115569297e-08	0.8870724876	9.11815186e-09	8.395703656e-09	0.1129274837	
0.001418628486	0.9983848994	8.587794428e-08	7.835416019e-08	0.0001963078844	
9.487040433e-09	0.8801473608	9.545759513e-06	8.989293041e-09	0.119843075	
9.295936266e-09	0.892925826	9.351577521e-06	8.796734904e-09	0.1070648043	
9.622900327e-09	0.8710578173	9.684742811e-06	9.00891864e-09	0.1289324793	
1.031079757e-08	0.8250605665	1.037438463e-05	9.767381836e-09	0.1749290391	
2.255206551e-08	0.000218957454	2.272109766e-05	2.111315989e-08	0.9997582778	
8.294375194e-09	0.9097481926	8.454138827e-09	7.868702967e-09	0.09025178275	
9.311036549e-09	0.8507596413	9.492094951e-09	8.842499517e-09	0.149240331	
8.434665212e-09	0.9026548704	8.599157728e-09	7.90604378e-09	0.09734510463	
9.156082161e-09	0.8661959252	9.332236301e-09	8.684009196e-09	0.1338040477	
1.777507698e-08	0.000169968761	1.814423989e-08	1.667863978e-08	0.9998299786	
0.9999999829	4.614278872e-09	4.762501093e-09	4.447349739e-09	3.231723534e-09	
0.9999946493	5.337217925e-06	5.160507412e-09	4.71888694e-09	3.605503891e-09	
0.999999983	4.614484511e-09	4.762441691e-09	4.35461717e-09	3.231684913e-09	
0.999999983	4.614484511e-09	4.762441691e-09	4.35461717e-09	3.231684913e-09	
0.999999983	4.614791635e-09	4.762442056e-09	4.354890877e-09	3.231685154e-09	
0.999999983	4.614791635e-09	4.762442056e-09	4.354890877e-09	3.231685154e-09	
0.9999999829	4.614544463e-09	4.762503876e-09	4.451487026e-09	3.231725349e-09	
0.999999983	4.614791635e-09	4.762442056e-09	4.354890877e-09	3.231685154e-09	
0.999999983	4.610805446e-09	4.762439624e-09	4.354888675e-09	3.231683516e-09	
0.9999949464	5.000651996e-09	5.160648607e-09	5.039932905e-06	3.50188736e-09	
0.999999983	4.614484511e-09	4.762441691e-09	4.35461717e-09	3.231684913e-09	
0.999999983	4.614791635e-09	4.762442056e-09	4.354890877e-09	3.231685154e-09	
0.9999999829	4.614278872e-09	4.762501093e-09	4.447349739e-09	3.231723534e-09	
0.9999946494	5.336980079e-06	5.16057178e-09	4.819376719e-09	3.60554698e-09	
0.9999999829	4.614278872e-09	4.762501093e-09	4.447349739e-09	3.231723534e-09	
0.9999999829	4.614278872e-09	4.762501093e-09	4.447349739e-09	3.231723534e-09	
0.9999999829	4.614585982e-09	4.762501458e-09	4.447629276e-09	3.231723776e-09	
0.9999999829	4.614585982e-09	4.762501458e-09	4.447629276e-09	3.231723776e-09	
0.9999999828	4.614338821e-09	4.762563279e-09	4.546282462e-09	3.231763971e-09	
0.9999999829	4.614585982e-09	4.762501458e-09	4.447629276e-09	3.231723776e-09	
0.9999999829	4.61059997e-09	4.762499026e-09	4.447627026e-09	3.231722138e-09	
0.9999948391	5.000428611e-09	5.160712423e-09	5.147258878e-06	3.501928835e-09	
0.9999999829	4.614278872e-09	4.762501093e-09	4.447349739e-09	3.231723534e-09	
0.9999999829	4.614585982e-09	4.762501458e-09	4.447629276e-09	3.231723776e-09	
0.9999999828	4.614073241e-09	4.762560496e-09	4.54205707e-09	3.231762156e-09	
0.9998473585	1.551376334e-08	1.617760828e-08	0.0001525989066	1.087407662e-08	
0.9999946493	5.337217925e-06	5.160507412e-09	4.71888694e-09	3.605503891e-09	
0.9999946493	5.337217925e-06	5.160507412e-09	4.71888694e-09	3.605503891e-09	
0.9999946489	5.33757315e-06	5.160507806e-09	4.719183542e-09	3.605504159e-09	
0.9999946489	5.33757315e-06	5.160507806e-09	4.719183542e-09	3.605504159e-09	
0.9999946491	5.337287267e-06	5.160574795e-09	4.823860095e-09	3.605549004e-09	
0.9999946489	5.33757315e-06	5.160507806e-09	4.719183542e-09	3.605504159e-09	
0.9999887451	5.783863018e-06	5.591993354e-09	5.46152555e-06	3.9069581e-09	
0.9999946493	5.337217925e-06	5.160507412e-09	4.71888694e-09	3.605503891e-09	
0.9999946489	5.33757315e-06	5.160507806e-09	4.719183542e-09	3.605504159e-09	
0.9999946494	5.336980079e-06	5.16057178e-09	4.819376719e-09	3.60554698e-09	
0.999999983	4.614484511e-09	4.762441691e-09	4.35461717e-09	3.231684913e-09	
0.999999983	4.614791635e-09	4.762442056e-09	4.354890877e-09	3.231685154e-09	
0.999999983	4.614791635e-09	4.762442056e-09	4.354890877e-09	3.231685154e-09	
0.9999999829	4.614544463e-09	4.762503876e-09	4.451487026e-09	3.231725349e-09	
0.999999983	4.614791635e-09	4.762442056e-09	4.354890877e-09	3.231685154e-09	
0.999999983	4.610805446e-09	4.762439624e-09	4.354888675e-09	3.231683516e-09	
0.9999949464	5.000651996e-09	5.160648607e-09	5.039932905e-06	3.50188736e-09	
0.999999983	4.614484511e-09	4.762441691e-09	4.35461717e-09	3.231684913e-09	
0.999999983	4.614791635e-09	4.762442056e-09	4.354890877e-09	3.231685154e-09	
0.9999999829	4.614278872e-09	4.762501093e-09	4.447349739e-09	3.231723534e-09	
0.999999983	4.614791635e-09	4.762442056e-09	4.354890877e-09	3.231685154e-09	
0.999999983	4.614791635e-09	4.762442056e-09	4.354890877e-09	3.231685154e-09	
0.9999999829	4.614544463e-09	4.762503876e-09	4.451487026e-09	3.231725349e-09	
0.999999983	4.614791635e-09	4.762442056e-09	4.354890877e-09	3.231685154e-09	
0.999999983	4.610805446e-09	4.762439624e-09	4.354888675e-09	3.231683516e-09	
0.9999949464	5.000651996e-09	5.160648607e-09	5.039932905e-06	3.50188736e-09	
0.999999983	4.614484511e-09	4.762441691e-09	4.35461717e-09	3.231684913e-09	
0.999999983	4.614791635e-09	4.762442056e-09	4.354890877e-09	3.231685154e-09	
0.9999999829	4.614278872e-09	4.762501093e-09	4.447349739e-09	3.231723534e-09	
0.999999983	4.61509878e-09	4.762442422e-09	4.355164602e-09	3.231685396e-09	
0.9999999829	4.614851591e-09	4.762504241e-09	4.451766823e-09	3.231725591e-09	
0.999999983	4.61509878e-09	4.762442422e-09	4.355164602e-09	3.231685396e-09	
0.999999983	4.611112325e-09	4.762439989e-09	4.3551624e-09	3.231683758e-09	
0.9999949461	5.00098482e-09	5.160649002e-09	5.040249687e-06	3.501887621e-09	
0.999999983	4.614791635e-09	4.762442056e-09	4.354890877e-09	3.231685154e-09	
0.9999999829	4.614585982e-09	4.762501458e-09	4.447629276e-09	3.231723776e-09	
0.9999999829	4.614851591e-09	4.762504241e-09	4.451766823e-09	3.231725591e-09	
0.999999983	4.611112325e-09	4.762439989e-09	4.3551624e-09	3.231683758e-09	
0.9999949461	5.00098482e-09	5.160649002e-09	5.040249687e-06	3.501887621e-09	
0.999999983	4.614791635e-09	4.762442056e-09	4.354890877e-09	3.231685154e-09	
0.999999983	4.61509878e-09	4.762442422e-09	4.355164602e-09	3.231685396e-09	
0.9999999829	4.614585982e-09	4.762501458e-09	4.447629276e-09	3.231723776e-09	
0.9999999829	4.614851591e-09	4.762504241e-09	4.451766823e-09	3.231725591e-09	
0.9999999829	4.61086535e-09	4.762501809e-09	4.451764572e-09	3.231723953e-09	
0.9999999829	4.614544463e-09	4.762503876e-09	4.451487026e-09	3.231725349e-09	
0.9999999829	4.614851591e-09	4.762504241e-09	4.451766823e-09	3.231725591e-09	
0.9999999828	4.614338821e-09	4.762563279e-09	4.546282462e-09	3.231763971e-09	
0.9998472166	1.551465409e-08	1.617761543e-08	0.0001527408448	1.087408119e-08	
0.999999983	4.611112325e-09	4.762439989e-09	4.3551624e-09	3.231683758e-09	
0.9999949461	5.00098482e-09	5.160649002e-09	5.040249687e-06	3.501887621e-09	
0.999999983	4.614791635e-09	4.762442056e-09	4.354890877e-09	3.231685154e-09	
0.999999983	4.61509878e-09	4.762442422e-09	4.355164602e-09	3.231685396e-09	
0.9999999829	4.614585982e-09	4.762501458e-09	4.447629276e-09	3.231723776e-09	
0.9999949461	4.996665043e-09	5.160646366e-09	5.040247138e-06	3.501885846e-09	
0.999999983	4.610805446e-09	4.762439624e-09	4.354888675e-09	3.231683516e-09	
0.999999983	4.611112325e-09	4.762439989e-09	4.3551624e-09	3.231683758e-09	
0.9999999829	4.61059997e-09	4.762499026e-09	4.447627026e-09	3.231722138e-09	
0.9999949464	5.000651996e-09	5.160648607e-09	5.039932905e-06	3.50188736e-09	
0.9999949461	5.00098482e-09	5.160649002e-09	5.040249687e-06	3.501887621e-09	
0.9999948391	5.000428611e-09	5.160712423e-09	5.147258878e-06	3.501928835e-09	
0.001064016535	6.787143022e-08	7.009886554e-08	0.9989357979	4.756720147e-08	
0.999999983	4.614791635e-09	4.762442056e-09	4.354890877e-09	3.231685154e-09	
0.9999999829	4.614278872e-09	4.762501093e-09	4.447349739e-09	3.231723534e-09	
0.9999999829	4.614585982e-09	4.762501458e-09	4.447629276e-09	3.231723776e-09	
0.9998473585	1.551376334e-08	1.617760828e-08	0.0001525989066	1.087407662e-08	
6.803025305e-09	6.684477527e-09	6.909814925e-09	6.308593148e-09	0.9999999733	
6.803025305e-09	6.684477527e-09	6.909814925e-09	6.308593148e-09	0.9999999733	
6.803025305e-09	6.684477527e-09	6.909814925e-09	6.308593148e-09	0.9999999733	
6.803025305e-09	6.684477527e-09	6.909814925e-09	6.308593148e-09	0.9999999733	
6.803025305e-09	6.684477527e-09	6.909814925e-09	6.308593148e-09	0.9999999733	
6.803025304e-09	6.684476989e-09	6.909814904e-09	6.308593148e-09	0.9999999733	
6.803025305e-09	6.684477527e-09	6.909814925e-09	6.308593148e-09	0.9999999733	
6.803025304e-09	6.684476989e-09	6.909814904e-09	6.308593148e-09	0.9999999733	
6.803025304e-09	6.684476989e-09	6.909814904e-09	6.308593148e-09	0.9999999733	
6.803025305e-09	6.684477527e-09	6.909814925e-09	6.308593148e-09	0.9999999733	
6.803025305e-09	6.684477527e-09	6.909814925e-09	6.308593148e-09	0.9999999733	
6.803025305e-09	6.684477527e-09	6.909814925e-09	6.308593148e-09	0.9999999733	
6.803025305e-09	6.684477527e-09	6.909814925e-09	6.308593148e-09	0.9999999733	
6.803371522e-09	7.263996189e-09	6.931966357e-09	6.308912112e-09	0.9999999727	
6.803025305e-09	6.684477527e-09	6.909814925e-09	6.308593148e-09	0.9999999733	
6.803025305e-09	6.684477527e-09	6.909814925e-09	6.308593148e-09	0.9999999733	
6.803025305e-09	6.684477527e-09	6.909814925e-09	6.308593148e-09	0.9999999733	
6.803025305e-09	6.684477527e-09	6.909814925e-09	6.308593148e-09	0.9999999733	
6.803025304e-09	6.684476989e-09	6.909814904e-09	6.308593148e-09	0.9999999733	
6.803025305e-09	6.684477527e-09	6.909814925e-09	6.308593148e-09	0.9999999733	
6.803025304e-09	6.684476989e-09	6.909814904e-09	6.308593148e-09	0.9999999733	
6.803025304e-09	6.684476989e-09	6.909814904e-09	6.308593148e-09	0.9999999733	
6.803025305e-09	6.684477527e-09	6.909814925e-09	6.308593148e-09	0.9999999733	
6.803025305e-09	6.684477527e-09	6.909814925e-09	6.308593148e-09	0.9999999733	
6.803025305e-09	6.684477527e-09	6.909814925e-09	6.308593148e-09	0.9999999733	
6.803025305e-09	6.684477527e-09	6.909814925e-09	6.308593148e-09	0.9999999733	
6.803371522e-09	7.263996189e-09	6.931966357e-09	6.308912112e-09	0.9999999727	
6.803025305e-09	6.684477527e-09	6.909814925e-09	6.308593148e-09	0.9999999733	
6.803025305e-09	6.684477527e-09	6.909814925e-09	6.308593148e-09	0.9999999733	
6.803025305e-09	6.684477527e-09	6.909814925e-09	6.308593148e-09	0.9999999733	
6.803025304e-09	6.684476989e-09	6.909814904e-09	6.308593148e-09	0.9999999733	
6.803025305e-09	6.684477527e-09	6.909814925e-09	6.308593148e-09	0.9999999733	
6.803025304e-09	6.684476989e-09	6.909814904e-09	6.308593148e-09	0.9999999733	
6.803025304e-09	6.684476989e-09	6.909814904e-09	6.308593148e-09	0.9999999733	
6.803025305e-09	6.684477527e-09	6.909814925e-09	6.308593148e-09	0.9999999733	
6.803025305e-09	6.684477527e-09	6.909814925e-09	6.308593148e-09	0.9999999733	
6.803025305e-09	6.684477527e-09	6.909814925e-09	6.308593148e-09	0.9999999733	
6.803025305e-09	6.684477527e-09	6.909814925e-09	6.308593148e-09	0.9999999733	
6.803371522e-09	7.263996189e-09	6.931966357e-09	6.308912112e-09	0.9999999727	
6.803025305e-09	6.684477527e-09	6.909814925e-09	6.308593148e-09	0.9999999733	
6.803025305e-09	6.684477527e-09	6.909814925e-09	6.308593148e-09	0.9999999733	
6.803025304e-09	6.684476989e-09	6.909814904e-09	6.308593148e-09	0.9999999733	
6.803025305e-09	6.684477527e-09	6.909814925e-09	6.308593148e-09	0.9999999733	
6.803025304e-09	6.684476989e-09	6.909814904e-09	6.308593148e-09	0.9999999733	
6.803025304e-09	6.684476989e-09	6.909814904e-09	6.308593148e-09	0.9999999733	
6.803025305e-09	6.684477527e-09	6.909814925e-09	6.308593148e-09	0.9999999733	
6.803025305e-09	6.684477527e-09	6.909814925e-09	6.308593148e-09	0.9999999733	
6.803025305e-09	6.684477527e-09	6.909814925e-09	6.308593148e-09	0.9999999733	
6.803025305e-09	6.684477527e-09	6.909814925e-09	6.308593148e-09	0.9999999733	
6.803371522e-09	7.263996189e-09	6.931966357e-09	6.308912112e-09	0.9999999727	
6.803025305e-09	6.684477527e-09	6.909814925e-09	6.308593148e-09	0.9999999733	
6.803025304e-09	6.684476989e-09	6.909814904e-09	6.308593148e-09	0.9999999733	
6.803025305e-09	6.684477527e-09	6.909814925e-09	6.308593148e-09	0.9999999733	
6.803025304e-09	6.684476989e-09	6.909814904e-09	6.308593148e-09	0.9999999733	
6.803025304e-09	6.684476989e-09	6.909814904e-09	6.308593148e-09	0.9999999733	
6.803025305e-09	6.684477527e-09	6.909814925e-09	6.308593148e-09	0.9999999733	
6.803025305e-09	6.684477527e-09	6.909814925e-09	6.308593148e-09	0.9999999733	
6.803025305e-09	6.684477527e-09	6.909814925e-09	6.308593148e-09	0.9999999733	
6.803025305e-09	6.684477527e-09	6.909814925e-09	6.308593148e-09	0.9999999733	
6.803371522e-09	7.263996189e-09	6.931966357e-09	6.308912112e-09	0.9999999727	
6.803025304e-09	6.684476989e-09	6.909814904e-09	6.308593148e-09	0.9999999733	
6.803025305e-09	6.684477527e-09	6.909814925e-09	6.308593148e-09	0.9999999733	
6.803025304e-09	6.684476989e-09	6.909814904e-09	6.308593148e-09	0.9999999733	
6.803025304e-09	6.684476989e-09	6.909814904e-09	6.308593148e-09	0.9999999733	
6.803025305e-09	6.684477527e-09	6.909814925e-09	6.308593148e-09	0.9999999733	
6.803025305e-09	6.684477527e-09	6.909814925e-09	6.308593148e-09	0.9999999733	
6.803025305e-09	6.684477527e-09	6.909814925e-09	6.308593148e-09	0.9999999733	
6.803025305e-09	6.684477527e-09	6.909814925e-09	6.308593148e-09	0.9999999733	
6.803371522e-09	7.263996189e-09	6.931966357e-09	6.308912112e-09	0.9999999727	
6.803025304e-09	6.684476989e-09	6.909814904e-09	6.308593148e-09	0.9999999733	
6.803025303e-09	6.684476451e-09	6.909814882e-09	6.308593147e-09	0.9999999733	
6.803025303e-09	6.684476451e-09	6.909814882e-09	6.308593147e-09	0.9999999733	
6.803025304e-09	6.684476989e-09	6.909814904e-09	6.308593148e-09	0.9999999733	
6.803025304e-09	6.684476989e-09	6.909814904e-09	6.308593148e-09	0.9999999733	
6.803025304e-09	6.684476989e-09	6.909814904e-09	6.308593148e-09	0.9999999733	
6.803025304e-09	6.684476989e-09	6.909814904e-09	6.308593148e-09	0.9999999733	
6.803025304e-09	6.684476989e-09	6.909814904e-09	6.308593148e-09	0.9999999733	
6.803025304e-09	6.684476989e-09	6.909814904e-09	6.308593148e-09	0.9999999733	
6.803025305e-09	6.684477527e-09	6.909814925e-09	6.308593148e-09	0.9999999733	
6.803025305e-09	6.684477527e-09	6.909814925e-09	6.308593148e-09	0.9999999733	
6.803025305e-09	6.684477527e-09	6.909814925e-09	6.308593148e-09	0.9999999733	
6.803025305e-09	6.684477527e-09	6.909814925e-09	6.308593148e-09	0.9999999733	
6.803371522e-09	7.263996189e-09	6.931966357e-09	6.308912112e-09	0.9999999727	
6.803025303e-09	6.684476451e-09	6.909814882e-09	6.308593147e-09	0.9999999733	
6.803025304e-09	6.684476989e-09	6.909814904e-09	6.308593148e-09	0.9999999733	
6.803025304e-09	6.684476989e-09	6.909814904e-09	6.308593148e-09	0.9999999733	
6.803025304e-09	6.684476989e-09	6.909814904e-09	6.308593148e-09	0.9999999733	
6.803025304e-09	6.684476989e-09	6.909814904e-09	6.308593148e-09	0.9999999733	
6.803025304e-09	6.684476989e-09	6.909814904e-09	6.308593148e-09	0.9999999733	
6.803025304e-09	6.684476989e-09	6.909814904e-09	6.308593148e-09	0.9999999733	
6.803025304e-09	6.684476989e-09	6.909814904e-09	6.308593148e-09	0.9999999733	
6.803025304e-09	6.684476989e-09	6.909814904e-09	6.308593148e-09	0.9999999733	
6.803025305e-09	6.684477527e-09	6.909814925e-09	6.308593148e-09	0.9999999733	
6.803025305e-09	6.684477527e-09	6.909814925e-09	6.308593148e-09	0.9999999733	
6.803025305e-09	6.684477527e-09	6.909814925e-09	6.308593148e-09	0.9999999733	
6.803371522e-09	7.263996189e-09	6.931966357e-09	6.308912112e-09	0.9999999727	
6.803025305e-09	6.684477527e-09	6.909814925e-09	6.308593148e-09	0.9999999733	
6.803025305e-09	6.684477527e-09	6.909814925e-09	6.308593148e-09	0.9999999733	
6.803371522e-09	7.263996189e-09	6.931966357e-09	6.308912112e-09	0.9999999727	
6.803025305e-09	6.684477527e-09	6.909814925e-09	6.308593148e-09	0.9999999733	
6.803371522e-09	7.263996189e-09	6.931966357e-09	6.308912112e-09	0.9999999727	
6.803371522e-09	7.263996189e-09	6.931966357e-09	6.308912112e-09	0.9999999727	
5.056370517e-09	5.021714518e-09	5.155714321e-09	0.9999999813	3.499686656e-09	
5.07461651e-09	5.021725078e-09	5.155725247e-09	0.9999999812	3.499693767e-09	
5.784750301e-09	5.022113197e-09	5.156124984e-09	0.9999999805	3.499955962e-09	
5.056370517e-09	5.021714518e-09	5.155714321e-09	0.9999999813	3.499686656e-09	
5.07461651e-09	5.021725078e-09	5.155725247e-09	0.9999999812	3.499693767e-09	
7.409172037e-09	7.317426505e-09	3.397857857e-05	0.9999660016	5.099578792e-09	
5.07365191e-09	5.072767214e-09	5.174710994e-09	0.9999999812	3.513659429e-09	
5.056382712e-09	5.021726571e-09	5.177037661e-09	0.9999999812	3.499694789e-09	
5.056383088e-09	5.021727424e-09	5.178467491e-09	0.9999999812	3.499695342e-09	
5.05642371e-09	5.072757015e-09	5.174700594e-09	0.9999999812	3.513652655e-09	
5.0736092e-09	5.02173523e-09	5.17466731e-09	0.9999999812	3.499700604e-09	
5.056370483e-09	5.02171451e-09	5.155714312e-09	0.9999999813	3.499686654e-09	
5.074628094e-09	5.021736432e-09	5.175787917e-09	0.9999999812	3.499701423e-09	
5.05638196e-09	5.021725884e-09	5.175776898e-09	0.9999999812	3.499694314e-09	
5.056382712e-09	5.021726606e-09	5.177037647e-09	0.9999999812	3.499694796e-09	
5.056418246e-09	5.079221631e-09	5.155763126e-09	0.9999999812	3.515400561e-09	
5.075717985e-09	4.968226146e-09	5.156935742e-09	0.9999999813	3.484972421e-09	
5.074559943e-09	4.968213548e-09	5.13569446e-09	0.9999999813	3.484963875e-09	
5.784685817e-09	4.96859753e-09	5.136092645e-09	0.9999999806	3.485224966e-09	
5.074559943e-09	4.968213548e-09	5.13569446e-09	0.9999999813	3.484963875e-09	
5.073595353e-09	5.018711778e-09	5.154606445e-09	0.9999999813	3.498870756e-09	
5.056326348e-09	4.968215025e-09	5.156924072e-09	0.9999999813	3.484964892e-09	
5.056326724e-09	4.968215868e-09	5.158348347e-09	0.9999999813	3.484965443e-09	
5.056367345e-09	5.018701687e-09	5.154596085e-09	0.9999999813	3.498864011e-09	
5.073552644e-09	4.968223591e-09	5.154562931e-09	0.9999999813	3.484970682e-09	
5.056314119e-09	4.968203092e-09	5.135683568e-09	0.9999999814	3.484956791e-09	
5.074571527e-09	4.96822478e-09	5.155679184e-09	0.9999999813	3.484971498e-09	
5.056325596e-09	4.968214345e-09	5.155668207e-09	0.9999999813	3.484964419e-09	
5.056326348e-09	4.968215059e-09	5.156924058e-09	0.9999999813	3.484964899e-09	
5.056361882e-09	5.025097417e-09	5.135732192e-09	0.9999999813	3.50060456e-09	
5.094033794e-09	4.968236593e-09	5.156946671e-09	0.9999999813	3.484979503e-09	
5.075717985e-09	4.968226146e-09	5.156935742e-09	0.9999999813	3.484972421e-09	
5.094033794e-09	4.968236593e-09	5.156946671e-09	0.9999999813	3.484979503e-09	
7.4375221e-09	7.23948549e-09	3.398662804e-05	0.9999659936	5.078137861e-09	
5.093065503e-09	5.018735058e-09	5.175936916e-09	0.9999999812	3.498886447e-09	
5.075730227e-09	4.96823807e-09	5.178264134e-09	0.9999999813	3.484980521e-09	
5.075730604e-09	4.968238914e-09	5.179694303e-09	0.9999999813	3.484981071e-09	
5.075771382e-09	5.018724967e-09	5.175926513e-09	0.9999999812	3.498879701e-09	
5.093022629e-09	4.968246637e-09	5.175893222e-09	0.9999999813	3.484986311e-09	
5.075717951e-09	4.968226137e-09	5.156935734e-09	0.9999999813	3.48497242e-09	
5.094045423e-09	4.968247826e-09	5.177014094e-09	0.9999999813	3.484987126e-09	
3.151921155e-05	7.109479131e-09	7.449855206e-09	0.9999684612	4.98694431e-09	
5.075729472e-09	4.968237391e-09	5.177003072e-09	0.9999999813	3.484980047e-09	
5.075730227e-09	4.968238105e-09	5.17826412e-09	0.9999999813	3.484980527e-09	
5.075765897e-09	5.025120726e-09	5.156984559e-09	0.9999999812	3.500620259e-09	
5.805559948e-09	4.968607978e-09	5.136103529e-09	0.9999999806	3.485232048e-09	
5.074559943e-09	4.968213548e-09	5.13569446e-09	0.9999999813	3.484963875e-09	
5.092871573e-09	4.968223995e-09	5.135705344e-09	0.9999999813	3.484970956e-09	
5.091903502e-09	5.018722331e-09	5.154617369e-09	0.9999999812	3.498877866e-09	
5.074572182e-09	4.968225472e-09	5.156935001e-09	0.9999999813	3.484971974e-09	
5.074572559e-09	4.968226315e-09	5.158359279e-09	0.9999999813	3.484972524e-09	
5.074613327e-09	5.018712241e-09	5.154607009e-09	0.9999999813	3.498871121e-09	
5.091860639e-09	4.968234038e-09	5.154573854e-09	0.9999999813	3.484977764e-09	
5.074559908e-09	4.968213539e-09	5.135694452e-09	0.9999999813	3.484963873e-09	
5.092883199e-09	4.968235227e-09	5.15569011e-09	0.9999999813	3.48497858e-09	
3.151202056e-05	7.109461154e-09	7.419169502e-09	0.9999684685	4.986932116e-09	
5.074571427e-09	4.968224792e-09	5.155679133e-09	0.9999999813	3.4849715e-09	
5.074572182e-09	4.968225506e-09	5.156934987e-09	0.9999999813	3.48497198e-09	
5.074607844e-09	5.025107984e-09	5.135743075e-09	0.9999999813	3.500611674e-09	
5.784685817e-09	4.96859753e-09	5.136092645e-09	0.9999999806	3.485224966e-09	
5.805559948e-09	4.968607978e-09	5.136103529e-09	0.9999999806	3.485232048e-09	
5.804456407e-09	5.019110217e-09	5.15501702e-09	0.9999999805	3.499139999e-09	
5.784699769e-09	4.968609455e-09	5.157334832e-09	0.9999999806	3.485233065e-09	
5.784746672e-09	5.019100126e-09	5.155006659e-09	0.9999999805	3.499133254e-09	
5.804407545e-09	4.968618023e-09	5.154973503e-09	0.9999999806	3.485238856e-09	
5.784685778e-09	4.968597521e-09	5.136092636e-09	0.9999999806	3.485224964e-09	
5.805573201e-09	4.968619211e-09	5.156089845e-09	0.9999999806	3.485239672e-09	
5.784698909e-09	4.968608776e-09	5.156078867e-09	0.9999999806	3.485232592e-09	
5.784699769e-09	4.96860949e-09	5.157334818e-09	0.9999999806	3.485233072e-09	
5.784740421e-09	5.025496363e-09	5.136141264e-09	0.9999999806	3.500873937e-09	
5.074559943e-09	4.968213548e-09	5.13569446e-09	0.9999999813	3.484963875e-09	
5.073595353e-09	5.018711778e-09	5.154606445e-09	0.9999999813	3.498870756e-09	
5.056326348e-09	4.968215025e-09	5.156924072e-09	0.9999999813	3.484964892e-09	
5.056326724e-09	4.968215868e-09	5.158348347e-09	0.9999999813	3.484965443e-09	
5.056367345e-09	5.018701687e-09	5.154596085e-09	0.9999999813	3.498864011e-09	
5.073552644e-09	4.968223591e-09	5.154562931e-09	0.9999999813	3.484970682e-09	
5.056314119e-09	4.968203092e-09	5.135683568e-09	0.9999999814	3.484956791e-09	
5.074571527e-09	4.96822478e-09	5.155679184e-09	0.9999999813	3.484971498e-09	
5.056325596e-09	4.968214345e-09	5.155668207e-09	0.9999999813	3.484964419e-09	
5.056326348e-09	4.968215059e-09	5.156924058e-09	0.9999999813	3.484964899e-09	
5.056361882e-09	5.025097417e-09	5.135732192e-09	0.9999999813	3.50060456e-09	
5.091903502e-09	5.018722331e-09	5.154617369e-09	0.9999999812	3.498877866e-09	
5.074572182e-09	4.968225472e-09	5.156935001e-09	0.9999999813	3.484971974e-09	
5.074572559e-09	4.968226315e-09	5.158359279e-09	0.9999999813	3.484972524e-09	
5.074613327e-09	5.018712241e-09	5.154607009e-09	0.9999999813	3.498871121e-09	
5.091860639e-09	4.968234038e-09	5.154573854e-09	0.9999999813	3.484977764e-09	
5.074559908e-09	4.968213539e-09	5.135694452e-09	0.9999999813	3.484963873e-09	
5.092883199e-09	4.968235227e-09	5.15569011e-09	0.9999999813	3.48497858e-09	
3.151202056e-05	7.109461154e-09	7.419169502e-09	0.9999684685	4.986932116e-09	
5.074571427e-09	4.968224792e-09	5.155679133e-09	0.9999999813	3.4849715e-09	
5.074572182e-09	4.968225506e-09	5.156934987e-09	0.9999999813	3.48497198e-09	
5.074607844e-09	5.025107984e-09	5.135743075e-09	0.9999999813	3.500611674e-09	
7.43441189e-09	7.313051094e-09	3.39712774e-05	0.9999660089	5.098389938e-09	
7.409107258e-09	7.239469285e-09	3.398655113e-05	0.9999659937	5.07812689e-09	
7.409107738e-09	7.239470446e-09	3.399593745e-05	0.9999659843	5.078127645e-09	
7.409167444e-09	7.313036391e-09	3.397120912e-05	0.999966009	5.09838011e-09	
7.43434931e-09	7.239481881e-09	3.397099063e-05	0.9999660093	5.078135406e-09	
7.435842239e-09	7.23948356e-09	3.397834701e-05	0.9999660019	5.078136557e-09	
4.600763707e-05	1.035927467e-08	4.889426946e-05	0.9999050805	7.266494435e-09	
7.409106217e-09	7.239468355e-09	3.397827467e-05	0.999966002	5.078126242e-09	
7.409107258e-09	7.239469336e-09	3.398655104e-05	0.9999659937	5.078126899e-09	
5.07360759e-09	5.018723823e-09	5.175925203e-09	0.9999999812	3.498878887e-09	
5.073607967e-09	5.018724675e-09	5.177354726e-09	0.9999999812	3.49887944e-09	
5.073648727e-09	5.069723753e-09	5.173588638e-09	0.9999999812	3.512833499e-09	
5.09089276e-09	5.018732477e-09	5.173555362e-09	0.9999999812	3.4988847e-09	
5.073595318e-09	5.018711769e-09	5.154606437e-09	0.9999999813	3.498870754e-09	
3.150603083e-05	7.181723631e-09	7.446490335e-09	0.9999684743	5.006832688e-09	
5.073606835e-09	5.018723137e-09	5.174664711e-09	0.9999999812	3.498878412e-09	
5.07360759e-09	5.018723858e-09	5.175925189e-09	0.9999999812	3.498878894e-09	
5.073643245e-09	5.076184504e-09	5.154655239e-09	0.9999999812	3.514580998e-09	
5.056338919e-09	4.968227793e-09	5.179682582e-09	0.9999999813	3.484973542e-09	
5.056379541e-09	5.018713733e-09	5.1759148e-09	0.9999999813	3.498872142e-09	
5.07356488e-09	4.968235516e-09	5.175881509e-09	0.9999999813	3.484978781e-09	
5.056326314e-09	4.968215016e-09	5.156924064e-09	0.9999999813	3.48496489e-09	
5.074583766e-09	4.968236704e-09	5.177002379e-09	0.9999999813	3.484979597e-09	
5.056337791e-09	4.96822627e-09	5.176991357e-09	0.9999999813	3.484972518e-09	
5.056338544e-09	4.968226984e-09	5.178252402e-09	0.9999999813	3.484972998e-09	
5.056379916e-09	5.018714585e-09	5.17734432e-09	0.9999999812	3.498872695e-09	
5.073565257e-09	4.968236359e-09	5.17731102e-09	0.9999999813	3.484979332e-09	
5.056326689e-09	4.96821586e-09	5.158348339e-09	0.9999999813	3.484965441e-09	
5.074584143e-09	4.968237548e-09	5.1784322e-09	0.9999999813	3.484980148e-09	
5.056338167e-09	4.968227113e-09	5.178421174e-09	0.9999999813	3.484973068e-09	
5.056374452e-09	5.025110331e-09	5.158397177e-09	0.9999999813	3.500613249e-09	
5.073606017e-09	5.018722387e-09	5.173544964e-09	0.9999999812	3.498877955e-09	
5.056367311e-09	5.018701679e-09	5.154596076e-09	0.9999999813	3.498864009e-09	
5.074624911e-09	5.018723587e-09	5.174665328e-09	0.9999999812	3.498878774e-09	
5.056378789e-09	5.018713047e-09	5.17465431e-09	0.9999999813	3.498871667e-09	
5.056379541e-09	5.018713768e-09	5.175914786e-09	0.9999999813	3.498872149e-09	
5.056415074e-09	5.076174298e-09	5.154644879e-09	0.9999999812	3.514574223e-09	
5.073552609e-09	4.968223583e-09	5.154562922e-09	0.9999999813	3.48497068e-09	
5.091872262e-09	4.968245271e-09	5.174632044e-09	0.9999999813	3.484985387e-09	
3.150576562e-05	7.109475571e-09	7.446427475e-09	0.9999684747	4.986941888e-09	
5.073564126e-09	4.968234836e-09	5.174621027e-09	0.9999999813	3.484978308e-09	
5.073564881e-09	4.96823555e-09	5.175881495e-09	0.9999999813	3.484978788e-09	
5.073600535e-09	5.025118142e-09	5.154611725e-09	0.9999999812	3.500618512e-09	
5.074571492e-09	4.968224771e-09	5.155679175e-09	0.9999999813	3.484971496e-09	
5.056325562e-09	4.968214337e-09	5.155668199e-09	0.9999999813	3.484964417e-09	
5.056326314e-09	4.96821505e-09	5.15692405e-09	0.9999999813	3.484964897e-09	
5.056361847e-09	5.025097408e-09	5.135732183e-09	0.9999999813	3.500604558e-09	
3.151209249e-05	7.109477227e-09	7.448039999e-09	0.9999684684	4.986943024e-09	
5.074583011e-09	4.968236025e-09	5.175741624e-09	0.9999999813	3.484979124e-09	
5.074583766e-09	4.968236739e-09	5.177002365e-09	0.9999999813	3.484979604e-09	
5.074619428e-09	5.025119345e-09	5.155727989e-09	0.9999999812	3.500619331e-09	
5.056337792e-09	4.968226304e-09	5.176991343e-09	0.9999999813	3.484972524e-09	
5.056373325e-09	5.02510879e-09	5.155717012e-09	0.9999999813	3.50061222e-09	
5.056374077e-09	5.025109512e-09	5.156972874e-09	0.9999999813	3.500612702e-09	
