4.616420481e-09	4.535976292e-09	0.9999999833	4.36537544e-09	3.181770307e-09	
4.616420481e-09	4.535976316e-09	0.9999999833	4.365375463e-09	3.181770311e-09	
4.616420481e-09	4.535976316e-09	0.9999999833	4.365375463e-09	3.181770311e-09	
4.616420481e-09	4.535976292e-09	0.9999999833	4.36537544e-09	3.181770307e-09	
4.61675249e-09	4.968574964e-09	0.9999999828	4.365686943e-09	3.276948357e-09	
4.616420481e-09	4.535976292e-09	0.9999999833	4.36537544e-09	3.181770307e-09	
4.616473899e-09	4.536028593e-09	0.9999999832	4.451558766e-09	3.181805672e-09	
4.616420481e-09	4.535976316e-09	0.9999999833	4.365375463e-09	3.181770311e-09	
4.616473899e-09	4.536028593e-09	0.9999999832	4.451558766e-09	3.181805672e-09	
4.616420481e-09	4.535976292e-09	0.9999999833	4.36537544e-09	3.181770307e-09	
4.616473899e-09	4.536028593e-09	0.9999999832	4.451558766e-09	3.181805672e-09	
4.616420481e-09	4.535976316e-09	0.9999999833	4.365375463e-09	3.181770311e-09	
4.616473899e-09	4.536028593e-09	0.9999999832	4.451558766e-09	3.181805672e-09	
1.498739508e-08	1.464424762e-08	0.9998587179	0.0001412421905	1.027220817e-08	
4.616367063e-09	4.535924016e-09	0.9999999834	4.280860667e-09	3.181734946e-09	
4.616367063e-09	4.535924016e-09	0.9999999834	4.280860667e-09	3.181734946e-09	
4.616367063e-09	4.535923991e-09	0.9999999834	4.280860645e-09	3.181734942e-09	
4.616699068e-09	4.968517676e-09	0.9999999829	4.281166117e-09	3.276911934e-09	
4.616367063e-09	4.535923991e-09	0.9999999834	4.280860645e-09	3.181734942e-09	
4.616420481e-09	4.535976292e-09	0.9999999833	4.36537544e-09	3.181770307e-09	
4.616367063e-09	4.535924016e-09	0.9999999834	4.280860667e-09	3.181734946e-09	
4.616420481e-09	4.535976292e-09	0.9999999833	4.36537544e-09	3.181770307e-09	
4.616367063e-09	4.535923991e-09	0.9999999834	4.280860645e-09	3.181734942e-09	
4.616420481e-09	4.535976292e-09	0.9999999833	4.36537544e-09	3.181770307e-09	
4.616367063e-09	4.535924016e-09	0.9999999834	4.280860667e-09	3.181734946e-09	
4.616420481e-09	4.535976292e-09	0.9999999833	4.36537544e-09	3.181770307e-09	
4.616367063e-09	4.53592404e-09	0.9999999834	4.28086069e-09	3.18173495e-09	
4.616367063e-09	4.535924016e-09	0.9999999834	4.280860667e-09	3.181734946e-09	
4.616699068e-09	4.968517703e-09	0.9999999829	4.28116614e-09	3.276911938e-09	
4.616367063e-09	4.535924016e-09	0.9999999834	4.280860667e-09	3.181734946e-09	
4.616420481e-09	4.535976316e-09	0.9999999833	4.365375463e-09	3.181770311e-09	
4.616367063e-09	4.53592404e-09	0.9999999834	4.28086069e-09	3.18173495e-09	
4.616420481e-09	4.535976316e-09	0.9999999833	4.365375463e-09	3.181770311e-09	
4.616367063e-09	4.535924016e-09	0.9999999834	4.280860667e-09	3.181734946e-09	
4.616420481e-09	4.535976316e-09	0.9999999833	4.365375463e-09	3.181770311e-09	
4.616420481e-09	4.535976316e-09	0.9999999833	4.365375463e-09	3.181770311e-09	
4.616367063e-09	4.535924016e-09	0.9999999834	4.280860667e-09	3.181734946e-09	
4.616699068e-09	4.968517703e-09	0.9999999829	4.28116614e-09	3.276911938e-09	
4.616367063e-09	4.535924016e-09	0.9999999834	4.280860667e-09	3.181734946e-09	
4.616420481e-09	4.535976316e-09	0.9999999833	4.365375463e-09	3.181770311e-09	
4.616420481e-09	4.535976316e-09	0.9999999833	4.365375463e-09	3.181770311e-09	
4.616367063e-09	4.535924016e-09	0.9999999834	4.280860667e-09	3.181734946e-09	
4.616420481e-09	4.535976316e-09	0.9999999833	4.365375463e-09	3.181770311e-09	
4.616367063e-09	4.53592404e-09	0.9999999834	4.28086069e-09	3.18173495e-09	
4.616420481e-09	4.535976316e-09	0.9999999833	4.365375463e-09	3.181770311e-09	
4.616699068e-09	4.968517676e-09	0.9999999829	4.281166117e-09	3.276911934e-09	
4.616367063e-09	4.535923991e-09	0.9999999834	4.280860645e-09	3.181734942e-09	
4.616420481e-09	4.535976292e-09	0.9999999833	4.36537544e-09	3.181770307e-09	
4.616367063e-09	4.535924016e-09	0.9999999834	4.280860667e-09	3.181734946e-09	
4.616420481e-09	4.535976292e-09	0.9999999833	4.36537544e-09	3.181770307e-09	
4.616367063e-09	4.535923991e-09	0.9999999834	4.280860645e-09	3.181734942e-09	
4.616420481e-09	4.535976292e-09	0.9999999833	4.36537544e-09	3.181770307e-09	
4.616367063e-09	4.535924016e-09	0.9999999834	4.280860667e-09	3.181734946e-09	
4.616420481e-09	4.535976292e-09	0.9999999833	4.36537544e-09	3.181770307e-09	
4.616699068e-09	4.968517676e-09	0.9999999829	4.281166117e-09	3.276911934e-09	
4.61675249e-09	4.968574964e-09	0.9999999828	4.365686943e-09	3.276948357e-09	
4.616699068e-09	4.968517703e-09	0.9999999829	4.28116614e-09	3.276911938e-09	
4.61675249e-09	4.968574964e-09	0.9999999828	4.365686943e-09	3.276948357e-09	
4.616699068e-09	4.968517676e-09	0.9999999829	4.281166117e-09	3.276911934e-09	
4.61675249e-09	4.968574964e-09	0.9999999828	4.365686943e-09	3.276948357e-09	
4.616699068e-09	4.968517703e-09	0.9999999829	4.28116614e-09	3.276911938e-09	
4.61675249e-09	4.968574964e-09	0.9999999828	4.365686943e-09	3.276948357e-09	
6.812495881e-08	0.0006666892366	0.9991201985	6.377834234e-08	0.000212980355	
4.616420481e-09	4.535976292e-09	0.9999999833	4.36537544e-09	3.181770307e-09	
4.616367063e-09	4.535924016e-09	0.9999999834	4.280860667e-09	3.181734946e-09	
4.616420481e-09	4.535976292e-09	0.9999999833	4.36537544e-09	3.181770307e-09	
4.616367063e-09	4.535923991e-09	0.9999999834	4.280860645e-09	3.181734942e-09	
4.616420481e-09	4.535976292e-09	0.9999999833	4.36537544e-09	3.181770307e-09	
4.616367063e-09	4.535924016e-09	0.9999999834	4.280860667e-09	3.181734946e-09	
4.616420481e-09	4.535976292e-09	0.9999999833	4.36537544e-09	3.181770307e-09	
4.616420481e-09	4.535976316e-09	0.9999999833	4.365375463e-09	3.181770311e-09	
4.616473899e-09	4.536028593e-09	0.9999999832	4.451558766e-09	3.181805672e-09	
4.616420481e-09	4.535976292e-09	0.9999999833	4.36537544e-09	3.181770307e-09	
4.616473899e-09	4.536028593e-09	0.9999999832	4.451558766e-09	3.181805672e-09	
4.616420481e-09	4.535976316e-09	0.9999999833	4.365375463e-09	3.181770311e-09	
4.616473899e-09	4.536028593e-09	0.9999999832	4.451558766e-09	3.181805672e-09	
1.498739508e-08	1.464424762e-08	0.9998587179	0.0001412421905	1.027220817e-08	
4.616420481e-09	4.535976316e-09	0.9999999833	4.365375463e-09	3.181770311e-09	
4.616367063e-09	4.535924016e-09	0.9999999834	4.280860667e-09	3.181734946e-09	
4.616420481e-09	4.535976316e-09	0.9999999833	4.365375463e-09	3.181770311e-09	
4.616367063e-09	4.53592404e-09	0.9999999834	4.28086069e-09	3.18173495e-09	
4.616420481e-09	4.535976316e-09	0.9999999833	4.365375463e-09	3.181770311e-09	
4.616420481e-09	4.535976292e-09	0.9999999833	4.36537544e-09	3.181770307e-09	
4.616473899e-09	4.536028593e-09	0.9999999832	4.451558766e-09	3.181805672e-09	
4.616420481e-09	4.535976316e-09	0.9999999833	4.365375463e-09	3.181770311e-09	
4.616473899e-09	4.536028593e-09	0.9999999832	4.451558766e-09	3.181805672e-09	
1.498739508e-08	1.464424762e-08	0.9998587179	0.0001412421905	1.027220817e-08	
4.616420481e-09	4.535976292e-09	0.9999999833	4.36537544e-09	3.181770307e-09	
4.616367063e-09	4.535924016e-09	0.9999999834	4.280860667e-09	3.181734946e-09	
4.616420481e-09	4.535976292e-09	0.9999999833	4.36537544e-09	3.181770307e-09	
4.616420481e-09	4.535976316e-09	0.9999999833	4.365375463e-09	3.181770311e-09	
4.616473899e-09	4.536028593e-09	0.9999999832	4.451558766e-09	3.181805672e-09	
1.498739508e-08	1.464424762e-08	0.9998587179	0.0001412421905	1.027220817e-08	
4.616420481e-09	4.535976316e-09	0.9999999833	4.365375463e-09	3.181770311e-09	
1.498739508e-08	1.464424762e-08	0.9998587179	0.0001412421905	1.027220817e-08	
2.681036759e-08	0.0006348526799	2.737644238e-08	2.566369196e-08	0.9993650675	
8.214349377e-09	0.9140628381	8.3724484e-09	7.699172684e-09	0.08593713764	
8.227332118e-09	0.9134285609	8.385701555e-09	7.711341196e-09	0.08657141479	
1.339123242e-08	0.8809170971	1.365758159e-08	6.06064318e-05	0.1190222694	
2.681036759e-08	0.000634854017	2.737644239e-08	2.566369196e-08	0.9993650661	
8.586815158e-09	0.895867833	8.748820473e-09	8.125282815e-09	0.1041321415	
9.713250998e-09	0.9348098632	7.937670286e-09	7.302088826e-09	0.06519011186	
9.25095006e-09	0.8959339804	9.306247647e-06	8.753751285e-09	0.1040566953	
8.249870792e-09	0.9123303058	8.408709973e-09	7.826113133e-09	0.08766966973	
8.052300384e-09	0.9219821961	8.205672837e-09	7.628734886e-09	0.07801777999	
8.391279849e-09	0.9054188326	8.554857874e-09	7.865006206e-09	0.09458114259	
2.425123946e-08	0.0005535246148	2.476833042e-08	2.296725763e-08	0.9994464034	
2.411171461e-08	0.0005490902964	2.462589091e-08	2.283511995e-08	0.9994508381	
2.854633817e-08	0.0003851811396	2.917340667e-08	0.0001305427888	0.9994842184	
6.810213469e-09	3.307744416e-08	6.968165399e-09	6.586905045e-09	0.9999999466	
2.092352862e-08	0.0004477616277	2.136169952e-08	2.000532502e-08	0.9995521761	
3.779556456e-08	0.0007461044459	3.094943781e-08	2.870963356e-08	0.9992537981	
2.255765226e-08	0.00044810902	2.273870095e-05	2.156781136e-08	0.9995291082	
2.387506857e-08	0.0005415638894	2.438430253e-08	2.288484181e-08	0.999458365	
2.618432214e-08	0.0006149559656	2.673739236e-08	2.506560564e-08	0.999384966	
2.251071766e-08	0.0004982080904	2.299627103e-08	2.131888651e-08	0.9995017251	
1.778039248e-08	0.0003478686773	1.815922881e-08	1.703867224e-08	0.9996520783	
8.428173763e-09	0.9019487239	8.592160974e-09	7.815615904e-09	0.09805125125	
2.425123946e-08	0.0005535257806	2.476833043e-08	2.296725764e-08	0.9994464022	
8.774064188e-09	0.8823592561	8.941425227e-09	8.214214058e-09	0.1176407179	
9.981348211e-09	0.9259354063	8.158422679e-09	7.423873171e-09	0.07406456816	
9.452781608e-09	0.8824337423	9.511224755e-06	8.849654747e-09	0.1175567282	
8.259125082e-09	0.9115267548	8.418153192e-09	7.741505654e-09	0.08847322077	
8.586139758e-09	0.8930012804	8.755301342e-09	7.962100494e-09	0.1069986943	
9.283328357e-09	0.853513487	9.463784387e-09	8.710691689e-09	0.1464864855	
2.411171462e-08	0.0005490914529	2.462589092e-08	2.283511996e-08	0.999450837	
8.785682469e-09	0.8815213139	8.953287051e-09	8.225091014e-09	0.1184786602	
9.998082166e-09	0.9253816037	8.172120474e-09	7.436319468e-09	0.07461837071	
9.465304835e-09	0.8815963079	9.523848735e-06	8.861378946e-09	0.1183941499	
8.462358786e-09	0.8999986846	8.62706909e-09	7.942354119e-09	0.1000012903	
8.598247859e-09	0.8922298818	8.767669467e-09	7.973328587e-09	0.1077700928	
9.293456922e-09	0.8525044251	9.474133043e-09	8.720195486e-09	0.1474955474	
2.854633819e-08	0.0003851819511	2.917340669e-08	0.0001305427889	0.9994842175	
1.411512464e-08	0.8391526398	1.439344015e-08	6.380830442e-05	0.1607835234	
1.520736031e-08	0.8392433848	1.531103689e-05	6.874606071e-05	0.1606725429	
1.369824269e-08	0.8632055613	1.397364098e-08	6.207974808e-05	0.1367323313	
1.344985342e-08	0.8775351826	1.371747823e-08	6.087461412e-05	0.1224039156	
1.475737889e-08	0.8020981468	1.505373615e-08	6.686293496e-05	0.1978349605	
1.529054552e-08	9.379569781e-05	1.562963037e-08	0.9998693403	3.683303267e-05	
1.534263469e-08	9.373961862e-05	1.562627284e-08	0.999869405	3.682444797e-05	
1.529053692e-08	9.373943018e-05	1.562624144e-08	0.9998694053	3.682437699e-05	
1.529051829e-08	9.385887681e-05	1.556905309e-08	0.9998692676	3.684269063e-05	
2.092352863e-08	0.0004477625709	2.136169953e-08	2.000532504e-08	0.9995521751	
3.779556456e-08	0.0007461060171	3.094943781e-08	2.870963356e-08	0.9992537965	
2.255765227e-08	0.0004481099639	2.273870096e-05	2.156781137e-08	0.9995291072	
2.387506858e-08	0.0005415650301	2.438430254e-08	2.288484181e-08	0.9994583638	
2.618432214e-08	0.0006149572608	2.673739236e-08	2.506560565e-08	0.9993849648	
2.251071767e-08	0.0004982091398	2.299627104e-08	2.131888652e-08	0.999501724	
1.778039249e-08	0.0003478694101	1.815922882e-08	1.703867225e-08	0.9996520776	
1.046270849e-08	0.91000663	8.548682784e-09	7.856352199e-09	0.08999334312	
9.809550295e-09	0.8585795238	9.866519983e-06	9.271527351e-09	0.1414105906	
8.805848492e-09	0.8800714252	8.973876087e-09	8.343811861e-09	0.1199285487	
8.62855244e-09	0.8928577376	8.79141549e-09	8.16516221e-09	0.1071422368	
8.931889585e-09	0.8709764666	9.104467968e-09	8.361968541e-09	0.129023507	
9.570044743e-09	0.8249537311	9.752437484e-09	9.065638156e-09	0.1750462405	
2.091833856e-08	0.0002187875952	2.134515403e-08	1.958360343e-08	0.9997811506	
1.127180684e-08	0.9100637422	9.093257565e-06	8.463925879e-09	0.08992714484	
1.002713639e-08	0.9244224397	8.195903473e-09	7.548251192e-09	0.07557753454	
9.772743128e-09	0.9328410587	7.986351116e-09	7.347159802e-09	0.0671589162	
1.020967715e-08	0.9183789694	8.347074487e-09	7.593697994e-09	0.08162100444	
1.115569455e-08	0.8870724325	9.118152982e-09	8.395704703e-09	0.1129275388	
0.001418628577	0.9983848993	8.587794818e-08	7.835416373e-08	0.0001963079227	
9.487041588e-09	0.8801472955	9.545760678e-06	8.989294173e-09	0.1198431403	
9.295937372e-09	0.8929257682	9.351578637e-06	8.796735985e-09	0.1070648622	
9.622901365e-09	0.8710577568	9.684743859e-06	9.008919629e-09	0.1289325398	
1.031079887e-08	0.8250604732	1.037438594e-05	9.767383109e-09	0.1749291324	
2.255206137e-08	0.0002189573837	2.272109347e-05	2.111315605e-08	0.9997582779	
8.294376171e-09	0.9097481422	8.454139828e-09	7.868703929e-09	0.09025183318	
9.311037769e-09	0.8507595581	9.492096201e-09	8.842500716e-09	0.1492404143	
8.434666078e-09	0.9026548235	8.599158617e-09	7.906044609e-09	0.09734515153	
9.156083358e-09	0.8661958509	9.332237527e-09	8.684010369e-09	0.133804122	
1.777507365e-08	0.0001699687003	1.814423649e-08	1.66786367e-08	0.9998299787	
0.9999999829	4.614278903e-09	4.762501093e-09	4.447349739e-09	3.231723416e-09	
0.9999946493	5.33721796e-06	5.160507412e-09	4.71888694e-09	3.605503787e-09	
0.999999983	4.614484543e-09	4.762441691e-09	4.35461717e-09	3.231684794e-09	
0.999999983	4.614484543e-09	4.762441691e-09	4.35461717e-09	3.231684794e-09	
0.999999983	4.614791667e-09	4.762442056e-09	4.354890877e-09	3.231685036e-09	
0.999999983	4.614791667e-09	4.762442056e-09	4.354890877e-09	3.231685036e-09	
0.9999999829	4.614544495e-09	4.762503876e-09	4.451487026e-09	3.231725231e-09	
0.999999983	4.614791667e-09	4.762442056e-09	4.354890877e-09	3.231685036e-09	
0.999999983	4.610805477e-09	4.762439624e-09	4.354888675e-09	3.231683398e-09	
0.9999949464	5.00065203e-09	5.160648607e-09	5.039932905e-06	3.501887232e-09	
0.999999983	4.614484543e-09	4.762441691e-09	4.35461717e-09	3.231684794e-09	
0.999999983	4.614791667e-09	4.762442056e-09	4.354890877e-09	3.231685036e-09	
0.9999999829	4.614278903e-09	4.762501093e-09	4.447349739e-09	3.231723416e-09	
0.9999946494	5.336980114e-06	5.16057178e-09	4.819376719e-09	3.605546877e-09	
0.9999999829	4.614278903e-09	4.762501093e-09	4.447349739e-09	3.231723416e-09	
0.9999999829	4.614278903e-09	4.762501093e-09	4.447349739e-09	3.231723416e-09	
0.9999999829	4.614586014e-09	4.762501458e-09	4.447629276e-09	3.231723658e-09	
0.9999999829	4.614586014e-09	4.762501458e-09	4.447629276e-09	3.231723658e-09	
0.9999999828	4.614338852e-09	4.762563279e-09	4.546282462e-09	3.231763852e-09	
0.9999999829	4.614586014e-09	4.762501458e-09	4.447629276e-09	3.231723658e-09	
0.9999999829	4.610600001e-09	4.762499026e-09	4.447627027e-09	3.231722019e-09	
0.9999948391	5.000428645e-09	5.160712423e-09	5.147258878e-06	3.501928707e-09	
0.9999999829	4.614278903e-09	4.762501093e-09	4.447349739e-09	3.231723416e-09	
0.9999999829	4.614586014e-09	4.762501458e-09	4.447629276e-09	3.231723658e-09	
0.9999999828	4.614073273e-09	4.762560496e-09	4.54205707e-09	3.231762037e-09	
0.9998473585	1.551376345e-08	1.617760828e-08	0.0001525989066	1.087407623e-08	
0.9999946493	5.33721796e-06	5.160507412e-09	4.71888694e-09	3.605503787e-09	
0.9999946493	5.33721796e-06	5.160507412e-09	4.71888694e-09	3.605503787e-09	
0.9999946489	5.337573185e-06	5.160507806e-09	4.719183542e-09	3.605504056e-09	
0.9999946489	5.337573185e-06	5.160507806e-09	4.719183542e-09	3.605504056e-09	
0.9999946491	5.337287302e-06	5.160574794e-09	4.823860095e-09	3.605548901e-09	
0.9999946489	5.337573185e-06	5.160507806e-09	4.719183542e-09	3.605504056e-09	
0.9999887451	5.783863057e-06	5.591993354e-09	5.46152555e-06	3.906957988e-09	
0.9999946493	5.33721796e-06	5.160507412e-09	4.71888694e-09	3.605503787e-09	
0.9999946489	5.337573185e-06	5.160507806e-09	4.719183542e-09	3.605504056e-09	
0.9999946494	5.336980114e-06	5.16057178e-09	4.819376719e-09	3.605546877e-09	
0.999999983	4.614484543e-09	4.762441691e-09	4.35461717e-09	3.231684794e-09	
0.999999983	4.614791667e-09	4.762442056e-09	4.354890877e-09	3.231685036e-09	
0.999999983	4.614791667e-09	4.762442056e-09	4.354890877e-09	3.231685036e-09	
0.9999999829	4.614544495e-09	4.762503876e-09	4.451487026e-09	3.231725231e-09	
0.999999983	4.614791667e-09	4.762442056e-09	4.354890877e-09	3.231685036e-09	
0.999999983	4.610805477e-09	4.762439624e-09	4.354888675e-09	3.231683398e-09	
0.9999949464	5.00065203e-09	5.160648607e-09	5.039932905e-06	3.501887232e-09	
0.999999983	4.614484543e-09	4.762441691e-09	4.35461717e-09	3.231684794e-09	
0.999999983	4.614791667e-09	4.762442056e-09	4.354890877e-09	3.231685036e-09	
0.9999999829	4.614278903e-09	4.762501093e-09	4.447349739e-09	3.231723416e-09	
0.999999983	4.614791667e-09	4.762442056e-09	4.354890877e-09	3.231685036e-09	
0.999999983	4.614791667e-09	4.762442056e-09	4.354890877e-09	3.231685036e-09	
0.9999999829	4.614544495e-09	4.762503876e-09	4.451487026e-09	3.231725231e-09	
0.999999983	4.614791667e-09	4.762442056e-09	4.354890877e-09	3.231685036e-09	
0.999999983	4.610805477e-09	4.762439624e-09	4.354888675e-09	3.231683398e-09	
0.9999949464	5.00065203e-09	5.160648607e-09	5.039932905e-06	3.501887232e-09	
0.999999983	4.614484543e-09	4.762441691e-09	4.35461717e-09	3.231684794e-09	
0.999999983	4.614791667e-09	4.762442056e-09	4.354890877e-09	3.231685036e-09	
0.9999999829	4.614278903e-09	4.762501093e-09	4.447349739e-09	3.231723416e-09	
0.999999983	4.615098811e-09	4.762442422e-09	4.355164602e-09	3.231685278e-09	
0.9999999829	4.614851623e-09	4.762504241e-09	4.451766823e-09	3.231725472e-09	
0.999999983	4.615098811e-09	4.762442422e-09	4.355164602e-09	3.231685278e-09	
0.999999983	4.611112356e-09	4.762439989e-09	4.3551624e-09	3.23168364e-09	
0.9999949461	5.000984854e-09	5.160649002e-09	5.040249687e-06	3.501887493e-09	
0.999999983	4.614791667e-09	4.762442056e-09	4.354890877e-09	3.231685036e-09	
0.9999999829	4.614586014e-09	4.762501458e-09	4.447629276e-09	3.231723658e-09	
0.9999999829	4.614851623e-09	4.762504241e-09	4.451766823e-09	3.231725472e-09	
0.999999983	4.611112356e-09	4.762439989e-09	4.3551624e-09	3.23168364e-09	
0.9999949461	5.000984854e-09	5.160649002e-09	5.040249687e-06	3.501887493e-09	
0.999999983	4.614791667e-09	4.762442056e-09	4.354890877e-09	3.231685036e-09	
0.999999983	4.615098811e-09	4.762442422e-09	4.355164602e-09	3.231685278e-09	
0.9999999829	4.614586014e-09	4.762501458e-09	4.447629276e-09	3.231723658e-09	
0.9999999829	4.614851623e-09	4.762504241e-09	4.451766823e-09	3.231725472e-09	
0.9999999829	4.610865381e-09	4.762501809e-09	4.451764572e-09	3.231723834e-09	
0.9999999829	4.614544495e-09	4.762503876e-09	4.451487026e-09	3.231725231e-09	
0.9999999829	4.614851623e-09	4.762504241e-09	4.451766823e-09	3.231725472e-09	
0.9999999828	4.614338852e-09	4.762563279e-09	4.546282462e-09	3.231763852e-09	
0.9998472166	1.55146542e-08	1.617761543e-08	0.0001527408448	1.087408079e-08	
0.999999983	4.611112356e-09	4.762439989e-09	4.3551624e-09	3.23168364e-09	
0.9999949461	5.000984854e-09	5.160649002e-09	5.040249687e-06	3.501887493e-09	
0.999999983	4.614791667e-09	4.762442056e-09	4.354890877e-09	3.231685036e-09	
0.999999983	4.615098811e-09	4.762442422e-09	4.355164602e-09	3.231685278e-09	
0.9999999829	4.614586014e-09	4.762501458e-09	4.447629276e-09	3.231723658e-09	
0.9999949461	4.996665077e-09	5.160646366e-09	5.040247138e-06	3.501885718e-09	
0.999999983	4.610805477e-09	4.762439624e-09	4.354888675e-09	3.231683398e-09	
0.999999983	4.611112356e-09	4.762439989e-09	4.3551624e-09	3.23168364e-09	
0.9999999829	4.610600001e-09	4.762499026e-09	4.447627027e-09	3.231722019e-09	
0.9999949464	5.00065203e-09	5.160648607e-09	5.039932905e-06	3.501887232e-09	
0.9999949461	5.000984854e-09	5.160649002e-09	5.040249687e-06	3.501887493e-09	
0.9999948391	5.000428645e-09	5.160712423e-09	5.147258878e-06	3.501928707e-09	
0.001064016535	6.787143068e-08	7.009886554e-08	0.9989357979	4.756719973e-08	
0.999999983	4.614791667e-09	4.762442056e-09	4.354890877e-09	3.231685036e-09	
0.9999999829	4.614278903e-09	4.762501093e-09	4.447349739e-09	3.231723416e-09	
0.9999999829	4.614586014e-09	4.762501458e-09	4.447629276e-09	3.231723658e-09	
0.9998473585	1.551376345e-08	1.617760828e-08	0.0001525989066	1.087407623e-08	
6.803025553e-09	6.684477817e-09	6.909815178e-09	6.308593379e-09	0.9999999733	
6.803025553e-09	6.684477817e-09	6.909815178e-09	6.308593379e-09	0.9999999733	
6.803025553e-09	6.684477817e-09	6.909815178e-09	6.308593379e-09	0.9999999733	
6.803025553e-09	6.684477817e-09	6.909815178e-09	6.308593379e-09	0.9999999733	
6.803025553e-09	6.684477817e-09	6.909815178e-09	6.308593379e-09	0.9999999733	
6.803025553e-09	6.684477278e-09	6.909815156e-09	6.308593378e-09	0.9999999733	
6.803025553e-09	6.684477817e-09	6.909815178e-09	6.308593379e-09	0.9999999733	
6.803025553e-09	6.684477278e-09	6.909815156e-09	6.308593378e-09	0.9999999733	
6.803025553e-09	6.684477278e-09	6.909815156e-09	6.308593378e-09	0.9999999733	
6.803025553e-09	6.684477817e-09	6.909815178e-09	6.308593379e-09	0.9999999733	
6.803025553e-09	6.684477817e-09	6.909815178e-09	6.308593379e-09	0.9999999733	
6.803025553e-09	6.684477817e-09	6.909815178e-09	6.308593379e-09	0.9999999733	
6.803025553e-09	6.684477817e-09	6.909815178e-09	6.308593379e-09	0.9999999733	
6.803371771e-09	7.263996229e-09	6.931966604e-09	6.308912343e-09	0.9999999727	
6.803025553e-09	6.684477817e-09	6.909815178e-09	6.308593379e-09	0.9999999733	
6.803025553e-09	6.684477817e-09	6.909815178e-09	6.308593379e-09	0.9999999733	
6.803025553e-09	6.684477817e-09	6.909815178e-09	6.308593379e-09	0.9999999733	
6.803025553e-09	6.684477817e-09	6.909815178e-09	6.308593379e-09	0.9999999733	
6.803025553e-09	6.684477278e-09	6.909815156e-09	6.308593378e-09	0.9999999733	
6.803025553e-09	6.684477817e-09	6.909815178e-09	6.308593379e-09	0.9999999733	
6.803025553e-09	6.684477278e-09	6.909815156e-09	6.308593378e-09	0.9999999733	
6.803025553e-09	6.684477278e-09	6.909815156e-09	6.308593378e-09	0.9999999733	
6.803025553e-09	6.684477817e-09	6.909815178e-09	6.308593379e-09	0.9999999733	
6.803025553e-09	6.684477817e-09	6.909815178e-09	6.308593379e-09	0.9999999733	
6.803025553e-09	6.684477817e-09	6.909815178e-09	6.308593379e-09	0.9999999733	
6.803025553e-09	6.684477817e-09	6.909815178e-09	6.308593379e-09	0.9999999733	
6.803371771e-09	7.263996229e-09	6.931966604e-09	6.308912343e-09	0.9999999727	
6.803025553e-09	6.684477817e-09	6.909815178e-09	6.308593379e-09	0.9999999733	
6.803025553e-09	6.684477817e-09	6.909815178e-09	6.308593379e-09	0.9999999733	
6.803025553e-09	6.684477817e-09	6.909815178e-09	6.308593379e-09	0.9999999733	
6.803025553e-09	6.684477278e-09	6.909815156e-09	6.308593378e-09	0.9999999733	
6.803025553e-09	6.684477817e-09	6.909815178e-09	6.308593379e-09	0.9999999733	
6.803025553e-09	6.684477278e-09	6.909815156e-09	6.308593378e-09	0.9999999733	
6.803025553e-09	6.684477278e-09	6.909815156e-09	6.308593378e-09	0.9999999733	
6.803025553e-09	6.684477817e-09	6.909815178e-09	6.308593379e-09	0.9999999733	
6.803025553e-09	6.684477817e-09	6.909815178e-09	6.308593379e-09	0.9999999733	
6.803025553e-09	6.684477817e-09	6.909815178e-09	6.308593379e-09	0.9999999733	
6.803025553e-09	6.684477817e-09	6.909815178e-09	6.308593379e-09	0.9999999733	
6.803371771e-09	7.263996229e-09	6.931966604e-09	6.308912343e-09	0.9999999727	
6.803025553e-09	6.684477817e-09	6.909815178e-09	6.308593379e-09	0.9999999733	
6.803025553e-09	6.684477817e-09	6.909815178e-09	6.308593379e-09	0.9999999733	
6.803025553e-09	6.684477278e-09	6.909815156e-09	6.308593378e-09	0.9999999733	
6.803025553e-09	6.684477817e-09	6.909815178e-09	6.308593379e-09	0.9999999733	
6.803025553e-09	6.684477278e-09	6.909815156e-09	6.308593378e-09	0.9999999733	
6.803025553e-09	6.684477278e-09	6.909815156e-09	6.308593378e-09	0.9999999733	
6.803025553e-09	6.684477817e-09	6.909815178e-09	6.308593379e-09	0.9999999733	
6.803025553e-09	6.684477817e-09	6.909815178e-09	6.308593379e-09	0.9999999733	
6.803025553e-09	6.684477817e-09	6.909815178e-09	6.308593379e-09	0.9999999733	
6.803025553e-09	6.684477817e-09	6.909815178e-09	6.308593379e-09	0.9999999733	
6.803371771e-09	7.263996229e-09	6.931966604e-09	6.308912343e-09	0.9999999727	
6.803025553e-09	6.684477817e-09	6.909815178e-09	6.308593379e-09	0.9999999733	
6.803025553e-09	6.684477278e-09	6.909815156e-09	6.308593378e-09	0.9999999733	
6.803025553e-09	6.684477817e-09	6.909815178e-09	6.308593379e-09	0.9999999733	
6.803025553e-09	6.684477278e-09	6.909815156e-09	6.308593378e-09	0.9999999733	
6.803025553e-09	6.684477278e-09	6.909815156e-09	6.308593378e-09	0.9999999733	
6.803025553e-09	6.684477817e-09	6.909815178e-09	6.308593379e-09	0.9999999733	
6.803025553e-09	6.684477817e-09	6.909815178e-09	6.308593379e-09	0.9999999733	
6.803025553e-09	6.684477817e-09	6.909815178e-09	6.308593379e-09	0.9999999733	
6.803025553e-09	6.684477817e-09	6.909815178e-09	6.308593379e-09	0.9999999733	
6.803371771e-09	7.263996229e-09	6.931966604e-09	6.308912343e-09	0.9999999727	
6.803025553e-09	6.684477278e-09	6.909815156e-09	6.308593378e-09	0.9999999733	
6.803025553e-09	6.684477817e-09	6.909815178e-09	6.308593379e-09	0.9999999733	
6.803025553e-09	6.684477278e-09	6.909815156e-09	6.308593378e-09	0.9999999733	
6.803025553e-09	6.684477278e-09	6.909815156e-09	6.308593378e-09	0.9999999733	
6.803025553e-09	6.684477817e-09	6.909815178e-09	6.308593379e-09	0.9999999733	
6.803025553e-09	6.684477817e-09	6.909815178e-09	6.308593379e-09	0.9999999733	
6.803025553e-09	6.684477817e-09	6.909815178e-09	6.308593379e-09	0.9999999733	
6.803025553e-09	6.684477817e-09	6.909815178e-09	6.308593379e-09	0.9999999733	
6.803371771e-09	7.263996229e-09	6.931966604e-09	6.308912343e-09	0.9999999727	
6.803025553e-09	6.684477278e-09	6.909815156e-09	6.308593378e-09	0.9999999733	
6.803025552e-09	6.68447674e-09	6.909815135e-09	6.308593378e-09	0.9999999733	
6.803025552e-09	6.68447674e-09	6.909815135e-09	6.308593378e-09	0.9999999733	
6.803025553e-09	6.684477278e-09	6.909815156e-09	6.308593378e-09	0.9999999733	
6.803025553e-09	6.684477278e-09	6.909815156e-09	6.308593378e-09	0.9999999733	
6.803025553e-09	6.684477278e-09	6.909815156e-09	6.308593378e-09	0.9999999733	
6.803025553e-09	6.684477278e-09	6.909815156e-09	6.308593378e-09	0.9999999733	
6.803025553e-09	6.684477278e-09	6.909815156e-09	6.308593378e-09	0.9999999733	
6.803025553e-09	6.684477278e-09	6.909815156e-09	6.308593378e-09	0.9999999733	
6.803025553e-09	6.684477817e-09	6.909815178e-09	6.308593379e-09	0.9999999733	
6.803025553e-09	6.684477817e-09	6.909815178e-09	6.308593379e-09	0.9999999733	
6.803025553e-09	6.684477817e-09	6.909815178e-09	6.308593379e-09	0.9999999733	
6.803025553e-09	6.684477817e-09	6.909815178e-09	6.308593379e-09	0.9999999733	
6.803371771e-09	7.263996229e-09	6.931966604e-09	6.308912343e-09	0.9999999727	
6.803025552e-09	6.68447674e-09	6.909815135e-09	6.308593378e-09	0.9999999733	
6.803025553e-09	6.684477278e-09	6.909815156e-09	6.308593378e-09	0.9999999733	
6.803025553e-09	6.684477278e-09	6.909815156e-09	6.308593378e-09	0.9999999733	
6.803025553e-09	6.684477278e-09	6.909815156e-09	6.308593378e-09	0.9999999733	
6.803025553e-09	6.684477278e-09	6.909815156e-09	6.308593378e-09	0.9999999733	
6.803025553e-09	6.684477278e-09	6.909815156e-09	6.308593378e-09	0.9999999733	
6.803025553e-09	6.684477278e-09	6.909815156e-09	6.308593378e-09	0.9999999733	
6.803025553e-09	6.684477278e-09	6.909815156e-09	6.308593378e-09	0.9999999733	
6.803025553e-09	6.684477278e-09	6.909815156e-09	6.308593378e-09	0.9999999733	
6.803025553e-09	6.684477817e-09	6.909815178e-09	6.308593379e-09	0.9999999733	
6.803025553e-09	6.684477817e-09	6.909815178e-09	6.308593379e-09	0.9999999733	
6.803025553e-09	6.684477817e-09	6.909815178e-09	6.308593379e-09	0.9999999733	
6.803371771e-09	7.263996229e-09	6.931966604e-09	6.308912343e-09	0.9999999727	
6.803025553e-09	6.684477817e-09	6.909815178e-09	6.308593379e-09	0.9999999733	
6.803025553e-09	6.684477817e-09	6.909815178e-09	6.308593379e-09	0.9999999733	
6.803371771e-09	7.263996229e-09	6.931966604e-09	6.308912343e-09	0.9999999727	
6.803025553e-09	6.684477817e-09	6.909815178e-09	6.308593379e-09	0.9999999733	
6.803371771e-09	7.263996229e-09	6.931966604e-09	6.308912343e-09	0.9999999727	
6.803371771e-09	7.263996229e-09	6.931966604e-09	6.308912343e-09	0.9999999727	
5.056370517e-09	5.021714542e-09	5.155714321e-09	0.9999999813	3.499686532e-09	
5.07461651e-09	5.021725102e-09	5.155725247e-09	0.9999999812	3.499693644e-09	
5.784750301e-09	5.02211322e-09	5.156124984e-09	0.9999999805	3.499955839e-09	
5.056370517e-09	5.021714542e-09	5.155714321e-09	0.9999999813	3.499686532e-09	
5.07461651e-09	5.021725102e-09	5.155725247e-09	0.9999999812	3.499693644e-09	
7.409172037e-09	7.31742654e-09	3.397857857e-05	0.9999660016	5.099578612e-09	
5.07365191e-09	5.072767227e-09	5.174710994e-09	0.9999999812	3.513659309e-09	
5.056382712e-09	5.021726595e-09	5.177037661e-09	0.9999999812	3.499694666e-09	
5.056383088e-09	5.021727447e-09	5.178467491e-09	0.9999999812	3.499695219e-09	
5.05642371e-09	5.072757029e-09	5.174700594e-09	0.9999999812	3.513652536e-09	
5.0736092e-09	5.021735254e-09	5.17466731e-09	0.9999999812	3.49970048e-09	
5.056370483e-09	5.021714533e-09	5.155714312e-09	0.9999999813	3.499686531e-09	
5.074628094e-09	5.021736455e-09	5.175787917e-09	0.9999999812	3.499701299e-09	
5.05638196e-09	5.021725908e-09	5.175776898e-09	0.9999999812	3.49969419e-09	
5.056382712e-09	5.02172663e-09	5.177037647e-09	0.9999999812	3.499694672e-09	
5.056418246e-09	5.079221643e-09	5.155763126e-09	0.9999999812	3.515400442e-09	
5.075717985e-09	4.96822618e-09	5.156935742e-09	0.9999999813	3.484972294e-09	
5.074559943e-09	4.968213581e-09	5.13569446e-09	0.9999999813	3.484963747e-09	
5.784685817e-09	4.968597564e-09	5.136092645e-09	0.9999999806	3.485224838e-09	
5.074559943e-09	4.968213581e-09	5.13569446e-09	0.9999999813	3.484963747e-09	
5.073595353e-09	5.018711802e-09	5.154606445e-09	0.9999999813	3.498870632e-09	
5.056326348e-09	4.968215058e-09	5.156924072e-09	0.9999999813	3.484964765e-09	
5.056326724e-09	4.968215902e-09	5.158348347e-09	0.9999999813	3.484965315e-09	
5.056367345e-09	5.018701712e-09	5.154596085e-09	0.9999999813	3.498863887e-09	
5.073552644e-09	4.968223625e-09	5.154562931e-09	0.9999999813	3.484970555e-09	
5.056314119e-09	4.968203125e-09	5.135683568e-09	0.9999999814	3.484956664e-09	
5.074571527e-09	4.968224814e-09	5.155679184e-09	0.9999999813	3.484971371e-09	
5.056325596e-09	4.968214379e-09	5.155668207e-09	0.9999999813	3.484964291e-09	
5.056326348e-09	4.968215093e-09	5.156924058e-09	0.9999999813	3.484964771e-09	
5.056361882e-09	5.02509744e-09	5.135732192e-09	0.9999999813	3.500604437e-09	
5.094033794e-09	4.968236627e-09	5.156946671e-09	0.9999999813	3.484979376e-09	
5.075717985e-09	4.96822618e-09	5.156935742e-09	0.9999999813	3.484972294e-09	
5.094033794e-09	4.968236627e-09	5.156946671e-09	0.9999999813	3.484979376e-09	
7.4375221e-09	7.239485539e-09	3.398662804e-05	0.9999659936	5.078137675e-09	
5.093065503e-09	5.018735082e-09	5.175936916e-09	0.9999999812	3.498886323e-09	
5.075730227e-09	4.968238104e-09	5.178264134e-09	0.9999999813	3.484980393e-09	
5.075730604e-09	4.968238948e-09	5.179694303e-09	0.9999999813	3.484980944e-09	
5.075771382e-09	5.018724991e-09	5.175926513e-09	0.9999999812	3.498879578e-09	
5.093022629e-09	4.968246671e-09	5.175893222e-09	0.9999999813	3.484986183e-09	
5.075717951e-09	4.968226171e-09	5.156935734e-09	0.9999999813	3.484972292e-09	
5.094045423e-09	4.968247859e-09	5.177014094e-09	0.9999999813	3.484986999e-09	
3.151921155e-05	7.109479179e-09	7.449855206e-09	0.9999684612	4.986944128e-09	
5.075729472e-09	4.968237425e-09	5.177003072e-09	0.9999999813	3.48497992e-09	
5.075730227e-09	4.968238138e-09	5.17826412e-09	0.9999999813	3.4849804e-09	
5.075765897e-09	5.025120749e-09	5.156984559e-09	0.9999999812	3.500620136e-09	
5.805559948e-09	4.968608012e-09	5.136103529e-09	0.9999999806	3.48523192e-09	
5.074559943e-09	4.968213581e-09	5.13569446e-09	0.9999999813	3.484963747e-09	
5.092871573e-09	4.968224029e-09	5.135705344e-09	0.9999999813	3.484970829e-09	
5.091903502e-09	5.018722355e-09	5.154617369e-09	0.9999999812	3.498877742e-09	
5.074572182e-09	4.968225506e-09	5.156935001e-09	0.9999999813	3.484971846e-09	
5.074572559e-09	4.968226349e-09	5.158359279e-09	0.9999999813	3.484972397e-09	
5.074613327e-09	5.018712265e-09	5.154607009e-09	0.9999999813	3.498870997e-09	
5.091860639e-09	4.968234072e-09	5.154573854e-09	0.9999999813	3.484977636e-09	
5.074559908e-09	4.968213573e-09	5.135694452e-09	0.9999999813	3.484963746e-09	
5.092883199e-09	4.968235261e-09	5.15569011e-09	0.9999999813	3.484978452e-09	
3.151202056e-05	7.109461202e-09	7.419169502e-09	0.9999684685	4.986931933e-09	
5.074571427e-09	4.968224826e-09	5.155679133e-09	0.9999999813	3.484971373e-09	
5.074572182e-09	4.96822554e-09	5.156934987e-09	0.9999999813	3.484971853e-09	
5.074607844e-09	5.025108006e-09	5.135743075e-09	0.9999999813	3.500611551e-09	
5.784685817e-09	4.968597564e-09	5.136092645e-09	0.9999999806	3.485224838e-09	
5.805559948e-09	4.968608012e-09	5.136103529e-09	0.9999999806	3.48523192e-09	
5.804456407e-09	5.019110241e-09	5.15501702e-09	0.9999999805	3.499139876e-09	
5.784699769e-09	4.968609489e-09	5.157334832e-09	0.9999999806	3.485232938e-09	
5.784746672e-09	5.01910015e-09	5.155006659e-09	0.9999999805	3.49913313e-09	
5.804407545e-09	4.968618056e-09	5.154973503e-09	0.9999999806	3.485238728e-09	
5.784685778e-09	4.968597555e-09	5.136092636e-09	0.9999999806	3.485224837e-09	
5.805573201e-09	4.968619245e-09	5.156089845e-09	0.9999999806	3.485239544e-09	
5.784698909e-09	4.96860881e-09	5.156078867e-09	0.9999999806	3.485232465e-09	
5.784699769e-09	4.968609523e-09	5.157334818e-09	0.9999999806	3.485232945e-09	
5.784740421e-09	5.025496386e-09	5.136141264e-09	0.9999999806	3.500873814e-09	
5.074559943e-09	4.968213581e-09	5.13569446e-09	0.9999999813	3.484963747e-09	
5.073595353e-09	5.018711802e-09	5.154606445e-09	0.9999999813	3.498870632e-09	
5.056326348e-09	4.968215058e-09	5.156924072e-09	0.9999999813	3.484964765e-09	
5.056326724e-09	4.968215902e-09	5.158348347e-09	0.9999999813	3.484965315e-09	
5.056367345e-09	5.018701712e-09	5.154596085e-09	0.9999999813	3.498863887e-09	
5.073552644e-09	4.968223625e-09	5.154562931e-09	0.9999999813	3.484970555e-09	
5.056314119e-09	4.968203125e-09	5.135683568e-09	0.9999999814	3.484956664e-09	
5.074571527e-09	4.968224814e-09	5.155679184e-09	0.9999999813	3.484971371e-09	
5.056325596e-09	4.968214379e-09	5.155668207e-09	0.9999999813	3.484964291e-09	
5.056326348e-09	4.968215093e-09	5.156924058e-09	0.9999999813	3.484964771e-09	
5.056361882e-09	5.02509744e-09	5.135732192e-09	0.9999999813	3.500604437e-09	
5.091903502e-09	5.018722355e-09	5.154617369e-09	0.9999999812	3.498877742e-09	
5.074572182e-09	4.968225506e-09	5.156935001e-09	0.9999999813	3.484971846e-09	
5.074572559e-09	4.968226349e-09	5.158359279e-09	0.9999999813	3.484972397e-09	
5.074613327e-09	5.018712265e-09	5.154607009e-09	0.9999999813	3.498870997e-09	
5.091860639e-09	4.968234072e-09	5.154573854e-09	0.9999999813	3.484977636e-09	
5.074559908e-09	4.968213573e-09	5.135694452e-09	0.9999999813	3.484963746e-09	
5.092883199e-09	4.968235261e-09	5.15569011e-09	0.9999999813	3.484978452e-09	
3.151202056e-05	7.109461202e-09	7.419169502e-09	0.9999684685	4.986931933e-09	
5.074571427e-09	4.968224826e-09	5.155679133e-09	0.9999999813	3.484971373e-09	
5.074572182e-09	4.96822554e-09	5.156934987e-09	0.9999999813	3.484971853e-09	
5.074607844e-09	5.025108006e-09	5.135743075e-09	0.9999999813	3.500611551e-09	
7.43441189e-09	7.313051129e-09	3.39712774e-05	0.9999660089	5.098389758e-09	
7.409107258e-09	7.239469335e-09	3.398655113e-05	0.9999659937	5.078126704e-09	
7.409107738e-09	7.239470496e-09	3.399593745e-05	0.9999659843	5.078127459e-09	
7.409167444e-09	7.313036426e-09	3.397120912e-05	0.999966009	5.09837993e-09	
7.43434931e-09	7.23948193e-09	3.397099063e-05	0.9999660093	5.07813522e-09	
7.435842239e-09	7.239483609e-09	3.397834701e-05	0.9999660019	5.078136371e-09	
4.600763707e-05	1.035927474e-08	4.889426946e-05	0.9999050805	7.26649417e-09	
7.409106217e-09	7.239468404e-09	3.397827467e-05	0.999966002	5.078126056e-09	
7.409107258e-09	7.239469385e-09	3.398655104e-05	0.9999659937	5.078126714e-09	
5.07360759e-09	5.018723847e-09	5.175925203e-09	0.9999999812	3.498878764e-09	
5.073607967e-09	5.018724699e-09	5.177354726e-09	0.9999999812	3.498879317e-09	
5.073648727e-09	5.069723767e-09	5.173588638e-09	0.9999999812	3.512833379e-09	
5.09089276e-09	5.018732501e-09	5.173555362e-09	0.9999999812	3.498884577e-09	
5.073595318e-09	5.018711793e-09	5.154606437e-09	0.9999999813	3.49887063e-09	
3.150603083e-05	7.181723666e-09	7.446490335e-09	0.9999684743	5.006832511e-09	
5.073606835e-09	5.018723161e-09	5.174664711e-09	0.9999999812	3.498878288e-09	
5.07360759e-09	5.018723882e-09	5.175925189e-09	0.9999999812	3.49887877e-09	
5.073643245e-09	5.076184517e-09	5.154655239e-09	0.9999999812	3.514580879e-09	
5.056338919e-09	4.968227826e-09	5.179682582e-09	0.9999999813	3.484973414e-09	
5.056379541e-09	5.018713757e-09	5.1759148e-09	0.9999999813	3.498872019e-09	
5.07356488e-09	4.968235549e-09	5.175881509e-09	0.9999999813	3.484978654e-09	
5.056326314e-09	4.96821505e-09	5.156924064e-09	0.9999999813	3.484964763e-09	
5.074583766e-09	4.968236738e-09	5.177002379e-09	0.9999999813	3.48497947e-09	
5.056337791e-09	4.968226303e-09	5.176991357e-09	0.9999999813	3.48497239e-09	
5.056338544e-09	4.968227017e-09	5.178252402e-09	0.9999999813	3.48497287e-09	
5.056379916e-09	5.018714609e-09	5.17734432e-09	0.9999999812	3.498872571e-09	
5.073565257e-09	4.968236393e-09	5.17731102e-09	0.9999999813	3.484979205e-09	
5.056326689e-09	4.968215893e-09	5.158348339e-09	0.9999999813	3.484965314e-09	
5.074584143e-09	4.968237581e-09	5.1784322e-09	0.9999999813	3.48498002e-09	
5.056338167e-09	4.968227147e-09	5.178421174e-09	0.9999999813	3.484972941e-09	
5.056374452e-09	5.025110354e-09	5.158397177e-09	0.9999999813	3.500613126e-09	
5.073606017e-09	5.018722411e-09	5.173544964e-09	0.9999999812	3.498877832e-09	
5.056367311e-09	5.018701703e-09	5.154596076e-09	0.9999999813	3.498863885e-09	
5.074624911e-09	5.018723612e-09	5.174665328e-09	0.9999999812	3.498878651e-09	
5.056378789e-09	5.018713071e-09	5.17465431e-09	0.9999999813	3.498871543e-09	
5.056379541e-09	5.018713792e-09	5.175914786e-09	0.9999999813	3.498872025e-09	
5.056415074e-09	5.076174311e-09	5.154644879e-09	0.9999999812	3.514574103e-09	
5.073552609e-09	4.968223616e-09	5.154562922e-09	0.9999999813	3.484970553e-09	
5.091872262e-09	4.968245305e-09	5.174632044e-09	0.9999999813	3.48498526e-09	
3.150576562e-05	7.109475619e-09	7.446427475e-09	0.9999684747	4.986941706e-09	
5.073564126e-09	4.96823487e-09	5.174621027e-09	0.9999999813	3.48497818e-09	
5.073564881e-09	4.968235584e-09	5.175881495e-09	0.9999999813	3.48497866e-09	
5.073600535e-09	5.025118165e-09	5.154611725e-09	0.9999999812	3.500618389e-09	
5.074571492e-09	4.968224805e-09	5.155679175e-09	0.9999999813	3.484971369e-09	
5.056325562e-09	4.96821437e-09	5.155668199e-09	0.9999999813	3.48496429e-09	
5.056326314e-09	4.968215084e-09	5.15692405e-09	0.9999999813	3.48496477e-09	
5.056361847e-09	5.025097431e-09	5.135732183e-09	0.9999999813	3.500604435e-09	
3.151209249e-05	7.109477275e-09	7.448039999e-09	0.9999684684	4.986942842e-09	
5.074583011e-09	4.968236059e-09	5.175741624e-09	0.9999999813	3.484978996e-09	
5.074583766e-09	4.968236772e-09	5.177002365e-09	0.9999999813	3.484979476e-09	
5.074619428e-09	5.025119367e-09	5.155727989e-09	0.9999999812	3.500619208e-09	
5.056337792e-09	4.968226338e-09	5.176991343e-09	0.9999999813	3.484972397e-09	
5.056373325e-09	5.025108813e-09	5.155717012e-09	0.9999999813	3.500612097e-09	
5.056374077e-09	5.025109535e-09	5.156972874e-09	0.9999999813	3.500612579e-09	
