4.616420481e-09	4.535976368e-09	0.9999999833	4.36537544e-09	3.181770018e-09	
4.616420481e-09	4.535976393e-09	0.9999999833	4.365375463e-09	3.181770022e-09	
4.616420481e-09	4.535976393e-09	0.9999999833	4.365375463e-09	3.181770022e-09	
4.616420481e-09	4.535976368e-09	0.9999999833	4.36537544e-09	3.181770018e-09	
4.61675249e-09	4.968574872e-09	0.9999999828	4.365686943e-09	3.276948122e-09	
4.616420481e-09	4.535976368e-09	0.9999999833	4.36537544e-09	3.181770018e-09	
4.616473899e-09	4.53602867e-09	0.9999999832	4.451558766e-09	3.181805383e-09	
4.616420481e-09	4.535976393e-09	0.9999999833	4.365375463e-09	3.181770022e-09	
4.616473899e-09	4.53602867e-09	0.9999999832	4.451558766e-09	3.181805383e-09	
4.616420481e-09	4.535976368e-09	0.9999999833	4.36537544e-09	3.181770018e-09	
4.616473899e-09	4.53602867e-09	0.9999999832	4.451558766e-09	3.181805383e-09	
4.616420481e-09	4.535976393e-09	0.9999999833	4.365375463e-09	3.181770022e-09	
4.616473899e-09	4.53602867e-09	0.9999999832	4.451558766e-09	3.181805383e-09	
1.498739508e-08	1.464424787e-08	0.9998587179	0.0001412421905	1.027220724e-08	
4.616367063e-09	4.535924092e-09	0.9999999834	4.280860667e-09	3.181734657e-09	
4.616367063e-09	4.535924092e-09	0.9999999834	4.280860667e-09	3.181734657e-09	
4.616367063e-09	4.535924068e-09	0.9999999834	4.280860645e-09	3.181734653e-09	
4.616699068e-09	4.968517584e-09	0.9999999829	4.281166117e-09	3.2769117e-09	
4.616367063e-09	4.535924068e-09	0.9999999834	4.280860645e-09	3.181734653e-09	
4.616420481e-09	4.535976368e-09	0.9999999833	4.36537544e-09	3.181770018e-09	
4.616367063e-09	4.535924092e-09	0.9999999834	4.280860667e-09	3.181734657e-09	
4.616420481e-09	4.535976368e-09	0.9999999833	4.36537544e-09	3.181770018e-09	
4.616367063e-09	4.535924068e-09	0.9999999834	4.280860645e-09	3.181734653e-09	
4.616420481e-09	4.535976368e-09	0.9999999833	4.36537544e-09	3.181770018e-09	
4.616367063e-09	4.535924092e-09	0.9999999834	4.280860667e-09	3.181734657e-09	
4.616420481e-09	4.535976368e-09	0.9999999833	4.36537544e-09	3.181770018e-09	
4.616367063e-09	4.535924117e-09	0.9999999834	4.28086069e-09	3.181734661e-09	
4.616367063e-09	4.535924092e-09	0.9999999834	4.280860667e-09	3.181734657e-09	
4.616699068e-09	4.96851761e-09	0.9999999829	4.28116614e-09	3.276911704e-09	
4.616367063e-09	4.535924092e-09	0.9999999834	4.280860667e-09	3.181734657e-09	
4.616420481e-09	4.535976393e-09	0.9999999833	4.365375463e-09	3.181770022e-09	
4.616367063e-09	4.535924117e-09	0.9999999834	4.28086069e-09	3.181734661e-09	
4.616420481e-09	4.535976393e-09	0.9999999833	4.365375463e-09	3.181770022e-09	
4.616367063e-09	4.535924092e-09	0.9999999834	4.280860667e-09	3.181734657e-09	
4.616420481e-09	4.535976393e-09	0.9999999833	4.365375463e-09	3.181770022e-09	
4.616420481e-09	4.535976393e-09	0.9999999833	4.365375463e-09	3.181770022e-09	
4.616367063e-09	4.535924092e-09	0.9999999834	4.280860667e-09	3.181734657e-09	
4.616699068e-09	4.96851761e-09	0.9999999829	4.28116614e-09	3.276911704e-09	
4.616367063e-09	4.535924092e-09	0.9999999834	4.280860667e-09	3.181734657e-09	
4.616420481e-09	4.535976393e-09	0.9999999833	4.365375463e-09	3.181770022e-09	
4.616420481e-09	4.535976393e-09	0.9999999833	4.365375463e-09	3.181770022e-09	
4.616367063e-09	4.535924092e-09	0.9999999834	4.280860667e-09	3.181734657e-09	
4.616420481e-09	4.535976393e-09	0.9999999833	4.365375463e-09	3.181770022e-09	
4.616367063e-09	4.535924117e-09	0.9999999834	4.28086069e-09	3.181734661e-09	
4.616420481e-09	4.535976393e-09	0.9999999833	4.365375463e-09	3.181770022e-09	
4.616699068e-09	4.968517584e-09	0.9999999829	4.281166117e-09	3.2769117e-09	
4.616367063e-09	4.535924068e-09	0.9999999834	4.280860645e-09	3.181734653e-09	
4.616420481e-09	4.535976368e-09	0.9999999833	4.36537544e-09	3.181770018e-09	
4.616367063e-09	4.535924092e-09	0.9999999834	4.280860667e-09	3.181734657e-09	
4.616420481e-09	4.535976368e-09	0.9999999833	4.36537544e-09	3.181770018e-09	
4.616367063e-09	4.535924068e-09	0.9999999834	4.280860645e-09	3.181734653e-09	
4.616420481e-09	4.535976368e-09	0.9999999833	4.36537544e-09	3.181770018e-09	
4.616367063e-09	4.535924092e-09	0.9999999834	4.280860667e-09	3.181734657e-09	
4.616420481e-09	4.535976368e-09	0.9999999833	4.36537544e-09	3.181770018e-09	
4.616699068e-09	4.968517584e-09	0.9999999829	4.281166117e-09	3.2769117e-09	
4.61675249e-09	4.968574872e-09	0.9999999828	4.365686943e-09	3.276948122e-09	
4.616699068e-09	4.96851761e-09	0.9999999829	4.28116614e-09	3.276911704e-09	
4.61675249e-09	4.968574872e-09	0.9999999828	4.365686943e-09	3.276948122e-09	
4.616699068e-09	4.968517584e-09	0.9999999829	4.281166117e-09	3.2769117e-09	
4.61675249e-09	4.968574872e-09	0.9999999828	4.365686943e-09	3.276948122e-09	
4.616699068e-09	4.96851761e-09	0.9999999829	4.28116614e-09	3.276911704e-09	
4.61675249e-09	4.968574872e-09	0.9999999828	4.365686943e-09	3.276948122e-09	
6.812495881e-08	0.0006666890475	0.9991201986	6.377834262e-08	0.0002129804563	
4.616420481e-09	4.535976368e-09	0.9999999833	4.36537544e-09	3.181770018e-09	
4.616367063e-09	4.535924092e-09	0.9999999834	4.280860667e-09	3.181734657e-09	
4.616420481e-09	4.535976368e-09	0.9999999833	4.36537544e-09	3.181770018e-09	
4.616367063e-09	4.535924068e-09	0.9999999834	4.280860645e-09	3.181734653e-09	
4.616420481e-09	4.535976368e-09	0.9999999833	4.36537544e-09	3.181770018e-09	
4.616367063e-09	4.535924092e-09	0.9999999834	4.280860667e-09	3.181734657e-09	
4.616420481e-09	4.535976368e-09	0.9999999833	4.36537544e-09	3.181770018e-09	
4.616420481e-09	4.535976393e-09	0.9999999833	4.365375463e-09	3.181770022e-09	
4.616473899e-09	4.53602867e-09	0.9999999832	4.451558766e-09	3.181805383e-09	
4.616420481e-09	4.535976368e-09	0.9999999833	4.36537544e-09	3.181770018e-09	
4.616473899e-09	4.53602867e-09	0.9999999832	4.451558766e-09	3.181805383e-09	
4.616420481e-09	4.535976393e-09	0.9999999833	4.365375463e-09	3.181770022e-09	
4.616473899e-09	4.53602867e-09	0.9999999832	4.451558766e-09	3.181805383e-09	
1.498739508e-08	1.464424787e-08	0.9998587179	0.0001412421905	1.027220724e-08	
4.616420481e-09	4.535976393e-09	0.9999999833	4.365375463e-09	3.181770022e-09	
4.616367063e-09	4.535924092e-09	0.9999999834	4.280860667e-09	3.181734657e-09	
4.616420481e-09	4.535976393e-09	0.9999999833	4.365375463e-09	3.181770022e-09	
4.616367063e-09	4.535924117e-09	0.9999999834	4.28086069e-09	3.181734661e-09	
4.616420481e-09	4.535976393e-09	0.9999999833	4.365375463e-09	3.181770022e-09	
4.616420481e-09	4.535976368e-09	0.9999999833	4.36537544e-09	3.181770018e-09	
4.616473899e-09	4.53602867e-09	0.9999999832	4.451558766e-09	3.181805383e-09	
4.616420481e-09	4.535976393e-09	0.9999999833	4.365375463e-09	3.181770022e-09	
4.616473899e-09	4.53602867e-09	0.9999999832	4.451558766e-09	3.181805383e-09	
1.498739508e-08	1.464424787e-08	0.9998587179	0.0001412421905	1.027220724e-08	
4.616420481e-09	4.535976368e-09	0.9999999833	4.36537544e-09	3.181770018e-09	
4.616367063e-09	4.535924092e-09	0.9999999834	4.280860667e-09	3.181734657e-09	
4.616420481e-09	4.535976368e-09	0.9999999833	4.36537544e-09	3.181770018e-09	
4.616420481e-09	4.535976393e-09	0.9999999833	4.365375463e-09	3.181770022e-09	
4.616473899e-09	4.53602867e-09	0.9999999832	4.451558766e-09	3.181805383e-09	
1.498739508e-08	1.464424787e-08	0.9998587179	0.0001412421905	1.027220724e-08	
4.616420481e-09	4.535976393e-09	0.9999999833	4.365375463e-09	3.181770022e-09	
1.498739508e-08	1.464424787e-08	0.9998587179	0.0001412421905	1.027220724e-08	
2.68103559e-08	0.0006348453463	2.73764304e-08	2.566368047e-08	0.9993650748	
8.214351453e-09	0.9140627344	8.372450528e-09	7.699174668e-09	0.08593724127	
8.227334236e-09	0.9134284548	8.385703726e-09	7.711343221e-09	0.0865715209	
1.339123689e-08	0.8809169292	1.365758618e-08	6.060645235e-05	0.1190224373	
2.68103559e-08	0.0006348453604	2.73764304e-08	2.566368047e-08	0.9993650748	
8.586817572e-09	0.8958677015	8.748822944e-09	8.125285177e-09	0.104132273	
9.713253552e-09	0.9348097918	7.937672009e-09	7.302090439e-09	0.06519018324	
9.250952662e-09	0.8959338489	9.306250272e-06	8.753753831e-09	0.1040568268	
8.249873072e-09	0.9123301911	8.408712308e-09	7.826115381e-09	0.08766978439	
8.052302498e-09	0.9219820956	8.205675002e-09	7.628736966e-09	0.07801788051	
8.391281856e-09	0.9054187269	8.554859932e-09	7.865008126e-09	0.09458124825	
2.425122907e-08	0.0005535182121	2.476831977e-08	2.296724741e-08	0.9994464098	
2.411170392e-08	0.0005490839325	2.462587995e-08	2.283510944e-08	0.9994508445	
2.854632236e-08	0.0003851765747	2.917339048e-08	0.0001305427143	0.999484223	
6.810213972e-09	3.307665366e-08	6.96816588e-09	6.586905311e-09	0.9999999466	
2.092351904e-08	0.0004477564073	2.136168969e-08	2.000531562e-08	0.9995521813	
3.779555303e-08	0.0007460959274	3.094942686e-08	2.870962297e-08	0.9992538066	
2.255764191e-08	0.0004481037952	2.273869047e-05	2.15678012e-08	0.9995291134	
2.387505647e-08	0.0005415575631	2.438429014e-08	2.288482996e-08	0.9994583713	
2.618430904e-08	0.0006149488046	2.673737893e-08	2.506559281e-08	0.9993849732	
2.25107097e-08	0.0004982023697	2.299626285e-08	2.131887862e-08	0.9995017308	
1.778038415e-08	0.0003478645896	1.815922028e-08	1.703866408e-08	0.9996520824	
8.428175986e-09	0.9019486039	8.592163253e-09	7.815617966e-09	0.09805137122	
2.425122907e-08	0.0005535182243	2.476831977e-08	2.296724741e-08	0.9994464098	
8.774066675e-09	0.8823591083	8.941427774e-09	8.214216424e-09	0.1176408658	
9.981350952e-09	0.9259353249	8.158424545e-09	7.42387486e-09	0.07406464949	
9.452784289e-09	0.8824335944	9.511227461e-06	8.849657297e-09	0.117556876	
8.259127309e-09	0.9115266409	8.418155474e-09	7.741507782e-09	0.08847333465	
8.586141865e-09	0.8930011611	8.755303504e-09	7.962102448e-09	0.1069988136	
9.283331242e-09	0.8535132976	9.463787343e-09	8.710694445e-09	0.1464866749	
2.411170392e-08	0.0005490839446	2.462587995e-08	2.283510944e-08	0.9994508445	
8.785684993e-09	0.8815211627	8.953289635e-09	8.225093414e-09	0.1184788113	
9.998084964e-09	0.9253815202	8.172122387e-09	7.436321199e-09	0.07461845417	
9.465307555e-09	0.8815961568	9.52385148e-06	8.861381533e-09	0.118394301	
8.462361202e-09	0.8999985523	8.627071567e-09	7.942356434e-09	0.1000014227	
8.598250005e-09	0.8922297596	8.767671669e-09	7.973330577e-09	0.1077702151	
9.293459836e-09	0.8525042318	9.474136029e-09	8.720198269e-09	0.1474957408	
2.854632236e-08	0.0003851765833	2.917339048e-08	0.0001305427143	0.999484223	
1.411512937e-08	0.8391524094	1.4393445e-08	6.38083261e-05	0.1607837537	
1.520736541e-08	0.8392431545	1.531104204e-05	6.874608407e-05	0.1606727731	
1.369824744e-08	0.8632053571	1.397364586e-08	6.207976999e-05	0.1367325355	
1.344985807e-08	0.8775350006	1.3717483e-08	6.087463549e-05	0.1224040976	
1.475738384e-08	0.8020978615	1.505374124e-08	6.686295777e-05	0.1978352457	
1.529054552e-08	9.379566499e-05	1.562963039e-08	0.9998693404	3.683305307e-05	
1.534263469e-08	9.373958585e-05	1.562627286e-08	0.999869405	3.682446836e-05	
1.529053692e-08	9.373939741e-05	1.562624145e-08	0.9998694053	3.682439738e-05	
1.529051829e-08	9.385884394e-05	1.556905311e-08	0.9998692676	3.684271104e-05	
2.092351904e-08	0.0004477564172	2.136168969e-08	2.000531562e-08	0.9995521813	
3.779555303e-08	0.000746095944	3.094942686e-08	2.870962297e-08	0.9992538066	
2.255764191e-08	0.0004481038051	2.273869047e-05	2.15678012e-08	0.9995291134	
2.387505647e-08	0.0005415575752	2.438429014e-08	2.288482996e-08	0.9994583713	
2.618430904e-08	0.0006149488183	2.673737893e-08	2.506559281e-08	0.9993849732	
2.25107097e-08	0.0004982023808	2.299626285e-08	2.131887862e-08	0.9995017308	
1.778038415e-08	0.0003478645973	1.815922028e-08	1.703866408e-08	0.9996520824	
1.046271173e-08	0.9100065255	8.548685037e-09	7.856354295e-09	0.08999344766	
9.809553225e-09	0.8585793397	9.866522938e-06	9.271530204e-09	0.1414107747	
8.805851155e-09	0.8800712628	8.973878813e-09	8.343814471e-09	0.1199287111	
8.62855499e-09	0.8928575938	8.7914181e-09	8.165164703e-09	0.1071423806	
8.931891979e-09	0.8709763161	9.104470421e-09	8.36197082e-09	0.1290236575	
9.570047744e-09	0.8249534993	9.752440556e-09	9.065641091e-09	0.1750464724	
2.091832903e-08	0.0002187874207	2.134514427e-08	1.95835946e-08	0.9997811507	
1.127181032e-08	0.9100636376	9.093259957e-06	8.463928139e-09	0.08992724937	
1.00271394e-08	0.9244223489	8.195905556e-09	7.548253146e-09	0.07557762538	
9.772745893e-09	0.9328409795	7.986353009e-09	7.347161573e-09	0.06715899541	
1.020967983e-08	0.9183788869	8.347076295e-09	7.593699629e-09	0.08162108694	
1.115569847e-08	0.8870722956	9.11815577e-09	8.395707306e-09	0.1129276758	
0.001418628803	0.9983848989	8.587795788e-08	7.835417254e-08	0.0001963080179	
9.487044458e-09	0.8801471331	9.545763575e-06	8.989296986e-09	0.1198433027	
9.29594012e-09	0.8929256244	9.351581409e-06	8.796738671e-09	0.1070650059	
9.622903947e-09	0.8710576063	9.684746466e-06	9.008922086e-09	0.1289326903	
1.031080211e-08	0.8250602413	1.037438921e-05	9.767386273e-09	0.1749293642	
2.255205109e-08	0.0002189572089	2.272108307e-05	2.111314652e-08	0.999758278	
8.294378599e-09	0.9097480169	8.454142316e-09	7.868706321e-09	0.0902519585	
9.311040799e-09	0.8507593512	9.492099305e-09	8.842503696e-09	0.1492406211	
8.434668231e-09	0.9026547069	8.599160824e-09	7.906046668e-09	0.09734526811	
9.156086334e-09	0.8661956662	9.332240574e-09	8.684013286e-09	0.1338043066	
1.77750654e-08	0.0001699685493	1.814422804e-08	1.667862904e-08	0.9998299789	
0.9999999829	4.614278981e-09	4.762501093e-09	4.447349739e-09	3.231723122e-09	
0.9999946493	5.337218048e-06	5.160507412e-09	4.71888694e-09	3.60550353e-09	
0.999999983	4.614484621e-09	4.762441691e-09	4.35461717e-09	3.231684501e-09	
0.999999983	4.614484621e-09	4.762441691e-09	4.35461717e-09	3.231684501e-09	
0.999999983	4.614791745e-09	4.762442056e-09	4.354890877e-09	3.231684743e-09	
0.999999983	4.614791745e-09	4.762442056e-09	4.354890877e-09	3.231684743e-09	
0.9999999829	4.614544573e-09	4.762503876e-09	4.451487026e-09	3.231724937e-09	
0.999999983	4.614791745e-09	4.762442056e-09	4.354890877e-09	3.231684743e-09	
0.999999983	4.610805555e-09	4.762439624e-09	4.354888675e-09	3.231683105e-09	
0.9999949464	5.000652114e-09	5.160648607e-09	5.039932905e-06	3.501886914e-09	
0.999999983	4.614484621e-09	4.762441691e-09	4.35461717e-09	3.231684501e-09	
0.999999983	4.614791745e-09	4.762442056e-09	4.354890877e-09	3.231684743e-09	
0.9999999829	4.614278981e-09	4.762501093e-09	4.447349739e-09	3.231723122e-09	
0.9999946494	5.336980202e-06	5.16057178e-09	4.819376719e-09	3.60554662e-09	
0.9999999829	4.614278981e-09	4.762501093e-09	4.447349739e-09	3.231723122e-09	
0.9999999829	4.614278981e-09	4.762501093e-09	4.447349739e-09	3.231723122e-09	
0.9999999829	4.614586092e-09	4.762501458e-09	4.447629276e-09	3.231723364e-09	
0.9999999829	4.614586092e-09	4.762501458e-09	4.447629276e-09	3.231723364e-09	
0.9999999828	4.61433893e-09	4.762563279e-09	4.546282462e-09	3.231763559e-09	
0.9999999829	4.614586092e-09	4.762501458e-09	4.447629276e-09	3.231723364e-09	
0.9999999829	4.610600079e-09	4.762499026e-09	4.447627027e-09	3.231721726e-09	
0.9999948391	5.000428729e-09	5.160712423e-09	5.147258878e-06	3.501928388e-09	
0.9999999829	4.614278981e-09	4.762501093e-09	4.447349739e-09	3.231723122e-09	
0.9999999829	4.614586092e-09	4.762501458e-09	4.447629276e-09	3.231723364e-09	
0.9999999828	4.614073351e-09	4.762560496e-09	4.54205707e-09	3.231761744e-09	
0.9998473585	1.551376371e-08	1.617760828e-08	0.0001525989066	1.087407524e-08	
0.9999946493	5.337218048e-06	5.160507412e-09	4.71888694e-09	3.60550353e-09	
0.9999946493	5.337218048e-06	5.160507412e-09	4.71888694e-09	3.60550353e-09	
0.9999946489	5.337573273e-06	5.160507806e-09	4.719183542e-09	3.605503799e-09	
0.9999946489	5.337573273e-06	5.160507806e-09	4.719183542e-09	3.605503799e-09	
0.9999946491	5.337287389e-06	5.160574794e-09	4.823860094e-09	3.605548644e-09	
0.9999946489	5.337573273e-06	5.160507806e-09	4.719183542e-09	3.605503799e-09	
0.9999887451	5.783863151e-06	5.591993354e-09	5.46152555e-06	3.90695771e-09	
0.9999946493	5.337218048e-06	5.160507412e-09	4.71888694e-09	3.60550353e-09	
0.9999946489	5.337573273e-06	5.160507806e-09	4.719183542e-09	3.605503799e-09	
0.9999946494	5.336980202e-06	5.16057178e-09	4.819376719e-09	3.60554662e-09	
0.999999983	4.614484621e-09	4.762441691e-09	4.35461717e-09	3.231684501e-09	
0.999999983	4.614791745e-09	4.762442056e-09	4.354890877e-09	3.231684743e-09	
0.999999983	4.614791745e-09	4.762442056e-09	4.354890877e-09	3.231684743e-09	
0.9999999829	4.614544573e-09	4.762503876e-09	4.451487026e-09	3.231724937e-09	
0.999999983	4.614791745e-09	4.762442056e-09	4.354890877e-09	3.231684743e-09	
0.999999983	4.610805555e-09	4.762439624e-09	4.354888675e-09	3.231683105e-09	
0.9999949464	5.000652114e-09	5.160648607e-09	5.039932905e-06	3.501886914e-09	
0.999999983	4.614484621e-09	4.762441691e-09	4.35461717e-09	3.231684501e-09	
0.999999983	4.614791745e-09	4.762442056e-09	4.354890877e-09	3.231684743e-09	
0.9999999829	4.614278981e-09	4.762501093e-09	4.447349739e-09	3.231723122e-09	
0.999999983	4.614791745e-09	4.762442056e-09	4.354890877e-09	3.231684743e-09	
0.999999983	4.614791745e-09	4.762442056e-09	4.354890877e-09	3.231684743e-09	
0.9999999829	4.614544573e-09	4.762503876e-09	4.451487026e-09	3.231724937e-09	
0.999999983	4.614791745e-09	4.762442056e-09	4.354890877e-09	3.231684743e-09	
0.999999983	4.610805555e-09	4.762439624e-09	4.354888675e-09	3.231683105e-09	
0.9999949464	5.000652114e-09	5.160648607e-09	5.039932905e-06	3.501886914e-09	
0.999999983	4.614484621e-09	4.762441691e-09	4.35461717e-09	3.231684501e-09	
0.999999983	4.614791745e-09	4.762442056e-09	4.354890877e-09	3.231684743e-09	
0.9999999829	4.614278981e-09	4.762501093e-09	4.447349739e-09	3.231723122e-09	
0.999999983	4.615098889e-09	4.762442422e-09	4.355164602e-09	3.231684984e-09	
0.9999999829	4.614851701e-09	4.762504241e-09	4.451766823e-09	3.231725179e-09	
0.999999983	4.615098889e-09	4.762442422e-09	4.355164602e-09	3.231684984e-09	
0.999999983	4.611112434e-09	4.762439989e-09	4.3551624e-09	3.231683346e-09	
0.9999949461	5.000984939e-09	5.160649002e-09	5.040249687e-06	3.501887175e-09	
0.999999983	4.614791745e-09	4.762442056e-09	4.354890877e-09	3.231684743e-09	
0.9999999829	4.614586092e-09	4.762501458e-09	4.447629276e-09	3.231723364e-09	
0.9999999829	4.614851701e-09	4.762504241e-09	4.451766823e-09	3.231725179e-09	
0.999999983	4.611112434e-09	4.762439989e-09	4.3551624e-09	3.231683346e-09	
0.9999949461	5.000984939e-09	5.160649002e-09	5.040249687e-06	3.501887175e-09	
0.999999983	4.614791745e-09	4.762442056e-09	4.354890877e-09	3.231684743e-09	
0.999999983	4.615098889e-09	4.762442422e-09	4.355164602e-09	3.231684984e-09	
0.9999999829	4.614586092e-09	4.762501458e-09	4.447629276e-09	3.231723364e-09	
0.9999999829	4.614851701e-09	4.762504241e-09	4.451766823e-09	3.231725179e-09	
0.9999999829	4.610865459e-09	4.762501809e-09	4.451764572e-09	3.231723541e-09	
0.9999999829	4.614544573e-09	4.762503876e-09	4.451487026e-09	3.231724937e-09	
0.9999999829	4.614851701e-09	4.762504241e-09	4.451766823e-09	3.231725179e-09	
0.9999999828	4.61433893e-09	4.762563279e-09	4.546282462e-09	3.231763559e-09	
0.9998472166	1.551465446e-08	1.617761543e-08	0.0001527408448	1.08740798e-08	
0.999999983	4.611112434e-09	4.762439989e-09	4.3551624e-09	3.231683346e-09	
0.9999949461	5.000984939e-09	5.160649002e-09	5.040249687e-06	3.501887175e-09	
0.999999983	4.614791745e-09	4.762442056e-09	4.354890877e-09	3.231684743e-09	
0.999999983	4.615098889e-09	4.762442422e-09	4.355164602e-09	3.231684984e-09	
0.9999999829	4.614586092e-09	4.762501458e-09	4.447629276e-09	3.231723364e-09	
0.9999949461	4.996665161e-09	5.160646366e-09	5.040247138e-06	3.5018854e-09	
0.999999983	4.610805555e-09	4.762439624e-09	4.354888675e-09	3.231683105e-09	
0.999999983	4.611112434e-09	4.762439989e-09	4.3551624e-09	3.231683346e-09	
0.9999999829	4.610600079e-09	4.762499026e-09	4.447627027e-09	3.231721726e-09	
0.9999949464	5.000652114e-09	5.160648607e-09	5.039932905e-06	3.501886914e-09	
0.9999949461	5.000984939e-09	5.160649002e-09	5.040249687e-06	3.501887175e-09	
0.9999948391	5.000428729e-09	5.160712423e-09	5.147258878e-06	3.501928388e-09	
0.001064016535	6.787143183e-08	7.009886554e-08	0.9989357979	4.756719541e-08	
0.999999983	4.614791745e-09	4.762442056e-09	4.354890877e-09	3.231684743e-09	
0.9999999829	4.614278981e-09	4.762501093e-09	4.447349739e-09	3.231723122e-09	
0.9999999829	4.614586092e-09	4.762501458e-09	4.447629276e-09	3.231723364e-09	
0.9998473585	1.551376371e-08	1.617760828e-08	0.0001525989066	1.087407524e-08	
6.803026171e-09	6.684478537e-09	6.909815806e-09	6.308593952e-09	0.9999999733	
6.803026171e-09	6.684478537e-09	6.909815806e-09	6.308593952e-09	0.9999999733	
6.803026171e-09	6.684478537e-09	6.909815806e-09	6.308593952e-09	0.9999999733	
6.803026171e-09	6.684478537e-09	6.909815806e-09	6.308593952e-09	0.9999999733	
6.803026171e-09	6.684478537e-09	6.909815806e-09	6.308593952e-09	0.9999999733	
6.803026171e-09	6.684477998e-09	6.909815784e-09	6.308593951e-09	0.9999999733	
6.803026171e-09	6.684478537e-09	6.909815806e-09	6.308593952e-09	0.9999999733	
6.803026171e-09	6.684477998e-09	6.909815784e-09	6.308593951e-09	0.9999999733	
6.803026171e-09	6.684477998e-09	6.909815784e-09	6.308593951e-09	0.9999999733	
6.803026171e-09	6.684478537e-09	6.909815806e-09	6.308593952e-09	0.9999999733	
6.803026171e-09	6.684478537e-09	6.909815806e-09	6.308593952e-09	0.9999999733	
6.803026171e-09	6.684478537e-09	6.909815806e-09	6.308593952e-09	0.9999999733	
6.803026171e-09	6.684478537e-09	6.909815806e-09	6.308593952e-09	0.9999999733	
6.803372388e-09	7.263996329e-09	6.93196722e-09	6.308912916e-09	0.9999999727	
6.803026171e-09	6.684478537e-09	6.909815806e-09	6.308593952e-09	0.9999999733	
6.803026171e-09	6.684478537e-09	6.909815806e-09	6.308593952e-09	0.9999999733	
6.803026171e-09	6.684478537e-09	6.909815806e-09	6.308593952e-09	0.9999999733	
6.803026171e-09	6.684478537e-09	6.909815806e-09	6.308593952e-09	0.9999999733	
6.803026171e-09	6.684477998e-09	6.909815784e-09	6.308593951e-09	0.9999999733	
6.803026171e-09	6.684478537e-09	6.909815806e-09	6.308593952e-09	0.9999999733	
6.803026171e-09	6.684477998e-09	6.909815784e-09	6.308593951e-09	0.9999999733	
6.803026171e-09	6.684477998e-09	6.909815784e-09	6.308593951e-09	0.9999999733	
6.803026171e-09	6.684478537e-09	6.909815806e-09	6.308593952e-09	0.9999999733	
6.803026171e-09	6.684478537e-09	6.909815806e-09	6.308593952e-09	0.9999999733	
6.803026171e-09	6.684478537e-09	6.909815806e-09	6.308593952e-09	0.9999999733	
6.803026171e-09	6.684478537e-09	6.909815806e-09	6.308593952e-09	0.9999999733	
6.803372388e-09	7.263996329e-09	6.93196722e-09	6.308912916e-09	0.9999999727	
6.803026171e-09	6.684478537e-09	6.909815806e-09	6.308593952e-09	0.9999999733	
6.803026171e-09	6.684478537e-09	6.909815806e-09	6.308593952e-09	0.9999999733	
6.803026171e-09	6.684478537e-09	6.909815806e-09	6.308593952e-09	0.9999999733	
6.803026171e-09	6.684477998e-09	6.909815784e-09	6.308593951e-09	0.9999999733	
6.803026171e-09	6.684478537e-09	6.909815806e-09	6.308593952e-09	0.9999999733	
6.803026171e-09	6.684477998e-09	6.909815784e-09	6.308593951e-09	0.9999999733	
6.803026171e-09	6.684477998e-09	6.909815784e-09	6.308593951e-09	0.9999999733	
6.803026171e-09	6.684478537e-09	6.909815806e-09	6.308593952e-09	0.9999999733	
6.803026171e-09	6.684478537e-09	6.909815806e-09	6.308593952e-09	0.9999999733	
6.803026171e-09	6.684478537e-09	6.909815806e-09	6.308593952e-09	0.9999999733	
6.803026171e-09	6.684478537e-09	6.909815806e-09	6.308593952e-09	0.9999999733	
6.803372388e-09	7.263996329e-09	6.93196722e-09	6.308912916e-09	0.9999999727	
6.803026171e-09	6.684478537e-09	6.909815806e-09	6.308593952e-09	0.9999999733	
6.803026171e-09	6.684478537e-09	6.909815806e-09	6.308593952e-09	0.9999999733	
6.803026171e-09	6.684477998e-09	6.909815784e-09	6.308593951e-09	0.9999999733	
6.803026171e-09	6.684478537e-09	6.909815806e-09	6.308593952e-09	0.9999999733	
6.803026171e-09	6.684477998e-09	6.909815784e-09	6.308593951e-09	0.9999999733	
6.803026171e-09	6.684477998e-09	6.909815784e-09	6.308593951e-09	0.9999999733	
6.803026171e-09	6.684478537e-09	6.909815806e-09	6.308593952e-09	0.9999999733	
6.803026171e-09	6.684478537e-09	6.909815806e-09	6.308593952e-09	0.9999999733	
6.803026171e-09	6.684478537e-09	6.909815806e-09	6.308593952e-09	0.9999999733	
6.803026171e-09	6.684478537e-09	6.909815806e-09	6.308593952e-09	0.9999999733	
6.803372388e-09	7.263996329e-09	6.93196722e-09	6.308912916e-09	0.9999999727	
6.803026171e-09	6.684478537e-09	6.909815806e-09	6.308593952e-09	0.9999999733	
6.803026171e-09	6.684477998e-09	6.909815784e-09	6.308593951e-09	0.9999999733	
6.803026171e-09	6.684478537e-09	6.909815806e-09	6.308593952e-09	0.9999999733	
6.803026171e-09	6.684477998e-09	6.909815784e-09	6.308593951e-09	0.9999999733	
6.803026171e-09	6.684477998e-09	6.909815784e-09	6.308593951e-09	0.9999999733	
6.803026171e-09	6.684478537e-09	6.909815806e-09	6.308593952e-09	0.9999999733	
6.803026171e-09	6.684478537e-09	6.909815806e-09	6.308593952e-09	0.9999999733	
6.803026171e-09	6.684478537e-09	6.909815806e-09	6.308593952e-09	0.9999999733	
6.803026171e-09	6.684478537e-09	6.909815806e-09	6.308593952e-09	0.9999999733	
6.803372388e-09	7.263996329e-09	6.93196722e-09	6.308912916e-09	0.9999999727	
6.803026171e-09	6.684477998e-09	6.909815784e-09	6.308593951e-09	0.9999999733	
6.803026171e-09	6.684478537e-09	6.909815806e-09	6.308593952e-09	0.9999999733	
6.803026171e-09	6.684477998e-09	6.909815784e-09	6.308593951e-09	0.9999999733	
6.803026171e-09	6.684477998e-09	6.909815784e-09	6.308593951e-09	0.9999999733	
6.803026171e-09	6.684478537e-09	6.909815806e-09	6.308593952e-09	0.9999999733	
6.803026171e-09	6.684478537e-09	6.909815806e-09	6.308593952e-09	0.9999999733	
6.803026171e-09	6.684478537e-09	6.909815806e-09	6.308593952e-09	0.9999999733	
6.803026171e-09	6.684478537e-09	6.909815806e-09	6.308593952e-09	0.9999999733	
6.803372388e-09	7.263996329e-09	6.93196722e-09	6.308912916e-09	0.9999999727	
6.803026171e-09	6.684477998e-09	6.909815784e-09	6.308593951e-09	0.9999999733	
6.80302617e-09	6.68447746e-09	6.909815763e-09	6.308593951e-09	0.9999999733	
6.80302617e-09	6.68447746e-09	6.909815763e-09	6.308593951e-09	0.9999999733	
6.803026171e-09	6.684477998e-09	6.909815784e-09	6.308593951e-09	0.9999999733	
6.803026171e-09	6.684477998e-09	6.909815784e-09	6.308593951e-09	0.9999999733	
6.803026171e-09	6.684477998e-09	6.909815784e-09	6.308593951e-09	0.9999999733	
6.803026171e-09	6.684477998e-09	6.909815784e-09	6.308593951e-09	0.9999999733	
6.803026171e-09	6.684477998e-09	6.909815784e-09	6.308593951e-09	0.9999999733	
6.803026171e-09	6.684477998e-09	6.909815784e-09	6.308593951e-09	0.9999999733	
6.803026171e-09	6.684478537e-09	6.909815806e-09	6.308593952e-09	0.9999999733	
6.803026171e-09	6.684478537e-09	6.909815806e-09	6.308593952e-09	0.9999999733	
6.803026171e-09	6.684478537e-09	6.909815806e-09	6.308593952e-09	0.9999999733	
6.803026171e-09	6.684478537e-09	6.909815806e-09	6.308593952e-09	0.9999999733	
6.803372388e-09	7.263996329e-09	6.93196722e-09	6.308912916e-09	0.9999999727	
6.80302617e-09	6.68447746e-09	6.909815763e-09	6.308593951e-09	0.9999999733	
6.803026171e-09	6.684477998e-09	6.909815784e-09	6.308593951e-09	0.9999999733	
6.803026171e-09	6.684477998e-09	6.909815784e-09	6.308593951e-09	0.9999999733	
6.803026171e-09	6.684477998e-09	6.909815784e-09	6.308593951e-09	0.9999999733	
6.803026171e-09	6.684477998e-09	6.909815784e-09	6.308593951e-09	0.9999999733	
6.803026171e-09	6.684477998e-09	6.909815784e-09	6.308593951e-09	0.9999999733	
6.803026171e-09	6.684477998e-09	6.909815784e-09	6.308593951e-09	0.9999999733	
6.803026171e-09	6.684477998e-09	6.909815784e-09	6.308593951e-09	0.9999999733	
6.803026171e-09	6.684477998e-09	6.909815784e-09	6.308593951e-09	0.9999999733	
6.803026171e-09	6.684478537e-09	6.909815806e-09	6.308593952e-09	0.9999999733	
6.803026171e-09	6.684478537e-09	6.909815806e-09	6.308593952e-09	0.9999999733	
6.803026171e-09	6.684478537e-09	6.909815806e-09	6.308593952e-09	0.9999999733	
6.803372388e-09	7.263996329e-09	6.93196722e-09	6.308912916e-09	0.9999999727	
6.803026171e-09	6.684478537e-09	6.909815806e-09	6.308593952e-09	0.9999999733	
6.803026171e-09	6.684478537e-09	6.909815806e-09	6.308593952e-09	0.9999999733	
6.803372388e-09	7.263996329e-09	6.93196722e-09	6.308912916e-09	0.9999999727	
6.803026171e-09	6.684478537e-09	6.909815806e-09	6.308593952e-09	0.9999999733	
6.803372388e-09	7.263996329e-09	6.93196722e-09	6.308912916e-09	0.9999999727	
6.803372388e-09	7.263996329e-09	6.93196722e-09	6.308912916e-09	0.9999999727	
5.056370517e-09	5.0217146e-09	5.155714321e-09	0.9999999813	3.499686226e-09	
5.07461651e-09	5.02172516e-09	5.155725247e-09	0.9999999812	3.499693337e-09	
5.784750301e-09	5.022113279e-09	5.156124984e-09	0.9999999805	3.499955532e-09	
5.056370517e-09	5.0217146e-09	5.155714321e-09	0.9999999813	3.499686226e-09	
5.07461651e-09	5.02172516e-09	5.155725247e-09	0.9999999812	3.499693337e-09	
7.409172037e-09	7.317426625e-09	3.397857857e-05	0.9999660016	5.099578165e-09	
5.073651909e-09	5.072767262e-09	5.174710994e-09	0.9999999812	3.513659012e-09	
5.056382712e-09	5.021726653e-09	5.177037661e-09	0.9999999812	3.499694359e-09	
5.056383088e-09	5.021727506e-09	5.178467491e-09	0.9999999812	3.499694912e-09	
5.05642371e-09	5.072757063e-09	5.174700594e-09	0.9999999812	3.513652238e-09	
5.0736092e-09	5.021735312e-09	5.17466731e-09	0.9999999812	3.499700174e-09	
5.056370483e-09	5.021714592e-09	5.155714312e-09	0.9999999813	3.499686224e-09	
5.074628094e-09	5.021736514e-09	5.175787917e-09	0.9999999812	3.499700993e-09	
5.05638196e-09	5.021725966e-09	5.175776898e-09	0.9999999812	3.499693884e-09	
5.056382712e-09	5.021726688e-09	5.177037647e-09	0.9999999812	3.499694366e-09	
5.056418246e-09	5.079221674e-09	5.155763126e-09	0.9999999812	3.515400146e-09	
5.075717985e-09	4.968226263e-09	5.156935742e-09	0.9999999813	3.484971977e-09	
5.074559943e-09	4.968213665e-09	5.13569446e-09	0.9999999813	3.484963431e-09	
5.784685817e-09	4.968597648e-09	5.136092645e-09	0.9999999806	3.485224522e-09	
5.074559943e-09	4.968213665e-09	5.13569446e-09	0.9999999813	3.484963431e-09	
5.073595353e-09	5.018711862e-09	5.154606445e-09	0.9999999813	3.498870325e-09	
5.056326348e-09	4.968215142e-09	5.156924072e-09	0.9999999813	3.484964448e-09	
5.056326724e-09	4.968215986e-09	5.158348347e-09	0.9999999813	3.484964999e-09	
5.056367345e-09	5.018701771e-09	5.154596085e-09	0.9999999813	3.49886358e-09	
5.073552644e-09	4.968223709e-09	5.154562931e-09	0.9999999813	3.484970238e-09	
5.056314119e-09	4.968203209e-09	5.135683568e-09	0.9999999814	3.484956347e-09	
5.074571527e-09	4.968224897e-09	5.155679184e-09	0.9999999813	3.484971054e-09	
5.056325596e-09	4.968214463e-09	5.155668207e-09	0.9999999813	3.484963975e-09	
5.056326348e-09	4.968215177e-09	5.156924058e-09	0.9999999813	3.484964455e-09	
5.056361882e-09	5.025097496e-09	5.135732192e-09	0.9999999813	3.500604131e-09	
5.094033794e-09	4.968236711e-09	5.156946671e-09	0.9999999813	3.484979059e-09	
5.075717985e-09	4.968226263e-09	5.156935742e-09	0.9999999813	3.484971977e-09	
5.094033794e-09	4.968236711e-09	5.156946671e-09	0.9999999813	3.484979059e-09	
7.4375221e-09	7.239485661e-09	3.398662804e-05	0.9999659936	5.078137214e-09	
5.093065503e-09	5.018735142e-09	5.175936916e-09	0.9999999812	3.498886016e-09	
5.075730227e-09	4.968238188e-09	5.178264134e-09	0.9999999813	3.484980077e-09	
5.075730604e-09	4.968239031e-09	5.179694303e-09	0.9999999813	3.484980627e-09	
5.075771382e-09	5.018725051e-09	5.175926513e-09	0.9999999812	3.498879271e-09	
5.093022629e-09	4.968246754e-09	5.175893222e-09	0.9999999813	3.484985867e-09	
5.075717951e-09	4.968226255e-09	5.156935734e-09	0.9999999813	3.484971976e-09	
5.094045423e-09	4.968247943e-09	5.177014094e-09	0.9999999813	3.484986682e-09	
3.151921155e-05	7.109479299e-09	7.449855206e-09	0.9999684612	4.986943675e-09	
5.075729472e-09	4.968237508e-09	5.177003072e-09	0.9999999813	3.484979603e-09	
5.075730227e-09	4.968238222e-09	5.17826412e-09	0.9999999813	3.484980083e-09	
5.075765897e-09	5.025120806e-09	5.156984559e-09	0.9999999812	3.50061983e-09	
5.805559948e-09	4.968608096e-09	5.136103529e-09	0.9999999806	3.485231604e-09	
5.074559943e-09	4.968213665e-09	5.13569446e-09	0.9999999813	3.484963431e-09	
5.092871573e-09	4.968224112e-09	5.135705344e-09	0.9999999813	3.484970512e-09	
5.091903502e-09	5.018722415e-09	5.154617369e-09	0.9999999812	3.498877435e-09	
5.074572182e-09	4.968225589e-09	5.156935001e-09	0.9999999813	3.48497153e-09	
5.074572559e-09	4.968226433e-09	5.158359279e-09	0.9999999813	3.48497208e-09	
5.074613327e-09	5.018712325e-09	5.154607009e-09	0.9999999813	3.49887069e-09	
5.091860639e-09	4.968234156e-09	5.154573854e-09	0.9999999813	3.48497732e-09	
5.074559908e-09	4.968213656e-09	5.135694452e-09	0.9999999813	3.484963429e-09	
5.092883199e-09	4.968235345e-09	5.15569011e-09	0.9999999813	3.484978136e-09	
3.151202056e-05	7.109461322e-09	7.419169502e-09	0.9999684685	4.98693148e-09	
5.074571427e-09	4.96822491e-09	5.155679133e-09	0.9999999813	3.484971056e-09	
5.074572182e-09	4.968225624e-09	5.156934987e-09	0.9999999813	3.484971536e-09	
5.074607844e-09	5.025108063e-09	5.135743075e-09	0.9999999813	3.500611245e-09	
5.784685817e-09	4.968597648e-09	5.136092645e-09	0.9999999806	3.485224522e-09	
5.805559948e-09	4.968608096e-09	5.136103529e-09	0.9999999806	3.485231604e-09	
5.804456407e-09	5.019110301e-09	5.15501702e-09	0.9999999805	3.499139568e-09	
5.784699769e-09	4.968609573e-09	5.157334832e-09	0.9999999806	3.485232621e-09	
5.784746672e-09	5.01910021e-09	5.155006659e-09	0.9999999805	3.499132823e-09	
5.804407545e-09	4.96861814e-09	5.154973503e-09	0.9999999806	3.485238412e-09	
5.784685778e-09	4.968597639e-09	5.136092636e-09	0.9999999806	3.48522452e-09	
5.805573201e-09	4.968619329e-09	5.156089845e-09	0.9999999806	3.485239228e-09	
5.784698909e-09	4.968608893e-09	5.156078867e-09	0.9999999806	3.485232148e-09	
5.784699769e-09	4.968609607e-09	5.157334818e-09	0.9999999806	3.485232628e-09	
5.784740421e-09	5.025496443e-09	5.136141264e-09	0.9999999806	3.500873508e-09	
5.074559943e-09	4.968213665e-09	5.13569446e-09	0.9999999813	3.484963431e-09	
5.073595353e-09	5.018711862e-09	5.154606445e-09	0.9999999813	3.498870325e-09	
5.056326348e-09	4.968215142e-09	5.156924072e-09	0.9999999813	3.484964448e-09	
5.056326724e-09	4.968215986e-09	5.158348347e-09	0.9999999813	3.484964999e-09	
5.056367345e-09	5.018701771e-09	5.154596085e-09	0.9999999813	3.49886358e-09	
5.073552644e-09	4.968223709e-09	5.154562931e-09	0.9999999813	3.484970238e-09	
5.056314119e-09	4.968203209e-09	5.135683568e-09	0.9999999814	3.484956347e-09	
5.074571527e-09	4.968224897e-09	5.155679184e-09	0.9999999813	3.484971054e-09	
5.056325596e-09	4.968214463e-09	5.155668207e-09	0.9999999813	3.484963975e-09	
5.056326348e-09	4.968215177e-09	5.156924058e-09	0.9999999813	3.484964455e-09	
5.056361882e-09	5.025097496e-09	5.135732192e-09	0.9999999813	3.500604131e-09	
5.091903502e-09	5.018722415e-09	5.154617369e-09	0.9999999812	3.498877435e-09	
5.074572182e-09	4.968225589e-09	5.156935001e-09	0.9999999813	3.48497153e-09	
5.074572559e-09	4.968226433e-09	5.158359279e-09	0.9999999813	3.48497208e-09	
5.074613327e-09	5.018712325e-09	5.154607009e-09	0.9999999813	3.49887069e-09	
5.091860639e-09	4.968234156e-09	5.154573854e-09	0.9999999813	3.48497732e-09	
5.074559908e-09	4.968213656e-09	5.135694452e-09	0.9999999813	3.484963429e-09	
5.092883199e-09	4.968235345e-09	5.15569011e-09	0.9999999813	3.484978136e-09	
3.151202056e-05	7.109461322e-09	7.419169502e-09	0.9999684685	4.98693148e-09	
5.074571427e-09	4.96822491e-09	5.155679133e-09	0.9999999813	3.484971056e-09	
5.074572182e-09	4.968225624e-09	5.156934987e-09	0.9999999813	3.484971536e-09	
5.074607844e-09	5.025108063e-09	5.135743075e-09	0.9999999813	3.500611245e-09	
7.43441189e-09	7.313051216e-09	3.39712774e-05	0.9999660089	5.09838931e-09	
7.409107257e-09	7.239469457e-09	3.398655113e-05	0.9999659937	5.078126243e-09	
7.409107738e-09	7.239470618e-09	3.399593745e-05	0.9999659843	5.078126998e-09	
7.409167444e-09	7.313036514e-09	3.397120912e-05	0.999966009	5.098379482e-09	
7.43434931e-09	7.239482052e-09	3.397099063e-05	0.9999660093	5.078134759e-09	
7.435842239e-09	7.239483731e-09	3.397834701e-05	0.9999660019	5.07813591e-09	
4.600763707e-05	1.035927492e-08	4.889426946e-05	0.9999050805	7.266493509e-09	
7.409106217e-09	7.239468526e-09	3.397827467e-05	0.999966002	5.078125595e-09	
7.409107258e-09	7.239469507e-09	3.398655104e-05	0.9999659937	5.078126252e-09	
5.07360759e-09	5.018723907e-09	5.175925203e-09	0.9999999812	3.498878456e-09	
5.073607967e-09	5.018724759e-09	5.177354726e-09	0.9999999812	3.498879009e-09	
5.073648727e-09	5.069723803e-09	5.173588638e-09	0.9999999812	3.512833082e-09	
5.09089276e-09	5.018732561e-09	5.173555362e-09	0.9999999812	3.49888427e-09	
5.073595318e-09	5.018711853e-09	5.154606437e-09	0.9999999813	3.498870323e-09	
3.150603083e-05	7.181723751e-09	7.446490335e-09	0.9999684743	5.006832072e-09	
5.073606835e-09	5.018723221e-09	5.174664711e-09	0.9999999812	3.498877981e-09	
5.07360759e-09	5.018723942e-09	5.175925189e-09	0.9999999812	3.498878463e-09	
5.073643245e-09	5.076184549e-09	5.154655239e-09	0.9999999812	3.514580582e-09	
5.056338919e-09	4.96822791e-09	5.179682582e-09	0.9999999813	3.484973098e-09	
5.056379541e-09	5.018713817e-09	5.1759148e-09	0.9999999813	3.498871711e-09	
5.07356488e-09	4.968235633e-09	5.175881509e-09	0.9999999813	3.484978337e-09	
5.056326314e-09	4.968215134e-09	5.156924064e-09	0.9999999813	3.484964446e-09	
5.074583766e-09	4.968236822e-09	5.177002379e-09	0.9999999813	3.484979153e-09	
5.056337791e-09	4.968226387e-09	5.176991357e-09	0.9999999813	3.484972074e-09	
5.056338544e-09	4.968227101e-09	5.178252402e-09	0.9999999813	3.484972554e-09	
5.056379916e-09	5.018714669e-09	5.17734432e-09	0.9999999812	3.498872264e-09	
5.073565257e-09	4.968236476e-09	5.17731102e-09	0.9999999813	3.484978888e-09	
5.056326689e-09	4.968215977e-09	5.158348339e-09	0.9999999813	3.484964997e-09	
5.074584143e-09	4.968237665e-09	5.178432199e-09	0.9999999813	3.484979704e-09	
5.056338167e-09	4.96822723e-09	5.178421174e-09	0.9999999813	3.484972624e-09	
5.056374452e-09	5.02511041e-09	5.158397177e-09	0.9999999813	3.50061282e-09	
5.073606017e-09	5.018722471e-09	5.173544964e-09	0.9999999812	3.498877524e-09	
5.056367311e-09	5.018701763e-09	5.154596076e-09	0.9999999813	3.498863578e-09	
5.074624911e-09	5.018723671e-09	5.174665328e-09	0.9999999812	3.498878344e-09	
5.056378789e-09	5.018713131e-09	5.17465431e-09	0.9999999813	3.498871236e-09	
5.056379541e-09	5.018713852e-09	5.175914786e-09	0.9999999813	3.498871718e-09	
5.056415074e-09	5.076174343e-09	5.154644879e-09	0.9999999812	3.514573807e-09	
5.073552609e-09	4.9682237e-09	5.154562922e-09	0.9999999813	3.484970236e-09	
5.091872262e-09	4.968245388e-09	5.174632044e-09	0.9999999813	3.484984943e-09	
3.150576562e-05	7.109475739e-09	7.446427475e-09	0.9999684747	4.986941253e-09	
5.073564126e-09	4.968234954e-09	5.174621027e-09	0.9999999813	3.484977864e-09	
5.073564881e-09	4.968235667e-09	5.175881495e-09	0.9999999813	3.484978344e-09	
5.073600535e-09	5.025118222e-09	5.154611725e-09	0.9999999812	3.500618083e-09	
5.074571492e-09	4.968224889e-09	5.155679175e-09	0.9999999813	3.484971052e-09	
5.056325562e-09	4.968214454e-09	5.155668199e-09	0.9999999813	3.484963973e-09	
5.056326314e-09	4.968215168e-09	5.15692405e-09	0.9999999813	3.484964453e-09	
5.056361847e-09	5.025097488e-09	5.135732183e-09	0.9999999813	3.500604129e-09	
3.151209249e-05	7.109477395e-09	7.448039999e-09	0.9999684684	4.986942389e-09	
5.074583011e-09	4.968236142e-09	5.175741624e-09	0.9999999813	3.48497868e-09	
5.074583766e-09	4.968236856e-09	5.177002365e-09	0.9999999813	3.48497916e-09	
5.074619428e-09	5.025119424e-09	5.155727989e-09	0.9999999812	3.500618902e-09	
5.056337792e-09	4.968226421e-09	5.176991343e-09	0.9999999813	3.48497208e-09	
5.056373325e-09	5.02510887e-09	5.155717012e-09	0.9999999813	3.500611791e-09	
5.056374077e-09	5.025109592e-09	5.156972874e-09	0.9999999813	3.500612273e-09	
