4.616420481e-09	4.535974806e-09	0.9999999833	4.36537544e-09	3.181775913e-09	
4.616420481e-09	4.53597483e-09	0.9999999833	4.365375463e-09	3.181775916e-09	
4.616420481e-09	4.53597483e-09	0.9999999833	4.365375463e-09	3.181775916e-09	
4.616420481e-09	4.535974806e-09	0.9999999833	4.36537544e-09	3.181775913e-09	
4.616752491e-09	4.968576758e-09	0.9999999828	4.365686944e-09	3.276952894e-09	
4.616420481e-09	4.535974806e-09	0.9999999833	4.36537544e-09	3.181775913e-09	
4.616473899e-09	4.536027107e-09	0.9999999832	4.451558766e-09	3.181811278e-09	
4.616420481e-09	4.53597483e-09	0.9999999833	4.365375463e-09	3.181775916e-09	
4.616473899e-09	4.536027107e-09	0.9999999832	4.451558766e-09	3.181811278e-09	
4.616420481e-09	4.535974806e-09	0.9999999833	4.36537544e-09	3.181775913e-09	
4.616473899e-09	4.536027107e-09	0.9999999832	4.451558766e-09	3.181811278e-09	
4.616420481e-09	4.53597483e-09	0.9999999833	4.365375463e-09	3.181775916e-09	
4.616473899e-09	4.536027107e-09	0.9999999832	4.451558766e-09	3.181811278e-09	
1.498739508e-08	1.464424282e-08	0.9998587179	0.0001412421905	1.027222627e-08	
4.616367063e-09	4.53592253e-09	0.9999999834	4.280860667e-09	3.181740552e-09	
4.616367063e-09	4.53592253e-09	0.9999999834	4.280860667e-09	3.181740552e-09	
4.616367063e-09	4.535922505e-09	0.9999999834	4.280860645e-09	3.181740548e-09	
4.616699069e-09	4.968519469e-09	0.9999999829	4.281166118e-09	3.276916471e-09	
4.616367063e-09	4.535922505e-09	0.9999999834	4.280860645e-09	3.181740548e-09	
4.616420481e-09	4.535974806e-09	0.9999999833	4.36537544e-09	3.181775913e-09	
4.616367063e-09	4.53592253e-09	0.9999999834	4.280860667e-09	3.181740552e-09	
4.616420481e-09	4.535974806e-09	0.9999999833	4.36537544e-09	3.181775913e-09	
4.616367063e-09	4.535922505e-09	0.9999999834	4.280860645e-09	3.181740548e-09	
4.616420481e-09	4.535974806e-09	0.9999999833	4.36537544e-09	3.181775913e-09	
4.616367063e-09	4.53592253e-09	0.9999999834	4.280860667e-09	3.181740552e-09	
4.616420481e-09	4.535974806e-09	0.9999999833	4.36537544e-09	3.181775913e-09	
4.616367063e-09	4.535922554e-09	0.9999999834	4.28086069e-09	3.181740555e-09	
4.616367063e-09	4.53592253e-09	0.9999999834	4.280860667e-09	3.181740552e-09	
4.616699069e-09	4.968519496e-09	0.9999999829	4.281166141e-09	3.276916475e-09	
4.616367063e-09	4.53592253e-09	0.9999999834	4.280860667e-09	3.181740552e-09	
4.616420481e-09	4.53597483e-09	0.9999999833	4.365375463e-09	3.181775916e-09	
4.616367063e-09	4.535922554e-09	0.9999999834	4.28086069e-09	3.181740555e-09	
4.616420481e-09	4.53597483e-09	0.9999999833	4.365375463e-09	3.181775916e-09	
4.616367063e-09	4.53592253e-09	0.9999999834	4.280860667e-09	3.181740552e-09	
4.616420481e-09	4.53597483e-09	0.9999999833	4.365375463e-09	3.181775916e-09	
4.616420481e-09	4.53597483e-09	0.9999999833	4.365375463e-09	3.181775916e-09	
4.616367063e-09	4.53592253e-09	0.9999999834	4.280860667e-09	3.181740552e-09	
4.616699069e-09	4.968519496e-09	0.9999999829	4.281166141e-09	3.276916475e-09	
4.616367063e-09	4.53592253e-09	0.9999999834	4.280860667e-09	3.181740552e-09	
4.616420481e-09	4.53597483e-09	0.9999999833	4.365375463e-09	3.181775916e-09	
4.616420481e-09	4.53597483e-09	0.9999999833	4.365375463e-09	3.181775916e-09	
4.616367063e-09	4.53592253e-09	0.9999999834	4.280860667e-09	3.181740552e-09	
4.616420481e-09	4.53597483e-09	0.9999999833	4.365375463e-09	3.181775916e-09	
4.616367063e-09	4.535922554e-09	0.9999999834	4.28086069e-09	3.181740555e-09	
4.616420481e-09	4.53597483e-09	0.9999999833	4.365375463e-09	3.181775916e-09	
4.616699069e-09	4.968519469e-09	0.9999999829	4.281166118e-09	3.276916471e-09	
4.616367063e-09	4.535922505e-09	0.9999999834	4.280860645e-09	3.181740548e-09	
4.616420481e-09	4.535974806e-09	0.9999999833	4.36537544e-09	3.181775913e-09	
4.616367063e-09	4.53592253e-09	0.9999999834	4.280860667e-09	3.181740552e-09	
4.616420481e-09	4.535974806e-09	0.9999999833	4.36537544e-09	3.181775913e-09	
4.616367063e-09	4.535922505e-09	0.9999999834	4.280860645e-09	3.181740548e-09	
4.616420481e-09	4.535974806e-09	0.9999999833	4.36537544e-09	3.181775913e-09	
4.616367063e-09	4.53592253e-09	0.9999999834	4.280860667e-09	3.181740552e-09	
4.616420481e-09	4.535974806e-09	0.9999999833	4.36537544e-09	3.181775913e-09	
4.616699069e-09	4.968519469e-09	0.9999999829	4.281166118e-09	3.276916471e-09	
4.616752491e-09	4.968576758e-09	0.9999999828	4.365686944e-09	3.276952894e-09	
4.616699069e-09	4.968519496e-09	0.9999999829	4.281166141e-09	3.276916475e-09	
4.616752491e-09	4.968576758e-09	0.9999999828	4.365686944e-09	3.276952894e-09	
4.616699069e-09	4.968519469e-09	0.9999999829	4.281166118e-09	3.276916471e-09	
4.616752491e-09	4.968576758e-09	0.9999999828	4.365686944e-09	3.276952894e-09	
4.616699069e-09	4.968519496e-09	0.9999999829	4.281166141e-09	3.276916475e-09	
4.616752491e-09	4.968576758e-09	0.9999999828	4.365686944e-09	3.276952894e-09	
6.812495888e-08	0.0006666929085	0.9991201968	6.37783368e-08	0.0002129783877	
4.616420481e-09	4.535974806e-09	0.9999999833	4.36537544e-09	3.181775913e-09	
4.616367063e-09	4.53592253e-09	0.9999999834	4.280860667e-09	3.181740552e-09	
4.616420481e-09	4.535974806e-09	0.9999999833	4.36537544e-09	3.181775913e-09	
4.616367063e-09	4.535922505e-09	0.9999999834	4.280860645e-09	3.181740548e-09	
4.616420481e-09	4.535974806e-09	0.9999999833	4.36537544e-09	3.181775913e-09	
4.616367063e-09	4.53592253e-09	0.9999999834	4.280860667e-09	3.181740552e-09	
4.616420481e-09	4.535974806e-09	0.9999999833	4.36537544e-09	3.181775913e-09	
4.616420481e-09	4.53597483e-09	0.9999999833	4.365375463e-09	3.181775916e-09	
4.616473899e-09	4.536027107e-09	0.9999999832	4.451558766e-09	3.181811278e-09	
4.616420481e-09	4.535974806e-09	0.9999999833	4.36537544e-09	3.181775913e-09	
4.616473899e-09	4.536027107e-09	0.9999999832	4.451558766e-09	3.181811278e-09	
4.616420481e-09	4.53597483e-09	0.9999999833	4.365375463e-09	3.181775916e-09	
4.616473899e-09	4.536027107e-09	0.9999999832	4.451558766e-09	3.181811278e-09	
1.498739508e-08	1.464424282e-08	0.9998587179	0.0001412421905	1.027222627e-08	
4.616420481e-09	4.53597483e-09	0.9999999833	4.365375463e-09	3.181775916e-09	
4.616367063e-09	4.53592253e-09	0.9999999834	4.280860667e-09	3.181740552e-09	
4.616420481e-09	4.53597483e-09	0.9999999833	4.365375463e-09	3.181775916e-09	
4.616367063e-09	4.535922554e-09	0.9999999834	4.28086069e-09	3.181740555e-09	
4.616420481e-09	4.53597483e-09	0.9999999833	4.365375463e-09	3.181775916e-09	
4.616420481e-09	4.535974806e-09	0.9999999833	4.36537544e-09	3.181775913e-09	
4.616473899e-09	4.536027107e-09	0.9999999832	4.451558766e-09	3.181811278e-09	
4.616420481e-09	4.53597483e-09	0.9999999833	4.365375463e-09	3.181775916e-09	
4.616473899e-09	4.536027107e-09	0.9999999832	4.451558766e-09	3.181811278e-09	
1.498739508e-08	1.464424282e-08	0.9998587179	0.0001412421905	1.027222627e-08	
4.616420481e-09	4.535974806e-09	0.9999999833	4.36537544e-09	3.181775913e-09	
4.616367063e-09	4.53592253e-09	0.9999999834	4.280860667e-09	3.181740552e-09	
4.616420481e-09	4.535974806e-09	0.9999999833	4.36537544e-09	3.181775913e-09	
4.616420481e-09	4.53597483e-09	0.9999999833	4.365375463e-09	3.181775916e-09	
4.616473899e-09	4.536027107e-09	0.9999999832	4.451558766e-09	3.181811278e-09	
1.498739508e-08	1.464424282e-08	0.9998587179	0.0001412421905	1.027222627e-08	
4.616420481e-09	4.53597483e-09	0.9999999833	4.365375463e-09	3.181775916e-09	
1.498739508e-08	1.464424282e-08	0.9998587179	0.0001412421905	1.027222627e-08	
2.681059407e-08	0.0006349768518	2.737667456e-08	2.566391458e-08	0.9993649433	
8.21430916e-09	0.914064846	8.372407185e-09	7.699134232e-09	0.08593512972	
8.227291063e-09	0.9134306174	8.385659483e-09	7.711301959e-09	0.08656935827	
1.339114549e-08	0.8809203608	1.365749246e-08	6.060603241e-05	0.1190190061	
2.681059419e-08	0.000635017483	2.737667468e-08	2.566391472e-08	0.9993649027	
8.586768307e-09	0.8958703852	8.748772524e-09	8.125236971e-09	0.1041295893	
9.713201613e-09	0.934811246	7.937636919e-09	7.302057582e-09	0.06518872907	
9.250899566e-09	0.8959365322	9.306196711e-06	8.753701876e-09	0.1040541436	
8.249826554e-09	0.9123325311	8.408664649e-09	7.826069497e-09	0.08766744446	
8.052259388e-09	0.9219841462	8.205630849e-09	7.628694517e-09	0.07801582992	
8.39124098e-09	0.9054208792	8.55481801e-09	7.864969002e-09	0.09457909599	
2.425144046e-08	0.0005536330373	2.476853649e-08	2.296745546e-08	0.999446295	
2.411192162e-08	0.000549198095	2.46261031e-08	2.283532342e-08	0.9994507303	
2.854664575e-08	0.0003852587413	2.917372169e-08	0.0001305442378	0.9994841393	
6.810203547e-09	3.309160501e-08	6.968155886e-09	6.586899739e-09	0.9999999465	
2.092371468e-08	0.0004478501471	2.136189019e-08	2.000550767e-08	0.9995520876	
3.779578797e-08	0.0007462484214	3.094964982e-08	2.870983855e-08	0.9992536541	
2.255785309e-08	0.0004481976134	2.273890437e-05	2.15680085e-08	0.9995290194	
2.387530352e-08	0.0005416711939	2.438454324e-08	2.288507182e-08	0.9994582577	
2.61845764e-08	0.0006150773657	2.673765286e-08	2.506585464e-08	0.9993848446	
2.251087158e-08	0.000498304855	2.299642897e-08	2.131903922e-08	0.9995016283	
1.778055416e-08	0.0003479380722	1.815939449e-08	1.703883087e-08	0.9996520089	
8.428130702e-09	0.9019510477	8.592116828e-09	7.815575972e-09	0.09804892751	
2.425144069e-08	0.0005536684663	2.476853674e-08	2.29674557e-08	0.9994462595	
8.774015939e-09	0.8823621238	8.941375824e-09	8.214168167e-09	0.1176378502	
9.981295239e-09	0.9259369808	8.158386553e-09	7.423840481e-09	0.07406299359	
9.452729606e-09	0.8824366095	9.511172273e-06	8.849605285e-09	0.117553861	
8.259081903e-09	0.9115289629	8.418108951e-09	7.74146439e-09	0.08847101273	
8.58609897e-09	0.8930035897	8.755259492e-09	7.96206267e-09	0.106996385	
9.283272344e-09	0.8535171629	9.463727003e-09	8.710638181e-09	0.1464828096	
2.411192186e-08	0.0005492332404	2.462610335e-08	2.283532366e-08	0.9994506952	
8.785633516e-09	0.8815242457	8.953236927e-09	8.225044463e-09	0.1184757283	
9.998028077e-09	0.9253832198	8.172083445e-09	7.436285958e-09	0.07461675459	
9.465252073e-09	0.8815992393	9.523795485e-06	8.861328773e-09	0.1183912186	
8.462311898e-09	0.9000012529	8.627021034e-09	7.942309198e-09	0.0999987221	
8.598206306e-09	0.8922322485	8.767626836e-09	7.973290054e-09	0.1077677262	
9.29340035e-09	0.8525081779	9.474075087e-09	8.720141453e-09	0.1474917946	
2.854664634e-08	0.0003852833995	2.917372229e-08	0.0001305442406	0.9994841146	
1.411503267e-08	0.8391571181	1.439334586e-08	6.380788304e-05	0.1607790455	
1.520726117e-08	0.8392478624	1.531093669e-05	6.874560651e-05	0.1606680658	
1.369815026e-08	0.8632095338	1.397354617e-08	6.207932205e-05	0.1367283593	
1.344976302e-08	0.8775387214	1.371738554e-08	6.087419873e-05	0.1224003772	
1.475728257e-08	0.8021036952	1.505363733e-08	6.686249125e-05	0.1978294125	
1.529054552e-08	9.379633655e-05	1.562963002e-08	0.9998693401	3.683263536e-05	
1.534263469e-08	9.374025644e-05	1.562627248e-08	0.9998694047	3.682405089e-05	
1.529053692e-08	9.3740068e-05	1.562624108e-08	0.999869405	3.682397991e-05	
1.529051829e-08	9.38595166e-05	1.556905274e-08	0.9998692673	3.684229307e-05	
2.092371502e-08	0.0004478788097	2.136189055e-08	2.000550801e-08	0.9995520589	
3.779578787e-08	0.0007462961673	3.094964974e-08	2.87098385e-08	0.9992536064	
2.255785346e-08	0.0004482262982	2.273890475e-05	2.156800886e-08	0.9995289907	
2.387530377e-08	0.0005417058578	2.43845435e-08	2.288507208e-08	0.999458223	
2.618457655e-08	0.0006151167243	2.673765302e-08	2.50658548e-08	0.9993848053	
2.251087188e-08	0.0004983367451	2.299642928e-08	2.131903952e-08	0.9995015964	
1.778055457e-08	0.0003479603426	1.815939491e-08	1.703883127e-08	0.9996519867	
1.04626458e-08	0.9100086574	8.548639095e-09	7.856311535e-09	0.08999131574	
9.809493397e-09	0.8585830976	9.866462612e-06	9.271471947e-09	0.1414070168	
8.805796771e-09	0.8800745796	8.973823134e-09	8.343761161e-09	0.1199253942	
8.628502941e-09	0.8928605286	8.791364835e-09	8.165113819e-09	0.1071394458	
8.93184315e-09	0.8709793844	9.104420389e-09	8.361924336e-09	0.1290205892	
9.569986443e-09	0.8249582361	9.752377803e-09	9.065581145e-09	0.1750417356	
2.091852364e-08	0.0002187909847	2.134534346e-08	1.958377498e-08	0.9997811472	
1.127173927e-08	0.9100657693	9.093211161e-06	8.463882053e-09	0.0899251178	
1.002707813e-08	0.9244242017	8.195863048e-09	7.548213287e-09	0.07557577253	
9.77268962e-09	0.9328425941	7.986314416e-09	7.347125464e-09	0.06715738077	
1.02096254e-08	0.9183805658	8.347039505e-09	7.593666365e-09	0.08161940801	
1.115561852e-08	0.8870750901	9.11809884e-09	8.395654155e-09	0.1129248812	
0.001418624209	0.9983849055	8.587776053e-08	7.835399334e-08	0.0001963060808	
9.486985843e-09	0.8801504493	9.545704419e-06	8.989239528e-09	0.1198399865	
9.295884022e-09	0.8929285586	9.35152482e-06	8.796683829e-09	0.1070620718	
9.622851318e-09	0.8710606742	9.684693319e-06	9.008871984e-09	0.1289296225	
1.031073603e-08	0.8250649776	1.037432253e-05	9.767321657e-09	0.174924628	
2.255226115e-08	0.0002189607784	2.272129558e-05	2.111334123e-08	0.9997582743	
8.294329025e-09	0.9097505758	8.454091533e-09	7.868657493e-09	0.09024939958	
9.310978884e-09	0.8507635779	9.492035877e-09	8.842442811e-09	0.1492363944	
8.434624355e-09	0.9026570832	8.599115835e-09	7.906004693e-09	0.09734289182	
9.156025556e-09	0.8661994379	9.332178343e-09	8.683953713e-09	0.1338005349	
1.777523417e-08	0.000169971635	1.814440076e-08	1.667878549e-08	0.9998299758	
0.9999999829	4.614277388e-09	4.762501093e-09	4.447349739e-09	3.231729109e-09	
0.9999946493	5.337216261e-06	5.160507414e-09	4.718886942e-09	3.605508771e-09	
0.999999983	4.614483027e-09	4.762441691e-09	4.35461717e-09	3.231690488e-09	
0.999999983	4.614483027e-09	4.762441691e-09	4.35461717e-09	3.231690488e-09	
0.999999983	4.614790151e-09	4.762442056e-09	4.354890877e-09	3.23169073e-09	
0.999999983	4.614790151e-09	4.762442056e-09	4.354890877e-09	3.23169073e-09	
0.9999999829	4.614542979e-09	4.762503876e-09	4.451487026e-09	3.231730924e-09	
0.999999983	4.614790151e-09	4.762442056e-09	4.354890877e-09	3.23169073e-09	
0.999999983	4.610803965e-09	4.762439623e-09	4.354888675e-09	3.231689092e-09	
0.9999949464	5.000650388e-09	5.160648607e-09	5.039932905e-06	3.501893401e-09	
0.999999983	4.614483027e-09	4.762441691e-09	4.35461717e-09	3.231690488e-09	
0.999999983	4.614790151e-09	4.762442056e-09	4.354890877e-09	3.23169073e-09	
0.9999999829	4.614277388e-09	4.762501093e-09	4.447349739e-09	3.231729109e-09	
0.9999946494	5.336978415e-06	5.160571782e-09	4.819376721e-09	3.605551861e-09	
0.9999999829	4.614277388e-09	4.762501093e-09	4.447349739e-09	3.231729109e-09	
0.9999999829	4.614277388e-09	4.762501093e-09	4.447349739e-09	3.231729109e-09	
0.9999999829	4.614584498e-09	4.762501458e-09	4.447629275e-09	3.231729351e-09	
0.9999999829	4.614584498e-09	4.762501458e-09	4.447629275e-09	3.231729351e-09	
0.9999999828	4.614337337e-09	4.762563279e-09	4.546282461e-09	3.231769546e-09	
0.9999999829	4.614584498e-09	4.762501458e-09	4.447629275e-09	3.231729351e-09	
0.9999999829	4.610598489e-09	4.762499025e-09	4.447627026e-09	3.231727713e-09	
0.9999948391	5.000427003e-09	5.160712423e-09	5.147258878e-06	3.501934876e-09	
0.9999999829	4.614277388e-09	4.762501093e-09	4.447349739e-09	3.231729109e-09	
0.9999999829	4.614584498e-09	4.762501458e-09	4.447629275e-09	3.231729351e-09	
0.9999999828	4.614071758e-09	4.762560496e-09	4.54205707e-09	3.231767731e-09	
0.9998473585	1.551375836e-08	1.617760828e-08	0.0001525989066	1.087409538e-08	
0.9999946493	5.337216261e-06	5.160507414e-09	4.718886942e-09	3.605508771e-09	
0.9999946493	5.337216261e-06	5.160507414e-09	4.718886942e-09	3.605508771e-09	
0.9999946489	5.337571486e-06	5.160507808e-09	4.719183544e-09	3.60550904e-09	
0.9999946489	5.337571486e-06	5.160507808e-09	4.719183544e-09	3.60550904e-09	
0.9999946491	5.337285602e-06	5.160574797e-09	4.823860096e-09	3.605553885e-09	
0.9999946489	5.337571486e-06	5.160507808e-09	4.719183544e-09	3.60550904e-09	
0.9999887451	5.783861215e-06	5.591993356e-09	5.461525552e-06	3.906963389e-09	
0.9999946493	5.337216261e-06	5.160507414e-09	4.718886942e-09	3.605508771e-09	
0.9999946489	5.337571486e-06	5.160507808e-09	4.719183544e-09	3.60550904e-09	
0.9999946494	5.336978415e-06	5.160571782e-09	4.819376721e-09	3.605551861e-09	
0.999999983	4.614483027e-09	4.762441691e-09	4.35461717e-09	3.231690488e-09	
0.999999983	4.614790151e-09	4.762442056e-09	4.354890877e-09	3.23169073e-09	
0.999999983	4.614790151e-09	4.762442056e-09	4.354890877e-09	3.23169073e-09	
0.9999999829	4.614542979e-09	4.762503876e-09	4.451487026e-09	3.231730924e-09	
0.999999983	4.614790151e-09	4.762442056e-09	4.354890877e-09	3.23169073e-09	
0.999999983	4.610803965e-09	4.762439623e-09	4.354888675e-09	3.231689092e-09	
0.9999949464	5.000650388e-09	5.160648607e-09	5.039932905e-06	3.501893401e-09	
0.999999983	4.614483027e-09	4.762441691e-09	4.35461717e-09	3.231690488e-09	
0.999999983	4.614790151e-09	4.762442056e-09	4.354890877e-09	3.23169073e-09	
0.9999999829	4.614277388e-09	4.762501093e-09	4.447349739e-09	3.231729109e-09	
0.999999983	4.614790151e-09	4.762442056e-09	4.354890877e-09	3.23169073e-09	
0.999999983	4.614790151e-09	4.762442056e-09	4.354890877e-09	3.23169073e-09	
0.9999999829	4.614542979e-09	4.762503876e-09	4.451487026e-09	3.231730924e-09	
0.999999983	4.614790151e-09	4.762442056e-09	4.354890877e-09	3.23169073e-09	
0.999999983	4.610803965e-09	4.762439623e-09	4.354888675e-09	3.231689092e-09	
0.9999949464	5.000650388e-09	5.160648607e-09	5.039932905e-06	3.501893401e-09	
0.999999983	4.614483027e-09	4.762441691e-09	4.35461717e-09	3.231690488e-09	
0.999999983	4.614790151e-09	4.762442056e-09	4.354890877e-09	3.23169073e-09	
0.9999999829	4.614277388e-09	4.762501093e-09	4.447349739e-09	3.231729109e-09	
0.999999983	4.615097296e-09	4.762442421e-09	4.355164602e-09	3.231690971e-09	
0.9999999829	4.614850107e-09	4.762504241e-09	4.451766822e-09	3.231731166e-09	
0.999999983	4.615097296e-09	4.762442421e-09	4.355164602e-09	3.231690971e-09	
0.999999983	4.611110844e-09	4.762439989e-09	4.3551624e-09	3.231689333e-09	
0.9999949461	5.000983212e-09	5.160649001e-09	5.040249686e-06	3.501893662e-09	
0.999999983	4.614790151e-09	4.762442056e-09	4.354890877e-09	3.23169073e-09	
0.9999999829	4.614584498e-09	4.762501458e-09	4.447629275e-09	3.231729351e-09	
0.9999999829	4.614850107e-09	4.762504241e-09	4.451766822e-09	3.231731166e-09	
0.999999983	4.611110844e-09	4.762439989e-09	4.3551624e-09	3.231689333e-09	
0.9999949461	5.000983212e-09	5.160649001e-09	5.040249686e-06	3.501893662e-09	
0.999999983	4.614790151e-09	4.762442056e-09	4.354890877e-09	3.23169073e-09	
0.999999983	4.615097296e-09	4.762442421e-09	4.355164602e-09	3.231690971e-09	
0.9999999829	4.614584498e-09	4.762501458e-09	4.447629275e-09	3.231729351e-09	
0.9999999829	4.614850107e-09	4.762504241e-09	4.451766822e-09	3.231731166e-09	
0.9999999829	4.610863869e-09	4.762501809e-09	4.451764571e-09	3.231729528e-09	
0.9999999829	4.614542979e-09	4.762503876e-09	4.451487026e-09	3.231730924e-09	
0.9999999829	4.614850107e-09	4.762504241e-09	4.451766822e-09	3.231731166e-09	
0.9999999828	4.614337337e-09	4.762563279e-09	4.546282461e-09	3.231769546e-09	
0.9998472166	1.551464911e-08	1.617761543e-08	0.0001527408448	1.087409995e-08	
0.999999983	4.611110844e-09	4.762439989e-09	4.3551624e-09	3.231689333e-09	
0.9999949461	5.000983212e-09	5.160649001e-09	5.040249686e-06	3.501893662e-09	
0.999999983	4.614790151e-09	4.762442056e-09	4.354890877e-09	3.23169073e-09	
0.999999983	4.615097296e-09	4.762442421e-09	4.355164602e-09	3.231690971e-09	
0.9999999829	4.614584498e-09	4.762501458e-09	4.447629275e-09	3.231729351e-09	
0.9999949461	4.996663438e-09	5.160646365e-09	5.040247138e-06	3.501891887e-09	
0.999999983	4.610803965e-09	4.762439623e-09	4.354888675e-09	3.231689092e-09	
0.999999983	4.611110844e-09	4.762439989e-09	4.3551624e-09	3.231689333e-09	
0.9999999829	4.610598489e-09	4.762499025e-09	4.447627026e-09	3.231727713e-09	
0.9999949464	5.000650388e-09	5.160648607e-09	5.039932905e-06	3.501893401e-09	
0.9999949461	5.000983212e-09	5.160649001e-09	5.040249686e-06	3.501893662e-09	
0.9999948391	5.000427003e-09	5.160712423e-09	5.147258878e-06	3.501934876e-09	
0.001064016535	6.787140842e-08	7.009886554e-08	0.9989357979	4.756728353e-08	
0.999999983	4.614790151e-09	4.762442056e-09	4.354890877e-09	3.23169073e-09	
0.9999999829	4.614277388e-09	4.762501093e-09	4.447349739e-09	3.231729109e-09	
0.9999999829	4.614584498e-09	4.762501458e-09	4.447629275e-09	3.231729351e-09	
0.9998473585	1.551375836e-08	1.617760828e-08	0.0001525989066	1.087409538e-08	
6.803013568e-09	6.68446385e-09	6.909803004e-09	6.308582264e-09	0.9999999733	
6.803013568e-09	6.68446385e-09	6.909803004e-09	6.308582264e-09	0.9999999733	
6.803013568e-09	6.68446385e-09	6.909803004e-09	6.308582264e-09	0.9999999733	
6.803013568e-09	6.68446385e-09	6.909803004e-09	6.308582264e-09	0.9999999733	
6.803013568e-09	6.68446385e-09	6.909803004e-09	6.308582264e-09	0.9999999733	
6.803013567e-09	6.684463312e-09	6.909802983e-09	6.308582264e-09	0.9999999733	
6.803013568e-09	6.68446385e-09	6.909803004e-09	6.308582264e-09	0.9999999733	
6.803013567e-09	6.684463312e-09	6.909802983e-09	6.308582264e-09	0.9999999733	
6.803013567e-09	6.684463312e-09	6.909802983e-09	6.308582264e-09	0.9999999733	
6.803013568e-09	6.68446385e-09	6.909803004e-09	6.308582264e-09	0.9999999733	
6.803013568e-09	6.68446385e-09	6.909803004e-09	6.308582264e-09	0.9999999733	
6.803013568e-09	6.68446385e-09	6.909803004e-09	6.308582264e-09	0.9999999733	
6.803013568e-09	6.68446385e-09	6.909803004e-09	6.308582264e-09	0.9999999733	
6.803359792e-09	7.263994334e-09	6.93195467e-09	6.308901234e-09	0.9999999727	
6.803013568e-09	6.68446385e-09	6.909803004e-09	6.308582264e-09	0.9999999733	
6.803013568e-09	6.68446385e-09	6.909803004e-09	6.308582264e-09	0.9999999733	
6.803013568e-09	6.68446385e-09	6.909803004e-09	6.308582264e-09	0.9999999733	
6.803013568e-09	6.68446385e-09	6.909803004e-09	6.308582264e-09	0.9999999733	
6.803013567e-09	6.684463312e-09	6.909802983e-09	6.308582264e-09	0.9999999733	
6.803013568e-09	6.68446385e-09	6.909803004e-09	6.308582264e-09	0.9999999733	
6.803013567e-09	6.684463312e-09	6.909802983e-09	6.308582264e-09	0.9999999733	
6.803013567e-09	6.684463312e-09	6.909802983e-09	6.308582264e-09	0.9999999733	
6.803013568e-09	6.68446385e-09	6.909803004e-09	6.308582264e-09	0.9999999733	
6.803013568e-09	6.68446385e-09	6.909803004e-09	6.308582264e-09	0.9999999733	
6.803013568e-09	6.68446385e-09	6.909803004e-09	6.308582264e-09	0.9999999733	
6.803013568e-09	6.68446385e-09	6.909803004e-09	6.308582264e-09	0.9999999733	
6.803359792e-09	7.263994334e-09	6.93195467e-09	6.308901234e-09	0.9999999727	
6.803013568e-09	6.68446385e-09	6.909803004e-09	6.308582264e-09	0.9999999733	
6.803013568e-09	6.68446385e-09	6.909803004e-09	6.308582264e-09	0.9999999733	
6.803013568e-09	6.68446385e-09	6.909803004e-09	6.308582264e-09	0.9999999733	
6.803013567e-09	6.684463312e-09	6.909802983e-09	6.308582264e-09	0.9999999733	
6.803013568e-09	6.68446385e-09	6.909803004e-09	6.308582264e-09	0.9999999733	
6.803013567e-09	6.684463312e-09	6.909802983e-09	6.308582264e-09	0.9999999733	
6.803013567e-09	6.684463312e-09	6.909802983e-09	6.308582264e-09	0.9999999733	
6.803013568e-09	6.68446385e-09	6.909803004e-09	6.308582264e-09	0.9999999733	
6.803013568e-09	6.68446385e-09	6.909803004e-09	6.308582264e-09	0.9999999733	
6.803013568e-09	6.68446385e-09	6.909803004e-09	6.308582264e-09	0.9999999733	
6.803013568e-09	6.68446385e-09	6.909803004e-09	6.308582264e-09	0.9999999733	
6.803359792e-09	7.263994334e-09	6.93195467e-09	6.308901234e-09	0.9999999727	
6.803013568e-09	6.68446385e-09	6.909803004e-09	6.308582264e-09	0.9999999733	
6.803013568e-09	6.68446385e-09	6.909803004e-09	6.308582264e-09	0.9999999733	
6.803013567e-09	6.684463312e-09	6.909802983e-09	6.308582264e-09	0.9999999733	
6.803013568e-09	6.68446385e-09	6.909803004e-09	6.308582264e-09	0.9999999733	
6.803013567e-09	6.684463312e-09	6.909802983e-09	6.308582264e-09	0.9999999733	
6.803013567e-09	6.684463312e-09	6.909802983e-09	6.308582264e-09	0.9999999733	
6.803013568e-09	6.68446385e-09	6.909803004e-09	6.308582264e-09	0.9999999733	
6.803013568e-09	6.68446385e-09	6.909803004e-09	6.308582264e-09	0.9999999733	
6.803013568e-09	6.68446385e-09	6.909803004e-09	6.308582264e-09	0.9999999733	
6.803013568e-09	6.68446385e-09	6.909803004e-09	6.308582264e-09	0.9999999733	
6.803359792e-09	7.263994334e-09	6.93195467e-09	6.308901234e-09	0.9999999727	
6.803013568e-09	6.68446385e-09	6.909803004e-09	6.308582264e-09	0.9999999733	
6.803013567e-09	6.684463312e-09	6.909802983e-09	6.308582264e-09	0.9999999733	
6.803013568e-09	6.68446385e-09	6.909803004e-09	6.308582264e-09	0.9999999733	
6.803013567e-09	6.684463312e-09	6.909802983e-09	6.308582264e-09	0.9999999733	
6.803013567e-09	6.684463312e-09	6.909802983e-09	6.308582264e-09	0.9999999733	
6.803013568e-09	6.68446385e-09	6.909803004e-09	6.308582264e-09	0.9999999733	
6.803013568e-09	6.68446385e-09	6.909803004e-09	6.308582264e-09	0.9999999733	
6.803013568e-09	6.68446385e-09	6.909803004e-09	6.308582264e-09	0.9999999733	
6.803013568e-09	6.68446385e-09	6.909803004e-09	6.308582264e-09	0.9999999733	
6.803359792e-09	7.263994334e-09	6.93195467e-09	6.308901234e-09	0.9999999727	
6.803013567e-09	6.684463312e-09	6.909802983e-09	6.308582264e-09	0.9999999733	
6.803013568e-09	6.68446385e-09	6.909803004e-09	6.308582264e-09	0.9999999733	
6.803013567e-09	6.684463312e-09	6.909802983e-09	6.308582264e-09	0.9999999733	
6.803013567e-09	6.684463312e-09	6.909802983e-09	6.308582264e-09	0.9999999733	
6.803013568e-09	6.68446385e-09	6.909803004e-09	6.308582264e-09	0.9999999733	
6.803013568e-09	6.68446385e-09	6.909803004e-09	6.308582264e-09	0.9999999733	
6.803013568e-09	6.68446385e-09	6.909803004e-09	6.308582264e-09	0.9999999733	
6.803013568e-09	6.68446385e-09	6.909803004e-09	6.308582264e-09	0.9999999733	
6.803359792e-09	7.263994334e-09	6.93195467e-09	6.308901234e-09	0.9999999727	
6.803013567e-09	6.684463312e-09	6.909802983e-09	6.308582264e-09	0.9999999733	
6.803013567e-09	6.684462774e-09	6.909802961e-09	6.308582263e-09	0.9999999733	
6.803013567e-09	6.684462774e-09	6.909802961e-09	6.308582263e-09	0.9999999733	
6.803013567e-09	6.684463312e-09	6.909802983e-09	6.308582264e-09	0.9999999733	
6.803013567e-09	6.684463312e-09	6.909802983e-09	6.308582264e-09	0.9999999733	
6.803013567e-09	6.684463312e-09	6.909802983e-09	6.308582264e-09	0.9999999733	
6.803013567e-09	6.684463312e-09	6.909802983e-09	6.308582264e-09	0.9999999733	
6.803013567e-09	6.684463312e-09	6.909802983e-09	6.308582264e-09	0.9999999733	
6.803013567e-09	6.684463312e-09	6.909802983e-09	6.308582264e-09	0.9999999733	
6.803013568e-09	6.68446385e-09	6.909803004e-09	6.308582264e-09	0.9999999733	
6.803013568e-09	6.68446385e-09	6.909803004e-09	6.308582264e-09	0.9999999733	
6.803013568e-09	6.68446385e-09	6.909803004e-09	6.308582264e-09	0.9999999733	
6.803013568e-09	6.68446385e-09	6.909803004e-09	6.308582264e-09	0.9999999733	
6.803359792e-09	7.263994334e-09	6.93195467e-09	6.308901234e-09	0.9999999727	
6.803013567e-09	6.684462774e-09	6.909802961e-09	6.308582263e-09	0.9999999733	
6.803013567e-09	6.684463312e-09	6.909802983e-09	6.308582264e-09	0.9999999733	
6.803013567e-09	6.684463312e-09	6.909802983e-09	6.308582264e-09	0.9999999733	
6.803013567e-09	6.684463312e-09	6.909802983e-09	6.308582264e-09	0.9999999733	
6.803013567e-09	6.684463312e-09	6.909802983e-09	6.308582264e-09	0.9999999733	
6.803013567e-09	6.684463312e-09	6.909802983e-09	6.308582264e-09	0.9999999733	
6.803013567e-09	6.684463312e-09	6.909802983e-09	6.308582264e-09	0.9999999733	
6.803013567e-09	6.684463312e-09	6.909802983e-09	6.308582264e-09	0.9999999733	
6.803013567e-09	6.684463312e-09	6.909802983e-09	6.308582264e-09	0.9999999733	
6.803013568e-09	6.68446385e-09	6.909803004e-09	6.308582264e-09	0.9999999733	
6.803013568e-09	6.68446385e-09	6.909803004e-09	6.308582264e-09	0.9999999733	
6.803013568e-09	6.68446385e-09	6.909803004e-09	6.308582264e-09	0.9999999733	
6.803359792e-09	7.263994334e-09	6.93195467e-09	6.308901234e-09	0.9999999727	
6.803013568e-09	6.68446385e-09	6.909803004e-09	6.308582264e-09	0.9999999733	
6.803013568e-09	6.68446385e-09	6.909803004e-09	6.308582264e-09	0.9999999733	
6.803359792e-09	7.263994334e-09	6.93195467e-09	6.308901234e-09	0.9999999727	
6.803013568e-09	6.68446385e-09	6.909803004e-09	6.308582264e-09	0.9999999733	
6.803359792e-09	7.263994334e-09	6.93195467e-09	6.308901234e-09	0.9999999727	
6.803359792e-09	7.263994334e-09	6.93195467e-09	6.308901234e-09	0.9999999727	
5.056370517e-09	5.021713408e-09	5.155714321e-09	0.9999999813	3.499692476e-09	
5.07461651e-09	5.021723968e-09	5.155725247e-09	0.9999999812	3.499699588e-09	
5.784750301e-09	5.022112086e-09	5.156124985e-09	0.9999999805	3.499961783e-09	
5.056370517e-09	5.021713408e-09	5.155714321e-09	0.9999999813	3.499692476e-09	
5.07461651e-09	5.021723968e-09	5.155725247e-09	0.9999999812	3.499699588e-09	
7.409172038e-09	7.317424887e-09	3.397857857e-05	0.9999660016	5.099587273e-09	
5.07365191e-09	5.072766568e-09	5.174710995e-09	0.9999999812	3.513665067e-09	
5.056382713e-09	5.021725461e-09	5.177037661e-09	0.9999999812	3.49970061e-09	
5.056383088e-09	5.021726313e-09	5.178467492e-09	0.9999999812	3.499701163e-09	
5.05642371e-09	5.072756369e-09	5.174700594e-09	0.9999999812	3.513658293e-09	
5.0736092e-09	5.021734119e-09	5.174667311e-09	0.9999999812	3.499706424e-09	
5.056370483e-09	5.021713399e-09	5.155714312e-09	0.9999999813	3.499692475e-09	
5.074628095e-09	5.021735321e-09	5.175787918e-09	0.9999999812	3.499707243e-09	
5.056381961e-09	5.021724774e-09	5.175776898e-09	0.9999999812	3.499700134e-09	
5.056382713e-09	5.021725495e-09	5.177037647e-09	0.9999999812	3.499700616e-09	
5.056418247e-09	5.079221046e-09	5.155763126e-09	0.9999999812	3.515406176e-09	
5.075717986e-09	4.968224552e-09	5.156935742e-09	0.9999999813	3.484978434e-09	
5.074559943e-09	4.968211954e-09	5.13569446e-09	0.9999999813	3.484969887e-09	
5.784685818e-09	4.968595936e-09	5.136092645e-09	0.9999999806	3.485230979e-09	
5.074559943e-09	4.968211954e-09	5.13569446e-09	0.9999999813	3.484969887e-09	
5.073595353e-09	5.018710639e-09	5.154606445e-09	0.9999999813	3.498876587e-09	
5.056326349e-09	4.968213431e-09	5.156924072e-09	0.9999999813	3.484970905e-09	
5.056326724e-09	4.968214274e-09	5.158348348e-09	0.9999999813	3.484971455e-09	
5.056367346e-09	5.018700549e-09	5.154596085e-09	0.9999999813	3.498869842e-09	
5.073552644e-09	4.968221997e-09	5.154562931e-09	0.9999999813	3.484976695e-09	
5.056314119e-09	4.968201498e-09	5.135683568e-09	0.9999999814	3.484962804e-09	
5.074571527e-09	4.968223186e-09	5.155679184e-09	0.9999999813	3.48497751e-09	
5.056325596e-09	4.968212751e-09	5.155668207e-09	0.9999999813	3.484970431e-09	
5.056326349e-09	4.968213465e-09	5.156924058e-09	0.9999999813	3.484970911e-09	
5.056361882e-09	5.025096337e-09	5.135732192e-09	0.9999999813	3.500610369e-09	
5.094033794e-09	4.968235e-09	5.156946671e-09	0.9999999813	3.484985516e-09	
5.075717986e-09	4.968224552e-09	5.156935742e-09	0.9999999813	3.484978434e-09	
5.094033794e-09	4.968235e-09	5.156946671e-09	0.9999999813	3.484985516e-09	
7.4375221e-09	7.239483168e-09	3.398662804e-05	0.9999659936	5.078146622e-09	
5.093065503e-09	5.018733919e-09	5.175936917e-09	0.9999999812	3.498892278e-09	
5.075730228e-09	4.968236477e-09	5.178264134e-09	0.9999999813	3.484986533e-09	
5.075730604e-09	4.96823732e-09	5.179694303e-09	0.9999999813	3.484987084e-09	
5.075771382e-09	5.018723829e-09	5.175926513e-09	0.9999999812	3.498885533e-09	
5.09302263e-09	4.968245043e-09	5.175893222e-09	0.9999999813	3.484992323e-09	
5.075717951e-09	4.968224544e-09	5.156935734e-09	0.9999999813	3.484978432e-09	
5.094045423e-09	4.968246232e-09	5.177014094e-09	0.9999999813	3.484993139e-09	
3.151921155e-05	7.10947685e-09	7.449855206e-09	0.9999684612	4.986952914e-09	
5.075729473e-09	4.968235797e-09	5.177003072e-09	0.9999999813	3.48498606e-09	
5.075730228e-09	4.968236511e-09	5.17826412e-09	0.9999999813	3.48498654e-09	
5.075765897e-09	5.025119647e-09	5.156984559e-09	0.9999999812	3.500626067e-09	
5.805559948e-09	4.968606384e-09	5.136103529e-09	0.9999999806	3.485238061e-09	
5.074559943e-09	4.968211954e-09	5.13569446e-09	0.9999999813	3.484969887e-09	
5.092871573e-09	4.968222401e-09	5.135705344e-09	0.9999999813	3.484976969e-09	
5.091903503e-09	5.018721193e-09	5.154617369e-09	0.9999999812	3.498883697e-09	
5.074572182e-09	4.968223878e-09	5.156935001e-09	0.9999999813	3.484977986e-09	
5.074572559e-09	4.968224722e-09	5.158359279e-09	0.9999999813	3.484978537e-09	
5.074613327e-09	5.018711102e-09	5.154607009e-09	0.9999999813	3.498876952e-09	
5.091860639e-09	4.968232445e-09	5.154573854e-09	0.9999999813	3.484983776e-09	
5.074559909e-09	4.968211945e-09	5.135694452e-09	0.9999999813	3.484969885e-09	
5.092883199e-09	4.968233633e-09	5.15569011e-09	0.9999999813	3.484984592e-09	
3.151202056e-05	7.109458873e-09	7.419169502e-09	0.9999684685	4.98694072e-09	
5.074571428e-09	4.968223199e-09	5.155679133e-09	0.9999999813	3.484977513e-09	
5.074572182e-09	4.968223913e-09	5.156934987e-09	0.9999999813	3.484977993e-09	
5.074607844e-09	5.025106904e-09	5.135743076e-09	0.9999999813	3.500617482e-09	
5.784685818e-09	4.968595936e-09	5.136092645e-09	0.9999999806	3.485230979e-09	
5.805559948e-09	4.968606384e-09	5.136103529e-09	0.9999999806	3.485238061e-09	
5.804456408e-09	5.019109079e-09	5.155017021e-09	0.9999999805	3.499145831e-09	
5.78469977e-09	4.968607862e-09	5.157334832e-09	0.9999999806	3.485239078e-09	
5.784746673e-09	5.019098988e-09	5.15500666e-09	0.9999999805	3.499139085e-09	
5.804407546e-09	4.968616429e-09	5.154973503e-09	0.9999999806	3.485244869e-09	
5.784685778e-09	4.968595928e-09	5.136092636e-09	0.9999999806	3.485230977e-09	
5.805573201e-09	4.968617617e-09	5.156089845e-09	0.9999999806	3.485245685e-09	
5.784698909e-09	4.968607182e-09	5.156078867e-09	0.9999999806	3.485238605e-09	
5.78469977e-09	4.968607896e-09	5.157334818e-09	0.9999999806	3.485239085e-09	
5.784740422e-09	5.025495284e-09	5.136141264e-09	0.9999999806	3.500879746e-09	
5.074559943e-09	4.968211954e-09	5.13569446e-09	0.9999999813	3.484969887e-09	
5.073595353e-09	5.018710639e-09	5.154606445e-09	0.9999999813	3.498876587e-09	
5.056326349e-09	4.968213431e-09	5.156924072e-09	0.9999999813	3.484970905e-09	
5.056326724e-09	4.968214274e-09	5.158348348e-09	0.9999999813	3.484971455e-09	
5.056367346e-09	5.018700549e-09	5.154596085e-09	0.9999999813	3.498869842e-09	
5.073552644e-09	4.968221997e-09	5.154562931e-09	0.9999999813	3.484976695e-09	
5.056314119e-09	4.968201498e-09	5.135683568e-09	0.9999999814	3.484962804e-09	
5.074571527e-09	4.968223186e-09	5.155679184e-09	0.9999999813	3.48497751e-09	
5.056325596e-09	4.968212751e-09	5.155668207e-09	0.9999999813	3.484970431e-09	
5.056326349e-09	4.968213465e-09	5.156924058e-09	0.9999999813	3.484970911e-09	
5.056361882e-09	5.025096337e-09	5.135732192e-09	0.9999999813	3.500610369e-09	
5.091903503e-09	5.018721193e-09	5.154617369e-09	0.9999999812	3.498883697e-09	
5.074572182e-09	4.968223878e-09	5.156935001e-09	0.9999999813	3.484977986e-09	
5.074572559e-09	4.968224722e-09	5.158359279e-09	0.9999999813	3.484978537e-09	
5.074613327e-09	5.018711102e-09	5.154607009e-09	0.9999999813	3.498876952e-09	
5.091860639e-09	4.968232445e-09	5.154573854e-09	0.9999999813	3.484983776e-09	
5.074559909e-09	4.968211945e-09	5.135694452e-09	0.9999999813	3.484969885e-09	
5.092883199e-09	4.968233633e-09	5.15569011e-09	0.9999999813	3.484984592e-09	
3.151202056e-05	7.109458873e-09	7.419169502e-09	0.9999684685	4.98694072e-09	
5.074571428e-09	4.968223199e-09	5.155679133e-09	0.9999999813	3.484977513e-09	
5.074572182e-09	4.968223913e-09	5.156934987e-09	0.9999999813	3.484977993e-09	
5.074607844e-09	5.025106904e-09	5.135743076e-09	0.9999999813	3.500617482e-09	
7.434411891e-09	7.313049435e-09	3.39712774e-05	0.9999660089	5.098398435e-09	
7.409107258e-09	7.239466963e-09	3.398655113e-05	0.9999659937	5.078135651e-09	
7.409107738e-09	7.239468124e-09	3.399593745e-05	0.9999659843	5.078136406e-09	
7.409167445e-09	7.313034732e-09	3.397120912e-05	0.999966009	5.098388607e-09	
7.43434931e-09	7.239479558e-09	3.397099063e-05	0.9999660093	5.078144167e-09	
7.43584224e-09	7.239481237e-09	3.397834701e-05	0.9999660019	5.078145318e-09	
4.600763707e-05	1.035927135e-08	4.889426946e-05	0.9999050805	7.266506972e-09	
7.409106217e-09	7.239466033e-09	3.397827467e-05	0.999966002	5.078135003e-09	
7.409107258e-09	7.239467013e-09	3.398655104e-05	0.9999659937	5.078135661e-09	
5.07360759e-09	5.018722685e-09	5.175925204e-09	0.9999999812	3.498884719e-09	
5.073607967e-09	5.018723537e-09	5.177354727e-09	0.9999999812	3.498885272e-09	
5.073648728e-09	5.069723079e-09	5.173588639e-09	0.9999999812	3.512839148e-09	
5.090892761e-09	5.018731339e-09	5.173555362e-09	0.9999999812	3.498890532e-09	
5.073595319e-09	5.018710631e-09	5.154606437e-09	0.9999999813	3.498876585e-09	
3.150603083e-05	7.181722002e-09	7.446490335e-09	0.9999684743	5.006841033e-09	
5.073606836e-09	5.018721998e-09	5.174664711e-09	0.9999999812	3.498884243e-09	
5.07360759e-09	5.01872272e-09	5.175925189e-09	0.9999999812	3.498884725e-09	
5.073643245e-09	5.07618389e-09	5.15465524e-09	0.9999999812	3.514586624e-09	
5.056338919e-09	4.968226199e-09	5.179682582e-09	0.9999999813	3.484979554e-09	
5.056379541e-09	5.018712595e-09	5.175914801e-09	0.9999999813	3.498877974e-09	
5.073564881e-09	4.968233922e-09	5.175881509e-09	0.9999999813	3.484984794e-09	
5.056326314e-09	4.968213422e-09	5.156924064e-09	0.9999999813	3.484970903e-09	
5.074583767e-09	4.968235111e-09	5.177002379e-09	0.9999999813	3.48498561e-09	
5.056337792e-09	4.968224676e-09	5.176991357e-09	0.9999999813	3.48497853e-09	
5.056338544e-09	4.96822539e-09	5.178252402e-09	0.9999999813	3.48497901e-09	
5.056379916e-09	5.018713447e-09	5.177344321e-09	0.9999999812	3.498878526e-09	
5.073565257e-09	4.968234765e-09	5.17731102e-09	0.9999999813	3.484985344e-09	
5.05632669e-09	4.968214266e-09	5.158348339e-09	0.9999999813	3.484971454e-09	
5.074584143e-09	4.968235954e-09	5.1784322e-09	0.9999999813	3.48498616e-09	
5.056338167e-09	4.968225519e-09	5.178421174e-09	0.9999999813	3.484979081e-09	
5.056374453e-09	5.025109251e-09	5.158397177e-09	0.9999999813	3.500619057e-09	
5.073606018e-09	5.018721248e-09	5.173544964e-09	0.9999999812	3.498883787e-09	
5.056367311e-09	5.01870054e-09	5.154596076e-09	0.9999999813	3.49886984e-09	
5.074624912e-09	5.018722449e-09	5.174665328e-09	0.9999999812	3.498884606e-09	
5.056378789e-09	5.018711908e-09	5.174654311e-09	0.9999999813	3.498877498e-09	
5.056379541e-09	5.018712629e-09	5.175914786e-09	0.9999999813	3.49887798e-09	
5.056415075e-09	5.076173685e-09	5.154644879e-09	0.9999999812	3.514579848e-09	
5.073552609e-09	4.968221989e-09	5.154562922e-09	0.9999999813	3.484976693e-09	
5.091872263e-09	4.968243677e-09	5.174632044e-09	0.9999999813	3.4849914e-09	
3.150576563e-05	7.10947329e-09	7.446427475e-09	0.9999684747	4.986950492e-09	
5.073564126e-09	4.968233242e-09	5.174621027e-09	0.9999999813	3.48498432e-09	
5.073564881e-09	4.968233956e-09	5.175881495e-09	0.9999999813	3.4849848e-09	
5.073600535e-09	5.025117063e-09	5.154611725e-09	0.9999999812	3.50062432e-09	
5.074571493e-09	4.968223178e-09	5.155679176e-09	0.9999999813	3.484977509e-09	
5.056325562e-09	4.968212743e-09	5.155668199e-09	0.9999999813	3.484970429e-09	
5.056326314e-09	4.968213457e-09	5.15692405e-09	0.9999999813	3.484970909e-09	
5.056361848e-09	5.025096329e-09	5.135732183e-09	0.9999999813	3.500610367e-09	
3.151209249e-05	7.109474946e-09	7.448039999e-09	0.9999684684	4.986951628e-09	
5.074583012e-09	4.968234431e-09	5.175741624e-09	0.9999999813	3.484985136e-09	
5.074583767e-09	4.968235145e-09	5.177002365e-09	0.9999999813	3.484985616e-09	
5.074619428e-09	5.025118265e-09	5.155727989e-09	0.9999999812	3.50062514e-09	
5.056337792e-09	4.96822471e-09	5.176991343e-09	0.9999999813	3.484978537e-09	
5.056373325e-09	5.025107711e-09	5.155717012e-09	0.9999999813	3.500618028e-09	
5.056374077e-09	5.025108433e-09	5.156972875e-09	0.9999999813	3.500618511e-09	
