4.616420481e-09	4.535975567e-09	0.9999999833	4.36537544e-09	3.181773042e-09	
4.616420481e-09	4.535975592e-09	0.9999999833	4.365375463e-09	3.181773046e-09	
4.616420481e-09	4.535975592e-09	0.9999999833	4.365375463e-09	3.181773046e-09	
4.616420481e-09	4.535975567e-09	0.9999999833	4.36537544e-09	3.181773042e-09	
4.616752491e-09	4.968575839e-09	0.9999999828	4.365686943e-09	3.276950571e-09	
4.616420481e-09	4.535975567e-09	0.9999999833	4.36537544e-09	3.181773042e-09	
4.616473899e-09	4.536027869e-09	0.9999999832	4.451558766e-09	3.181808407e-09	
4.616420481e-09	4.535975592e-09	0.9999999833	4.365375463e-09	3.181773046e-09	
4.616473899e-09	4.536027869e-09	0.9999999832	4.451558766e-09	3.181808407e-09	
4.616420481e-09	4.535975567e-09	0.9999999833	4.36537544e-09	3.181773042e-09	
4.616473899e-09	4.536027869e-09	0.9999999832	4.451558766e-09	3.181808407e-09	
4.616420481e-09	4.535975592e-09	0.9999999833	4.365375463e-09	3.181773046e-09	
4.616473899e-09	4.536027869e-09	0.9999999832	4.451558766e-09	3.181808407e-09	
1.498739508e-08	1.464424528e-08	0.9998587179	0.0001412421905	1.0272217e-08	
4.616367063e-09	4.535923291e-09	0.9999999834	4.280860667e-09	3.181737681e-09	
4.616367063e-09	4.535923291e-09	0.9999999834	4.280860667e-09	3.181737681e-09	
4.616367063e-09	4.535923267e-09	0.9999999834	4.280860645e-09	3.181737677e-09	
4.616699069e-09	4.96851855e-09	0.9999999829	4.281166118e-09	3.276914148e-09	
4.616367063e-09	4.535923267e-09	0.9999999834	4.280860645e-09	3.181737677e-09	
4.616420481e-09	4.535975567e-09	0.9999999833	4.36537544e-09	3.181773042e-09	
4.616367063e-09	4.535923291e-09	0.9999999834	4.280860667e-09	3.181737681e-09	
4.616420481e-09	4.535975567e-09	0.9999999833	4.36537544e-09	3.181773042e-09	
4.616367063e-09	4.535923267e-09	0.9999999834	4.280860645e-09	3.181737677e-09	
4.616420481e-09	4.535975567e-09	0.9999999833	4.36537544e-09	3.181773042e-09	
4.616367063e-09	4.535923291e-09	0.9999999834	4.280860667e-09	3.181737681e-09	
4.616420481e-09	4.535975567e-09	0.9999999833	4.36537544e-09	3.181773042e-09	
4.616367063e-09	4.535923316e-09	0.9999999834	4.28086069e-09	3.181737685e-09	
4.616367063e-09	4.535923291e-09	0.9999999834	4.280860667e-09	3.181737681e-09	
4.616699069e-09	4.968518577e-09	0.9999999829	4.28116614e-09	3.276914152e-09	
4.616367063e-09	4.535923291e-09	0.9999999834	4.280860667e-09	3.181737681e-09	
4.616420481e-09	4.535975592e-09	0.9999999833	4.365375463e-09	3.181773046e-09	
4.616367063e-09	4.535923316e-09	0.9999999834	4.28086069e-09	3.181737685e-09	
4.616420481e-09	4.535975592e-09	0.9999999833	4.365375463e-09	3.181773046e-09	
4.616367063e-09	4.535923291e-09	0.9999999834	4.280860667e-09	3.181737681e-09	
4.616420481e-09	4.535975592e-09	0.9999999833	4.365375463e-09	3.181773046e-09	
4.616420481e-09	4.535975592e-09	0.9999999833	4.365375463e-09	3.181773046e-09	
4.616367063e-09	4.535923291e-09	0.9999999834	4.280860667e-09	3.181737681e-09	
4.616699069e-09	4.968518577e-09	0.9999999829	4.28116614e-09	3.276914152e-09	
4.616367063e-09	4.535923291e-09	0.9999999834	4.280860667e-09	3.181737681e-09	
4.616420481e-09	4.535975592e-09	0.9999999833	4.365375463e-09	3.181773046e-09	
4.616420481e-09	4.535975592e-09	0.9999999833	4.365375463e-09	3.181773046e-09	
4.616367063e-09	4.535923291e-09	0.9999999834	4.280860667e-09	3.181737681e-09	
4.616420481e-09	4.535975592e-09	0.9999999833	4.365375463e-09	3.181773046e-09	
4.616367063e-09	4.535923316e-09	0.9999999834	4.28086069e-09	3.181737685e-09	
4.616420481e-09	4.535975592e-09	0.9999999833	4.365375463e-09	3.181773046e-09	
4.616699069e-09	4.96851855e-09	0.9999999829	4.281166118e-09	3.276914148e-09	
4.616367063e-09	4.535923267e-09	0.9999999834	4.280860645e-09	3.181737677e-09	
4.616420481e-09	4.535975567e-09	0.9999999833	4.36537544e-09	3.181773042e-09	
4.616367063e-09	4.535923291e-09	0.9999999834	4.280860667e-09	3.181737681e-09	
4.616420481e-09	4.535975567e-09	0.9999999833	4.36537544e-09	3.181773042e-09	
4.616367063e-09	4.535923267e-09	0.9999999834	4.280860645e-09	3.181737677e-09	
4.616420481e-09	4.535975567e-09	0.9999999833	4.36537544e-09	3.181773042e-09	
4.616367063e-09	4.535923291e-09	0.9999999834	4.280860667e-09	3.181737681e-09	
4.616420481e-09	4.535975567e-09	0.9999999833	4.36537544e-09	3.181773042e-09	
4.616699069e-09	4.96851855e-09	0.9999999829	4.281166118e-09	3.276914148e-09	
4.616752491e-09	4.968575839e-09	0.9999999828	4.365686943e-09	3.276950571e-09	
4.616699069e-09	4.968518577e-09	0.9999999829	4.28116614e-09	3.276914152e-09	
4.616752491e-09	4.968575839e-09	0.9999999828	4.365686943e-09	3.276950571e-09	
4.616699069e-09	4.96851855e-09	0.9999999829	4.281166118e-09	3.276914148e-09	
4.616752491e-09	4.968575839e-09	0.9999999828	4.365686943e-09	3.276950571e-09	
4.616699069e-09	4.968518577e-09	0.9999999829	4.28116614e-09	3.276914152e-09	
4.616752491e-09	4.968575839e-09	0.9999999828	4.365686943e-09	3.276950571e-09	
6.812495884e-08	0.0006666910275	0.9991201977	6.377833964e-08	0.0002129793956	
4.616420481e-09	4.535975567e-09	0.9999999833	4.36537544e-09	3.181773042e-09	
4.616367063e-09	4.535923291e-09	0.9999999834	4.280860667e-09	3.181737681e-09	
4.616420481e-09	4.535975567e-09	0.9999999833	4.36537544e-09	3.181773042e-09	
4.616367063e-09	4.535923267e-09	0.9999999834	4.280860645e-09	3.181737677e-09	
4.616420481e-09	4.535975567e-09	0.9999999833	4.36537544e-09	3.181773042e-09	
4.616367063e-09	4.535923291e-09	0.9999999834	4.280860667e-09	3.181737681e-09	
4.616420481e-09	4.535975567e-09	0.9999999833	4.36537544e-09	3.181773042e-09	
4.616420481e-09	4.535975592e-09	0.9999999833	4.365375463e-09	3.181773046e-09	
4.616473899e-09	4.536027869e-09	0.9999999832	4.451558766e-09	3.181808407e-09	
4.616420481e-09	4.535975567e-09	0.9999999833	4.36537544e-09	3.181773042e-09	
4.616473899e-09	4.536027869e-09	0.9999999832	4.451558766e-09	3.181808407e-09	
4.616420481e-09	4.535975592e-09	0.9999999833	4.365375463e-09	3.181773046e-09	
4.616473899e-09	4.536027869e-09	0.9999999832	4.451558766e-09	3.181808407e-09	
1.498739508e-08	1.464424528e-08	0.9998587179	0.0001412421905	1.0272217e-08	
4.616420481e-09	4.535975592e-09	0.9999999833	4.365375463e-09	3.181773046e-09	
4.616367063e-09	4.535923291e-09	0.9999999834	4.280860667e-09	3.181737681e-09	
4.616420481e-09	4.535975592e-09	0.9999999833	4.365375463e-09	3.181773046e-09	
4.616367063e-09	4.535923316e-09	0.9999999834	4.28086069e-09	3.181737685e-09	
4.616420481e-09	4.535975592e-09	0.9999999833	4.365375463e-09	3.181773046e-09	
4.616420481e-09	4.535975567e-09	0.9999999833	4.36537544e-09	3.181773042e-09	
4.616473899e-09	4.536027869e-09	0.9999999832	4.451558766e-09	3.181808407e-09	
4.616420481e-09	4.535975592e-09	0.9999999833	4.365375463e-09	3.181773046e-09	
4.616473899e-09	4.536027869e-09	0.9999999832	4.451558766e-09	3.181808407e-09	
1.498739508e-08	1.464424528e-08	0.9998587179	0.0001412421905	1.0272217e-08	
4.616420481e-09	4.535975567e-09	0.9999999833	4.36537544e-09	3.181773042e-09	
4.616367063e-09	4.535923291e-09	0.9999999834	4.280860667e-09	3.181737681e-09	
4.616420481e-09	4.535975567e-09	0.9999999833	4.36537544e-09	3.181773042e-09	
4.616420481e-09	4.535975592e-09	0.9999999833	4.365375463e-09	3.181773046e-09	
4.616473899e-09	4.536027869e-09	0.9999999832	4.451558766e-09	3.181808407e-09	
1.498739508e-08	1.464424528e-08	0.9998587179	0.0001412421905	1.0272217e-08	
4.616420481e-09	4.535975592e-09	0.9999999833	4.365375463e-09	3.181773046e-09	
1.498739508e-08	1.464424528e-08	0.9998587179	0.0001412421905	1.0272217e-08	
2.68104781e-08	0.000634915274	2.737655568e-08	2.566380058e-08	0.9993650049	
8.214329745e-09	0.9140638182	8.372428281e-09	7.699153915e-09	0.08593615753	
8.227312078e-09	0.9134295647	8.385681019e-09	7.711322045e-09	0.08657041101	
1.339119005e-08	0.8809186881	1.365753815e-08	6.060623714e-05	0.1190206786	
2.681047816e-08	0.0006349343029	2.737655573e-08	2.566380065e-08	0.9993649858	
8.586792302e-09	0.8958690781	8.748797082e-09	8.125260452e-09	0.1041308965	
9.713226856e-09	0.9348105382	7.937654e-09	7.302073576e-09	0.06518943689	
9.250925428e-09	0.8959352252	9.306222799e-06	8.753727183e-09	0.1040554505	
8.249849216e-09	0.9123313911	8.408687867e-09	7.826091851e-09	0.08766858441	
8.052280385e-09	0.9219831474	8.205652353e-09	7.628715193e-09	0.07801682869	
8.391260873e-09	0.9054198317	8.554838412e-09	7.864988043e-09	0.09458014348	
2.425133762e-08	0.0005535792698	2.476843106e-08	2.296735424e-08	0.9994463487	
2.41118157e-08	0.0005491446326	2.462599453e-08	2.28352193e-08	0.9994507838	
2.854648801e-08	0.000385220216	2.917356013e-08	0.0001305434947	0.9994841786	
6.810208647e-09	3.308448539e-08	6.968160777e-09	6.586902469e-09	0.9999999466	
2.092361938e-08	0.0004478062332	2.136179253e-08	2.000541411e-08	0.9995521315	
3.779567354e-08	0.0007461770571	3.094954135e-08	2.870973366e-08	0.9992537255	
2.255775022e-08	0.0004481536627	2.273880018e-05	2.156790751e-08	0.9995290634	
2.387518312e-08	0.0005416179553	2.438441989e-08	2.288495395e-08	0.9994583109	
2.618444615e-08	0.0006150171424	2.673751941e-08	2.506572708e-08	0.9993849049	
2.251079287e-08	0.0004982568827	2.29963482e-08	2.131896112e-08	0.9995016763	
1.778047132e-08	0.0003479036349	1.81593096e-08	1.703874959e-08	0.9996520434	
8.428152738e-09	0.9019498585	8.592139419e-09	7.815596407e-09	0.09805011665	
2.425133773e-08	0.0005535958623	2.476843118e-08	2.296735435e-08	0.9994463322	
8.774040644e-09	0.8823606556	8.94140112e-09	8.214191665e-09	0.1176393185	
9.981322309e-09	0.9259361752	8.158405039e-09	7.423857209e-09	0.07406379928	
9.452756233e-09	0.8824351415	9.511199145e-06	8.849630612e-09	0.117555329	
8.25910401e-09	0.9115278323	8.418131601e-09	7.741485517e-09	0.08847214326	
8.586119839e-09	0.8930024082	8.755280905e-09	7.962082023e-09	0.1069975665	
9.283301034e-09	0.8535152804	9.463756395e-09	8.710665588e-09	0.1464846921	
2.411181581e-08	0.0005491610923	2.462599464e-08	2.283521941e-08	0.9994507673	
8.785658583e-09	0.8815227445	8.953262593e-09	8.2250683e-09	0.1184772295	
9.99805572e-09	0.9253823928	8.172102394e-09	7.436303106e-09	0.07461758159	
9.465279089e-09	0.8815977384	9.523822752e-06	8.861354465e-09	0.1183927195	
8.46233591e-09	0.8999999376	8.627045645e-09	7.942332204e-09	0.1000000374	
8.598227567e-09	0.8922310375	8.767648649e-09	7.97330977e-09	0.1077689371	
9.293429327e-09	0.8525062559	9.474104773e-09	8.72016913e-09	0.1474937166	
2.854648828e-08	0.0003852317642	2.917356041e-08	0.000130543496	0.999484167	
1.411507981e-08	0.8391548225	1.439339419e-08	6.380809903e-05	0.1607813409	
1.520731199e-08	0.8392455672	1.531098805e-05	6.874583933e-05	0.1606703607	
1.369819764e-08	0.8632074972	1.397359478e-08	6.207954047e-05	0.1367303956	
1.344980937e-08	0.8775369074	1.371743305e-08	6.087441168e-05	0.122402191	
1.475733194e-08	0.8021008508	1.505368798e-08	6.68627187e-05	0.1978322567	
1.529054552e-08	9.379600898e-05	1.56296302e-08	0.9998693402	3.683283916e-05	
1.534263469e-08	9.373992934e-05	1.562627267e-08	0.9998694048	3.682425457e-05	
1.529053692e-08	9.37397409e-05	1.562624126e-08	0.9998694052	3.682418359e-05	
1.529051829e-08	9.385918849e-05	1.556905292e-08	0.9998692675	3.684249699e-05	
2.092361954e-08	0.0004478196568	2.136179269e-08	2.000541427e-08	0.9995521181	
3.779567349e-08	0.0007461994181	3.094954131e-08	2.870973363e-08	0.9992537031	
2.25577504e-08	0.0004481670967	2.273880035e-05	2.156790769e-08	0.99952905	
2.387518323e-08	0.0005416341895	2.438442001e-08	2.288495406e-08	0.9994582947	
2.618444622e-08	0.0006150355753	2.673751949e-08	2.506572715e-08	0.9993848864	
2.251079301e-08	0.0004982718179	2.299634834e-08	2.131896125e-08	0.9995016614	
1.778047151e-08	0.0003479140648	1.81593098e-08	1.703874978e-08	0.999652033	
1.046267786e-08	0.9100076193	8.548661468e-09	7.856332359e-09	0.0899923538	
9.809522543e-09	0.8585812668	9.866492e-06	9.271500329e-09	0.1414088476	
8.80582327e-09	0.8800729634	8.973850263e-09	8.343787137e-09	0.1199270105	
8.628528297e-09	0.8928590989	8.791390783e-09	8.165138608e-09	0.1071408756	
8.931866924e-09	0.8709778906	9.104444748e-09	8.361946968e-09	0.129022083	
9.570016313e-09	0.8249559279	9.75240838e-09	9.065610355e-09	0.1750440437	
2.091842882e-08	0.0002187892482	2.134524641e-08	1.958368709e-08	0.9997811489	
1.127177383e-08	0.9100647313	9.093234924e-06	8.463904497e-09	0.0899261557	
1.002710793e-08	0.9244232993	8.195883753e-09	7.548232702e-09	0.07557667493	
9.772716981e-09	0.9328418079	7.986333208e-09	7.347143047e-09	0.06715816695	
1.020965184e-08	0.9183797491	8.347057402e-09	7.593682546e-09	0.08162022475	
1.115565742e-08	0.887073729	9.118126575e-09	8.395680049e-09	0.1129262423	
0.001418626439	0.9983849023	8.587785653e-08	7.835408051e-08	0.0001963070232	
9.487014403e-09	0.8801488334	9.545733242e-06	8.989267525e-09	0.1198416024	
9.295911351e-09	0.8929271291	9.351552388e-06	8.796710547e-09	0.1070635012	
9.622876941e-09	0.8710591806	9.684719194e-06	9.008896377e-09	0.128931116	
1.031076823e-08	0.8250626697	1.037435502e-05	9.767353143e-09	0.1749269359	
2.25521588e-08	0.0002189590393	2.272119204e-05	2.111324636e-08	0.9997582761	
8.29435318e-09	0.9097493289	8.454116277e-09	7.868681286e-09	0.09025064648	
9.311009057e-09	0.850761518	9.492066788e-09	8.842472484e-09	0.1492384544	
8.434645714e-09	0.9026559264	8.599137735e-09	7.906025127e-09	0.0973440487	
9.156055172e-09	0.8661976	9.332208667e-09	8.683982743e-09	0.1338023728	
1.777515191e-08	0.0001699701311	1.814431657e-08	1.667870924e-08	0.9998299773	
0.9999999829	4.614278164e-09	4.762501093e-09	4.447349739e-09	3.231726194e-09	
0.9999946493	5.337217132e-06	5.160507413e-09	4.718886941e-09	3.605506218e-09	
0.999999983	4.614483804e-09	4.762441691e-09	4.35461717e-09	3.231687572e-09	
0.999999983	4.614483804e-09	4.762441691e-09	4.35461717e-09	3.231687572e-09	
0.999999983	4.614790928e-09	4.762442056e-09	4.354890877e-09	3.231687814e-09	
0.999999983	4.614790928e-09	4.762442056e-09	4.354890877e-09	3.231687814e-09	
0.9999999829	4.614543756e-09	4.762503876e-09	4.451487026e-09	3.231728009e-09	
0.999999983	4.614790928e-09	4.762442056e-09	4.354890877e-09	3.231687814e-09	
0.999999983	4.61080474e-09	4.762439623e-09	4.354888675e-09	3.231686176e-09	
0.9999949464	5.000651229e-09	5.160648607e-09	5.039932905e-06	3.501890242e-09	
0.999999983	4.614483804e-09	4.762441691e-09	4.35461717e-09	3.231687572e-09	
0.999999983	4.614790928e-09	4.762442056e-09	4.354890877e-09	3.231687814e-09	
0.9999999829	4.614278164e-09	4.762501093e-09	4.447349739e-09	3.231726194e-09	
0.9999946494	5.336979286e-06	5.160571781e-09	4.81937672e-09	3.605549308e-09	
0.9999999829	4.614278164e-09	4.762501093e-09	4.447349739e-09	3.231726194e-09	
0.9999999829	4.614278164e-09	4.762501093e-09	4.447349739e-09	3.231726194e-09	
0.9999999829	4.614585275e-09	4.762501458e-09	4.447629275e-09	3.231726436e-09	
0.9999999829	4.614585275e-09	4.762501458e-09	4.447629275e-09	3.231726436e-09	
0.9999999828	4.614338114e-09	4.762563279e-09	4.546282462e-09	3.23176663e-09	
0.9999999829	4.614585275e-09	4.762501458e-09	4.447629275e-09	3.231726436e-09	
0.9999999829	4.610599264e-09	4.762499026e-09	4.447627026e-09	3.231724797e-09	
0.9999948391	5.000427844e-09	5.160712423e-09	5.147258878e-06	3.501931717e-09	
0.9999999829	4.614278164e-09	4.762501093e-09	4.447349739e-09	3.231726194e-09	
0.9999999829	4.614585275e-09	4.762501458e-09	4.447629275e-09	3.231726436e-09	
0.9999999828	4.614072534e-09	4.762560496e-09	4.54205707e-09	3.231764815e-09	
0.9998473585	1.551376097e-08	1.617760828e-08	0.0001525989066	1.087408557e-08	
0.9999946493	5.337217132e-06	5.160507413e-09	4.718886941e-09	3.605506218e-09	
0.9999946493	5.337217132e-06	5.160507413e-09	4.718886941e-09	3.605506218e-09	
0.9999946489	5.337572357e-06	5.160507807e-09	4.719183543e-09	3.605506487e-09	
0.9999946489	5.337572357e-06	5.160507807e-09	4.719183543e-09	3.605506487e-09	
0.9999946491	5.337286473e-06	5.160574796e-09	4.823860095e-09	3.605551331e-09	
0.9999946489	5.337572357e-06	5.160507807e-09	4.719183543e-09	3.605506487e-09	
0.9999887451	5.783862159e-06	5.591993355e-09	5.461525551e-06	3.906960622e-09	
0.9999946493	5.337217132e-06	5.160507413e-09	4.718886941e-09	3.605506218e-09	
0.9999946489	5.337572357e-06	5.160507807e-09	4.719183543e-09	3.605506487e-09	
0.9999946494	5.336979286e-06	5.160571781e-09	4.81937672e-09	3.605549308e-09	
0.999999983	4.614483804e-09	4.762441691e-09	4.35461717e-09	3.231687572e-09	
0.999999983	4.614790928e-09	4.762442056e-09	4.354890877e-09	3.231687814e-09	
0.999999983	4.614790928e-09	4.762442056e-09	4.354890877e-09	3.231687814e-09	
0.9999999829	4.614543756e-09	4.762503876e-09	4.451487026e-09	3.231728009e-09	
0.999999983	4.614790928e-09	4.762442056e-09	4.354890877e-09	3.231687814e-09	
0.999999983	4.61080474e-09	4.762439623e-09	4.354888675e-09	3.231686176e-09	
0.9999949464	5.000651229e-09	5.160648607e-09	5.039932905e-06	3.501890242e-09	
0.999999983	4.614483804e-09	4.762441691e-09	4.35461717e-09	3.231687572e-09	
0.999999983	4.614790928e-09	4.762442056e-09	4.354890877e-09	3.231687814e-09	
0.9999999829	4.614278164e-09	4.762501093e-09	4.447349739e-09	3.231726194e-09	
0.999999983	4.614790928e-09	4.762442056e-09	4.354890877e-09	3.231687814e-09	
0.999999983	4.614790928e-09	4.762442056e-09	4.354890877e-09	3.231687814e-09	
0.9999999829	4.614543756e-09	4.762503876e-09	4.451487026e-09	3.231728009e-09	
0.999999983	4.614790928e-09	4.762442056e-09	4.354890877e-09	3.231687814e-09	
0.999999983	4.61080474e-09	4.762439623e-09	4.354888675e-09	3.231686176e-09	
0.9999949464	5.000651229e-09	5.160648607e-09	5.039932905e-06	3.501890242e-09	
0.999999983	4.614483804e-09	4.762441691e-09	4.35461717e-09	3.231687572e-09	
0.999999983	4.614790928e-09	4.762442056e-09	4.354890877e-09	3.231687814e-09	
0.9999999829	4.614278164e-09	4.762501093e-09	4.447349739e-09	3.231726194e-09	
0.999999983	4.615098072e-09	4.762442421e-09	4.355164602e-09	3.231688056e-09	
0.9999999829	4.614850884e-09	4.762504241e-09	4.451766823e-09	3.23172825e-09	
0.999999983	4.615098072e-09	4.762442421e-09	4.355164602e-09	3.231688056e-09	
0.999999983	4.611111619e-09	4.762439989e-09	4.3551624e-09	3.231686418e-09	
0.9999949461	5.000984054e-09	5.160649002e-09	5.040249686e-06	3.501890503e-09	
0.999999983	4.614790928e-09	4.762442056e-09	4.354890877e-09	3.231687814e-09	
0.9999999829	4.614585275e-09	4.762501458e-09	4.447629275e-09	3.231726436e-09	
0.9999999829	4.614850884e-09	4.762504241e-09	4.451766823e-09	3.23172825e-09	
0.999999983	4.611111619e-09	4.762439989e-09	4.3551624e-09	3.231686418e-09	
0.9999949461	5.000984054e-09	5.160649002e-09	5.040249686e-06	3.501890503e-09	
0.999999983	4.614790928e-09	4.762442056e-09	4.354890877e-09	3.231687814e-09	
0.999999983	4.615098072e-09	4.762442421e-09	4.355164602e-09	3.231688056e-09	
0.9999999829	4.614585275e-09	4.762501458e-09	4.447629275e-09	3.231726436e-09	
0.9999999829	4.614850884e-09	4.762504241e-09	4.451766823e-09	3.23172825e-09	
0.9999999829	4.610864644e-09	4.762501809e-09	4.451764571e-09	3.231726612e-09	
0.9999999829	4.614543756e-09	4.762503876e-09	4.451487026e-09	3.231728009e-09	
0.9999999829	4.614850884e-09	4.762504241e-09	4.451766823e-09	3.23172825e-09	
0.9999999828	4.614338114e-09	4.762563279e-09	4.546282462e-09	3.23176663e-09	
0.9998472166	1.551465171e-08	1.617761543e-08	0.0001527408448	1.087409014e-08	
0.999999983	4.611111619e-09	4.762439989e-09	4.3551624e-09	3.231686418e-09	
0.9999949461	5.000984054e-09	5.160649002e-09	5.040249686e-06	3.501890503e-09	
0.999999983	4.614790928e-09	4.762442056e-09	4.354890877e-09	3.231687814e-09	
0.999999983	4.615098072e-09	4.762442421e-09	4.355164602e-09	3.231688056e-09	
0.9999999829	4.614585275e-09	4.762501458e-09	4.447629275e-09	3.231726436e-09	
0.9999949461	4.996664277e-09	5.160646366e-09	5.040247138e-06	3.501888728e-09	
0.999999983	4.61080474e-09	4.762439623e-09	4.354888675e-09	3.231686176e-09	
0.999999983	4.611111619e-09	4.762439989e-09	4.3551624e-09	3.231686418e-09	
0.9999999829	4.610599264e-09	4.762499026e-09	4.447627026e-09	3.231724797e-09	
0.9999949464	5.000651229e-09	5.160648607e-09	5.039932905e-06	3.501890242e-09	
0.9999949461	5.000984054e-09	5.160649002e-09	5.040249686e-06	3.501890503e-09	
0.9999948391	5.000427844e-09	5.160712423e-09	5.147258878e-06	3.501931717e-09	
0.001064016535	6.787141983e-08	7.009886554e-08	0.9989357979	4.756724062e-08	
0.999999983	4.614790928e-09	4.762442056e-09	4.354890877e-09	3.231687814e-09	
0.9999999829	4.614278164e-09	4.762501093e-09	4.447349739e-09	3.231726194e-09	
0.9999999829	4.614585275e-09	4.762501458e-09	4.447629275e-09	3.231726436e-09	
0.9998473585	1.551376097e-08	1.617760828e-08	0.0001525989066	1.087408557e-08	
6.803019705e-09	6.684471003e-09	6.909809238e-09	6.308587956e-09	0.9999999733	
6.803019705e-09	6.684471003e-09	6.909809238e-09	6.308587956e-09	0.9999999733	
6.803019705e-09	6.684471003e-09	6.909809238e-09	6.308587956e-09	0.9999999733	
6.803019705e-09	6.684471003e-09	6.909809238e-09	6.308587956e-09	0.9999999733	
6.803019705e-09	6.684471003e-09	6.909809238e-09	6.308587956e-09	0.9999999733	
6.803019705e-09	6.684470464e-09	6.909809216e-09	6.308587955e-09	0.9999999733	
6.803019705e-09	6.684471003e-09	6.909809238e-09	6.308587956e-09	0.9999999733	
6.803019705e-09	6.684470464e-09	6.909809216e-09	6.308587955e-09	0.9999999733	
6.803019705e-09	6.684470464e-09	6.909809216e-09	6.308587955e-09	0.9999999733	
6.803019705e-09	6.684471003e-09	6.909809238e-09	6.308587956e-09	0.9999999733	
6.803019705e-09	6.684471003e-09	6.909809238e-09	6.308587956e-09	0.9999999733	
6.803019705e-09	6.684471003e-09	6.909809238e-09	6.308587956e-09	0.9999999733	
6.803019705e-09	6.684471003e-09	6.909809238e-09	6.308587956e-09	0.9999999733	
6.803365926e-09	7.2639953e-09	6.931960781e-09	6.308906923e-09	0.9999999727	
6.803019705e-09	6.684471003e-09	6.909809238e-09	6.308587956e-09	0.9999999733	
6.803019705e-09	6.684471003e-09	6.909809238e-09	6.308587956e-09	0.9999999733	
6.803019705e-09	6.684471003e-09	6.909809238e-09	6.308587956e-09	0.9999999733	
6.803019705e-09	6.684471003e-09	6.909809238e-09	6.308587956e-09	0.9999999733	
6.803019705e-09	6.684470464e-09	6.909809216e-09	6.308587955e-09	0.9999999733	
6.803019705e-09	6.684471003e-09	6.909809238e-09	6.308587956e-09	0.9999999733	
6.803019705e-09	6.684470464e-09	6.909809216e-09	6.308587955e-09	0.9999999733	
6.803019705e-09	6.684470464e-09	6.909809216e-09	6.308587955e-09	0.9999999733	
6.803019705e-09	6.684471003e-09	6.909809238e-09	6.308587956e-09	0.9999999733	
6.803019705e-09	6.684471003e-09	6.909809238e-09	6.308587956e-09	0.9999999733	
6.803019705e-09	6.684471003e-09	6.909809238e-09	6.308587956e-09	0.9999999733	
6.803019705e-09	6.684471003e-09	6.909809238e-09	6.308587956e-09	0.9999999733	
6.803365926e-09	7.2639953e-09	6.931960781e-09	6.308906923e-09	0.9999999727	
6.803019705e-09	6.684471003e-09	6.909809238e-09	6.308587956e-09	0.9999999733	
6.803019705e-09	6.684471003e-09	6.909809238e-09	6.308587956e-09	0.9999999733	
6.803019705e-09	6.684471003e-09	6.909809238e-09	6.308587956e-09	0.9999999733	
6.803019705e-09	6.684470464e-09	6.909809216e-09	6.308587955e-09	0.9999999733	
6.803019705e-09	6.684471003e-09	6.909809238e-09	6.308587956e-09	0.9999999733	
6.803019705e-09	6.684470464e-09	6.909809216e-09	6.308587955e-09	0.9999999733	
6.803019705e-09	6.684470464e-09	6.909809216e-09	6.308587955e-09	0.9999999733	
6.803019705e-09	6.684471003e-09	6.909809238e-09	6.308587956e-09	0.9999999733	
6.803019705e-09	6.684471003e-09	6.909809238e-09	6.308587956e-09	0.9999999733	
6.803019705e-09	6.684471003e-09	6.909809238e-09	6.308587956e-09	0.9999999733	
6.803019705e-09	6.684471003e-09	6.909809238e-09	6.308587956e-09	0.9999999733	
6.803365926e-09	7.2639953e-09	6.931960781e-09	6.308906923e-09	0.9999999727	
6.803019705e-09	6.684471003e-09	6.909809238e-09	6.308587956e-09	0.9999999733	
6.803019705e-09	6.684471003e-09	6.909809238e-09	6.308587956e-09	0.9999999733	
6.803019705e-09	6.684470464e-09	6.909809216e-09	6.308587955e-09	0.9999999733	
6.803019705e-09	6.684471003e-09	6.909809238e-09	6.308587956e-09	0.9999999733	
6.803019705e-09	6.684470464e-09	6.909809216e-09	6.308587955e-09	0.9999999733	
6.803019705e-09	6.684470464e-09	6.909809216e-09	6.308587955e-09	0.9999999733	
6.803019705e-09	6.684471003e-09	6.909809238e-09	6.308587956e-09	0.9999999733	
6.803019705e-09	6.684471003e-09	6.909809238e-09	6.308587956e-09	0.9999999733	
6.803019705e-09	6.684471003e-09	6.909809238e-09	6.308587956e-09	0.9999999733	
6.803019705e-09	6.684471003e-09	6.909809238e-09	6.308587956e-09	0.9999999733	
6.803365926e-09	7.2639953e-09	6.931960781e-09	6.308906923e-09	0.9999999727	
6.803019705e-09	6.684471003e-09	6.909809238e-09	6.308587956e-09	0.9999999733	
6.803019705e-09	6.684470464e-09	6.909809216e-09	6.308587955e-09	0.9999999733	
6.803019705e-09	6.684471003e-09	6.909809238e-09	6.308587956e-09	0.9999999733	
6.803019705e-09	6.684470464e-09	6.909809216e-09	6.308587955e-09	0.9999999733	
6.803019705e-09	6.684470464e-09	6.909809216e-09	6.308587955e-09	0.9999999733	
6.803019705e-09	6.684471003e-09	6.909809238e-09	6.308587956e-09	0.9999999733	
6.803019705e-09	6.684471003e-09	6.909809238e-09	6.308587956e-09	0.9999999733	
6.803019705e-09	6.684471003e-09	6.909809238e-09	6.308587956e-09	0.9999999733	
6.803019705e-09	6.684471003e-09	6.909809238e-09	6.308587956e-09	0.9999999733	
6.803365926e-09	7.2639953e-09	6.931960781e-09	6.308906923e-09	0.9999999727	
6.803019705e-09	6.684470464e-09	6.909809216e-09	6.308587955e-09	0.9999999733	
6.803019705e-09	6.684471003e-09	6.909809238e-09	6.308587956e-09	0.9999999733	
6.803019705e-09	6.684470464e-09	6.909809216e-09	6.308587955e-09	0.9999999733	
6.803019705e-09	6.684470464e-09	6.909809216e-09	6.308587955e-09	0.9999999733	
6.803019705e-09	6.684471003e-09	6.909809238e-09	6.308587956e-09	0.9999999733	
6.803019705e-09	6.684471003e-09	6.909809238e-09	6.308587956e-09	0.9999999733	
6.803019705e-09	6.684471003e-09	6.909809238e-09	6.308587956e-09	0.9999999733	
6.803019705e-09	6.684471003e-09	6.909809238e-09	6.308587956e-09	0.9999999733	
6.803365926e-09	7.2639953e-09	6.931960781e-09	6.308906923e-09	0.9999999727	
6.803019705e-09	6.684470464e-09	6.909809216e-09	6.308587955e-09	0.9999999733	
6.803019704e-09	6.684469926e-09	6.909809195e-09	6.308587955e-09	0.9999999733	
6.803019704e-09	6.684469926e-09	6.909809195e-09	6.308587955e-09	0.9999999733	
6.803019705e-09	6.684470464e-09	6.909809216e-09	6.308587955e-09	0.9999999733	
6.803019705e-09	6.684470464e-09	6.909809216e-09	6.308587955e-09	0.9999999733	
6.803019705e-09	6.684470464e-09	6.909809216e-09	6.308587955e-09	0.9999999733	
6.803019705e-09	6.684470464e-09	6.909809216e-09	6.308587955e-09	0.9999999733	
6.803019705e-09	6.684470464e-09	6.909809216e-09	6.308587955e-09	0.9999999733	
6.803019705e-09	6.684470464e-09	6.909809216e-09	6.308587955e-09	0.9999999733	
6.803019705e-09	6.684471003e-09	6.909809238e-09	6.308587956e-09	0.9999999733	
6.803019705e-09	6.684471003e-09	6.909809238e-09	6.308587956e-09	0.9999999733	
6.803019705e-09	6.684471003e-09	6.909809238e-09	6.308587956e-09	0.9999999733	
6.803019705e-09	6.684471003e-09	6.909809238e-09	6.308587956e-09	0.9999999733	
6.803365926e-09	7.2639953e-09	6.931960781e-09	6.308906923e-09	0.9999999727	
6.803019704e-09	6.684469926e-09	6.909809195e-09	6.308587955e-09	0.9999999733	
6.803019705e-09	6.684470464e-09	6.909809216e-09	6.308587955e-09	0.9999999733	
6.803019705e-09	6.684470464e-09	6.909809216e-09	6.308587955e-09	0.9999999733	
6.803019705e-09	6.684470464e-09	6.909809216e-09	6.308587955e-09	0.9999999733	
6.803019705e-09	6.684470464e-09	6.909809216e-09	6.308587955e-09	0.9999999733	
6.803019705e-09	6.684470464e-09	6.909809216e-09	6.308587955e-09	0.9999999733	
6.803019705e-09	6.684470464e-09	6.909809216e-09	6.308587955e-09	0.9999999733	
6.803019705e-09	6.684470464e-09	6.909809216e-09	6.308587955e-09	0.9999999733	
6.803019705e-09	6.684470464e-09	6.909809216e-09	6.308587955e-09	0.9999999733	
6.803019705e-09	6.684471003e-09	6.909809238e-09	6.308587956e-09	0.9999999733	
6.803019705e-09	6.684471003e-09	6.909809238e-09	6.308587956e-09	0.9999999733	
6.803019705e-09	6.684471003e-09	6.909809238e-09	6.308587956e-09	0.9999999733	
6.803365926e-09	7.2639953e-09	6.931960781e-09	6.308906923e-09	0.9999999727	
6.803019705e-09	6.684471003e-09	6.909809238e-09	6.308587956e-09	0.9999999733	
6.803019705e-09	6.684471003e-09	6.909809238e-09	6.308587956e-09	0.9999999733	
6.803365926e-09	7.2639953e-09	6.931960781e-09	6.308906923e-09	0.9999999727	
6.803019705e-09	6.684471003e-09	6.909809238e-09	6.308587956e-09	0.9999999733	
6.803365926e-09	7.2639953e-09	6.931960781e-09	6.308906923e-09	0.9999999727	
6.803365926e-09	7.2639953e-09	6.931960781e-09	6.308906923e-09	0.9999999727	
5.056370517e-09	5.021713988e-09	5.155714321e-09	0.9999999813	3.499689433e-09	
5.07461651e-09	5.021724548e-09	5.155725247e-09	0.9999999812	3.499696544e-09	
5.784750301e-09	5.022112667e-09	5.156124985e-09	0.9999999805	3.499958739e-09	
5.056370517e-09	5.021713988e-09	5.155714321e-09	0.9999999813	3.499689433e-09	
5.07461651e-09	5.021724548e-09	5.155725247e-09	0.9999999812	3.499696544e-09	
7.409172038e-09	7.317425733e-09	3.397857857e-05	0.9999660016	5.099582838e-09	
5.07365191e-09	5.072766905e-09	5.174710995e-09	0.9999999812	3.513662119e-09	
5.056382713e-09	5.021726041e-09	5.177037661e-09	0.9999999812	3.499697566e-09	
5.056383088e-09	5.021726894e-09	5.178467491e-09	0.9999999812	3.499698119e-09	
5.05642371e-09	5.072756706e-09	5.174700594e-09	0.9999999812	3.513655345e-09	
5.0736092e-09	5.0217347e-09	5.17466731e-09	0.9999999812	3.499703381e-09	
5.056370483e-09	5.02171398e-09	5.155714312e-09	0.9999999813	3.499689431e-09	
5.074628095e-09	5.021735902e-09	5.175787917e-09	0.9999999812	3.4997042e-09	
5.05638196e-09	5.021725354e-09	5.175776898e-09	0.9999999812	3.499697091e-09	
5.056382713e-09	5.021726076e-09	5.177037647e-09	0.9999999812	3.499697573e-09	
5.056418246e-09	5.079221351e-09	5.155763126e-09	0.9999999812	3.515403241e-09	
5.075717985e-09	4.968225386e-09	5.156935742e-09	0.9999999813	3.48497529e-09	
5.074559943e-09	4.968212788e-09	5.13569446e-09	0.9999999813	3.484966743e-09	
5.784685817e-09	4.96859677e-09	5.136092645e-09	0.9999999806	3.485227834e-09	
5.074559943e-09	4.968212788e-09	5.13569446e-09	0.9999999813	3.484966743e-09	
5.073595353e-09	5.018711235e-09	5.154606445e-09	0.9999999813	3.498873538e-09	
5.056326348e-09	4.968214265e-09	5.156924072e-09	0.9999999813	3.48496776e-09	
5.056326724e-09	4.968215108e-09	5.158348348e-09	0.9999999813	3.484968311e-09	
5.056367345e-09	5.018701144e-09	5.154596085e-09	0.9999999813	3.498866793e-09	
5.073552644e-09	4.968222831e-09	5.154562931e-09	0.9999999813	3.48497355e-09	
5.056314119e-09	4.968202332e-09	5.135683568e-09	0.9999999814	3.48495966e-09	
5.074571527e-09	4.96822402e-09	5.155679184e-09	0.9999999813	3.484974366e-09	
5.056325596e-09	4.968213585e-09	5.155668207e-09	0.9999999813	3.484967287e-09	
5.056326348e-09	4.968214299e-09	5.156924058e-09	0.9999999813	3.484967767e-09	
5.056361882e-09	5.025096902e-09	5.135732192e-09	0.9999999813	3.500607331e-09	
5.094033794e-09	4.968235833e-09	5.156946671e-09	0.9999999813	3.484982371e-09	
5.075717985e-09	4.968225386e-09	5.156935742e-09	0.9999999813	3.48497529e-09	
5.094033794e-09	4.968235833e-09	5.156946671e-09	0.9999999813	3.484982371e-09	
7.4375221e-09	7.239484383e-09	3.398662804e-05	0.9999659936	5.07814204e-09	
5.093065503e-09	5.018734515e-09	5.175936916e-09	0.9999999812	3.498889229e-09	
5.075730227e-09	4.968237311e-09	5.178264134e-09	0.9999999813	3.484983389e-09	
5.075730604e-09	4.968238154e-09	5.179694303e-09	0.9999999813	3.48498394e-09	
5.075771382e-09	5.018724424e-09	5.175926513e-09	0.9999999812	3.498882484e-09	
5.09302263e-09	4.968245877e-09	5.175893222e-09	0.9999999813	3.484989179e-09	
5.075717951e-09	4.968225378e-09	5.156935734e-09	0.9999999813	3.484975288e-09	
5.094045423e-09	4.968247066e-09	5.177014094e-09	0.9999999813	3.484989995e-09	
3.151921155e-05	7.109478044e-09	7.449855206e-09	0.9999684612	4.986948415e-09	
5.075729473e-09	4.968236631e-09	5.177003072e-09	0.9999999813	3.484982916e-09	
5.075730228e-09	4.968237345e-09	5.17826412e-09	0.9999999813	3.484983396e-09	
5.075765897e-09	5.025120211e-09	5.156984559e-09	0.9999999812	3.50062303e-09	
5.805559948e-09	4.968607218e-09	5.136103529e-09	0.9999999806	3.485234916e-09	
5.074559943e-09	4.968212788e-09	5.13569446e-09	0.9999999813	3.484966743e-09	
5.092871573e-09	4.968223235e-09	5.135705344e-09	0.9999999813	3.484973825e-09	
5.091903502e-09	5.018721788e-09	5.154617369e-09	0.9999999812	3.498880648e-09	
5.074572182e-09	4.968224712e-09	5.156935001e-09	0.9999999813	3.484974842e-09	
5.074572559e-09	4.968225556e-09	5.158359279e-09	0.9999999813	3.484975393e-09	
5.074613327e-09	5.018711698e-09	5.154607009e-09	0.9999999813	3.498873903e-09	
5.091860639e-09	4.968233279e-09	5.154573854e-09	0.9999999813	3.484980632e-09	
5.074559908e-09	4.968212779e-09	5.135694452e-09	0.9999999813	3.484966741e-09	
5.092883199e-09	4.968234467e-09	5.15569011e-09	0.9999999813	3.484981448e-09	
3.151202056e-05	7.109460067e-09	7.419169502e-09	0.9999684685	4.98693622e-09	
5.074571427e-09	4.968224033e-09	5.155679133e-09	0.9999999813	3.484974369e-09	
5.074572182e-09	4.968224746e-09	5.156934987e-09	0.9999999813	3.484974849e-09	
5.074607844e-09	5.025107469e-09	5.135743076e-09	0.9999999813	3.500614445e-09	
5.784685817e-09	4.96859677e-09	5.136092645e-09	0.9999999806	3.485227834e-09	
5.805559948e-09	4.968607218e-09	5.136103529e-09	0.9999999806	3.485234916e-09	
5.804456407e-09	5.019109674e-09	5.155017021e-09	0.9999999805	3.499142782e-09	
5.78469977e-09	4.968608696e-09	5.157334832e-09	0.9999999806	3.485235934e-09	
5.784746672e-09	5.019099583e-09	5.155006659e-09	0.9999999805	3.499136036e-09	
5.804407545e-09	4.968617263e-09	5.154973503e-09	0.9999999806	3.485241724e-09	
5.784685778e-09	4.968596762e-09	5.136092636e-09	0.9999999806	3.485227833e-09	
5.805573201e-09	4.968618451e-09	5.156089845e-09	0.9999999806	3.48524254e-09	
5.784698909e-09	4.968608016e-09	5.156078867e-09	0.9999999806	3.485235461e-09	
5.78469977e-09	4.96860873e-09	5.157334818e-09	0.9999999806	3.485235941e-09	
5.784740422e-09	5.025495848e-09	5.136141264e-09	0.9999999806	3.500876709e-09	
5.074559943e-09	4.968212788e-09	5.13569446e-09	0.9999999813	3.484966743e-09	
5.073595353e-09	5.018711235e-09	5.154606445e-09	0.9999999813	3.498873538e-09	
5.056326348e-09	4.968214265e-09	5.156924072e-09	0.9999999813	3.48496776e-09	
5.056326724e-09	4.968215108e-09	5.158348348e-09	0.9999999813	3.484968311e-09	
5.056367345e-09	5.018701144e-09	5.154596085e-09	0.9999999813	3.498866793e-09	
5.073552644e-09	4.968222831e-09	5.154562931e-09	0.9999999813	3.48497355e-09	
5.056314119e-09	4.968202332e-09	5.135683568e-09	0.9999999814	3.48495966e-09	
5.074571527e-09	4.96822402e-09	5.155679184e-09	0.9999999813	3.484974366e-09	
5.056325596e-09	4.968213585e-09	5.155668207e-09	0.9999999813	3.484967287e-09	
5.056326348e-09	4.968214299e-09	5.156924058e-09	0.9999999813	3.484967767e-09	
5.056361882e-09	5.025096902e-09	5.135732192e-09	0.9999999813	3.500607331e-09	
5.091903502e-09	5.018721788e-09	5.154617369e-09	0.9999999812	3.498880648e-09	
5.074572182e-09	4.968224712e-09	5.156935001e-09	0.9999999813	3.484974842e-09	
5.074572559e-09	4.968225556e-09	5.158359279e-09	0.9999999813	3.484975393e-09	
5.074613327e-09	5.018711698e-09	5.154607009e-09	0.9999999813	3.498873903e-09	
5.091860639e-09	4.968233279e-09	5.154573854e-09	0.9999999813	3.484980632e-09	
5.074559908e-09	4.968212779e-09	5.135694452e-09	0.9999999813	3.484966741e-09	
5.092883199e-09	4.968234467e-09	5.15569011e-09	0.9999999813	3.484981448e-09	
3.151202056e-05	7.109460067e-09	7.419169502e-09	0.9999684685	4.98693622e-09	
5.074571427e-09	4.968224033e-09	5.155679133e-09	0.9999999813	3.484974369e-09	
5.074572182e-09	4.968224746e-09	5.156934987e-09	0.9999999813	3.484974849e-09	
5.074607844e-09	5.025107469e-09	5.135743076e-09	0.9999999813	3.500614445e-09	
7.43441189e-09	7.313050302e-09	3.39712774e-05	0.9999660089	5.098393992e-09	
7.409107258e-09	7.239468178e-09	3.398655113e-05	0.9999659937	5.078131069e-09	
7.409107738e-09	7.239469339e-09	3.399593745e-05	0.9999659843	5.078131824e-09	
7.409167445e-09	7.3130356e-09	3.397120912e-05	0.999966009	5.098384164e-09	
7.43434931e-09	7.239480774e-09	3.397099063e-05	0.9999660093	5.078139585e-09	
7.43584224e-09	7.239482452e-09	3.397834701e-05	0.9999660019	5.078140737e-09	
4.600763707e-05	1.035927309e-08	4.889426946e-05	0.9999050805	7.266500416e-09	
7.409106217e-09	7.239467248e-09	3.397827467e-05	0.999966002	5.078130422e-09	
7.409107258e-09	7.239468228e-09	3.398655104e-05	0.9999659937	5.078131079e-09	
5.07360759e-09	5.01872328e-09	5.175925204e-09	0.9999999812	3.498881669e-09	
5.073607967e-09	5.018724132e-09	5.177354726e-09	0.9999999812	3.498882222e-09	
5.073648727e-09	5.069723431e-09	5.173588638e-09	0.9999999812	3.512836195e-09	
5.090892761e-09	5.018731934e-09	5.173555362e-09	0.9999999812	3.498887483e-09	
5.073595319e-09	5.018711226e-09	5.154606437e-09	0.9999999813	3.498873536e-09	
3.150603083e-05	7.181722854e-09	7.446490335e-09	0.9999684743	5.00683667e-09	
5.073606835e-09	5.018722594e-09	5.174664711e-09	0.9999999812	3.498881194e-09	
5.07360759e-09	5.018723315e-09	5.175925189e-09	0.9999999812	3.498881676e-09	
5.073643245e-09	5.07618421e-09	5.15465524e-09	0.9999999812	3.514583682e-09	
5.056338919e-09	4.968227033e-09	5.179682582e-09	0.9999999813	3.48497641e-09	
5.056379541e-09	5.01871319e-09	5.1759148e-09	0.9999999813	3.498874924e-09	
5.073564881e-09	4.968234756e-09	5.175881509e-09	0.9999999813	3.48498165e-09	
5.056326314e-09	4.968214256e-09	5.156924064e-09	0.9999999813	3.484967759e-09	
5.074583766e-09	4.968235945e-09	5.177002379e-09	0.9999999813	3.484982465e-09	
5.056337792e-09	4.96822551e-09	5.176991357e-09	0.9999999813	3.484975386e-09	
5.056338544e-09	4.968226224e-09	5.178252402e-09	0.9999999813	3.484975866e-09	
5.056379916e-09	5.018714042e-09	5.177344321e-09	0.9999999812	3.498875477e-09	
5.073565257e-09	4.968235599e-09	5.17731102e-09	0.9999999813	3.4849822e-09	
5.056326689e-09	4.9682151e-09	5.158348339e-09	0.9999999813	3.484968309e-09	
5.074584143e-09	4.968236788e-09	5.1784322e-09	0.9999999813	3.484983016e-09	
5.056338167e-09	4.968226353e-09	5.178421174e-09	0.9999999813	3.484975937e-09	
5.056374453e-09	5.025109816e-09	5.158397177e-09	0.9999999813	3.50061602e-09	
5.073606017e-09	5.018721843e-09	5.173544964e-09	0.9999999812	3.498880738e-09	
5.056367311e-09	5.018701136e-09	5.154596076e-09	0.9999999813	3.498866791e-09	
5.074624911e-09	5.018723044e-09	5.174665328e-09	0.9999999812	3.498881557e-09	
5.056378789e-09	5.018712503e-09	5.17465431e-09	0.9999999813	3.498874449e-09	
5.056379541e-09	5.018713225e-09	5.175914786e-09	0.9999999813	3.498874931e-09	
5.056415075e-09	5.076174005e-09	5.154644879e-09	0.9999999812	3.514576907e-09	
5.073552609e-09	4.968222823e-09	5.154562922e-09	0.9999999813	3.484973549e-09	
5.091872263e-09	4.968244511e-09	5.174632044e-09	0.9999999813	3.484988256e-09	
3.150576563e-05	7.109474483e-09	7.446427475e-09	0.9999684747	4.986945993e-09	
5.073564126e-09	4.968234076e-09	5.174621027e-09	0.9999999813	3.484981176e-09	
5.073564881e-09	4.96823479e-09	5.175881495e-09	0.9999999813	3.484981656e-09	
5.073600535e-09	5.025117627e-09	5.154611725e-09	0.9999999812	3.500621283e-09	
5.074571493e-09	4.968224011e-09	5.155679176e-09	0.9999999813	3.484974365e-09	
5.056325562e-09	4.968213577e-09	5.155668199e-09	0.9999999813	3.484967285e-09	
5.056326314e-09	4.968214291e-09	5.15692405e-09	0.9999999813	3.484967765e-09	
5.056361847e-09	5.025096893e-09	5.135732183e-09	0.9999999813	3.50060733e-09	
3.151209249e-05	7.109476139e-09	7.448039999e-09	0.9999684684	4.986947129e-09	
5.074583012e-09	4.968235265e-09	5.175741624e-09	0.9999999813	3.484981992e-09	
5.074583766e-09	4.968235979e-09	5.177002365e-09	0.9999999813	3.484982472e-09	
5.074619428e-09	5.025118829e-09	5.155727989e-09	0.9999999812	3.500622102e-09	
5.056337792e-09	4.968225544e-09	5.176991343e-09	0.9999999813	3.484975393e-09	
5.056373325e-09	5.025108275e-09	5.155717012e-09	0.9999999813	3.500614991e-09	
5.056374077e-09	5.025108997e-09	5.156972875e-09	0.9999999813	3.500615474e-09	
