4.616420481e-09	4.535976369e-09	0.9999999833	4.36537544e-09	3.181770014e-09	
4.616420481e-09	4.535976394e-09	0.9999999833	4.365375463e-09	3.181770018e-09	
4.616420481e-09	4.535976394e-09	0.9999999833	4.365375463e-09	3.181770018e-09	
4.616420481e-09	4.535976369e-09	0.9999999833	4.36537544e-09	3.181770014e-09	
4.61675249e-09	4.968574871e-09	0.9999999828	4.365686943e-09	3.27694812e-09	
4.616420481e-09	4.535976369e-09	0.9999999833	4.36537544e-09	3.181770014e-09	
4.616473899e-09	4.536028671e-09	0.9999999832	4.451558766e-09	3.181805379e-09	
4.616420481e-09	4.535976394e-09	0.9999999833	4.365375463e-09	3.181770018e-09	
4.616473899e-09	4.536028671e-09	0.9999999832	4.451558766e-09	3.181805379e-09	
4.616420481e-09	4.535976369e-09	0.9999999833	4.36537544e-09	3.181770014e-09	
4.616473899e-09	4.536028671e-09	0.9999999832	4.451558766e-09	3.181805379e-09	
4.616420481e-09	4.535976394e-09	0.9999999833	4.365375463e-09	3.181770018e-09	
4.616473899e-09	4.536028671e-09	0.9999999832	4.451558766e-09	3.181805379e-09	
1.498739508e-08	1.464424787e-08	0.9998587179	0.0001412421905	1.027220723e-08	
4.616367063e-09	4.535924093e-09	0.9999999834	4.280860667e-09	3.181734654e-09	
4.616367063e-09	4.535924093e-09	0.9999999834	4.280860667e-09	3.181734654e-09	
4.616367063e-09	4.535924069e-09	0.9999999834	4.280860645e-09	3.18173465e-09	
4.616699068e-09	4.968517582e-09	0.9999999829	4.281166117e-09	3.276911697e-09	
4.616367063e-09	4.535924069e-09	0.9999999834	4.280860645e-09	3.18173465e-09	
4.616420481e-09	4.535976369e-09	0.9999999833	4.36537544e-09	3.181770014e-09	
4.616367063e-09	4.535924093e-09	0.9999999834	4.280860667e-09	3.181734654e-09	
4.616420481e-09	4.535976369e-09	0.9999999833	4.36537544e-09	3.181770014e-09	
4.616367063e-09	4.535924069e-09	0.9999999834	4.280860645e-09	3.18173465e-09	
4.616420481e-09	4.535976369e-09	0.9999999833	4.36537544e-09	3.181770014e-09	
4.616367063e-09	4.535924093e-09	0.9999999834	4.280860667e-09	3.181734654e-09	
4.616420481e-09	4.535976369e-09	0.9999999833	4.36537544e-09	3.181770014e-09	
4.616367063e-09	4.535924118e-09	0.9999999834	4.28086069e-09	3.181734657e-09	
4.616367063e-09	4.535924093e-09	0.9999999834	4.280860667e-09	3.181734654e-09	
4.616699068e-09	4.968517609e-09	0.9999999829	4.28116614e-09	3.276911701e-09	
4.616367063e-09	4.535924093e-09	0.9999999834	4.280860667e-09	3.181734654e-09	
4.616420481e-09	4.535976394e-09	0.9999999833	4.365375463e-09	3.181770018e-09	
4.616367063e-09	4.535924118e-09	0.9999999834	4.28086069e-09	3.181734657e-09	
4.616420481e-09	4.535976394e-09	0.9999999833	4.365375463e-09	3.181770018e-09	
4.616367063e-09	4.535924093e-09	0.9999999834	4.280860667e-09	3.181734654e-09	
4.616420481e-09	4.535976394e-09	0.9999999833	4.365375463e-09	3.181770018e-09	
4.616420481e-09	4.535976394e-09	0.9999999833	4.365375463e-09	3.181770018e-09	
4.616367063e-09	4.535924093e-09	0.9999999834	4.280860667e-09	3.181734654e-09	
4.616699068e-09	4.968517609e-09	0.9999999829	4.28116614e-09	3.276911701e-09	
4.616367063e-09	4.535924093e-09	0.9999999834	4.280860667e-09	3.181734654e-09	
4.616420481e-09	4.535976394e-09	0.9999999833	4.365375463e-09	3.181770018e-09	
4.616420481e-09	4.535976394e-09	0.9999999833	4.365375463e-09	3.181770018e-09	
4.616367063e-09	4.535924093e-09	0.9999999834	4.280860667e-09	3.181734654e-09	
4.616420481e-09	4.535976394e-09	0.9999999833	4.365375463e-09	3.181770018e-09	
4.616367063e-09	4.535924118e-09	0.9999999834	4.28086069e-09	3.181734657e-09	
4.616420481e-09	4.535976394e-09	0.9999999833	4.365375463e-09	3.181770018e-09	
4.616699068e-09	4.968517582e-09	0.9999999829	4.281166117e-09	3.276911697e-09	
4.616367063e-09	4.535924069e-09	0.9999999834	4.280860645e-09	3.18173465e-09	
4.616420481e-09	4.535976369e-09	0.9999999833	4.36537544e-09	3.181770014e-09	
4.616367063e-09	4.535924093e-09	0.9999999834	4.280860667e-09	3.181734654e-09	
4.616420481e-09	4.535976369e-09	0.9999999833	4.36537544e-09	3.181770014e-09	
4.616367063e-09	4.535924069e-09	0.9999999834	4.280860645e-09	3.18173465e-09	
4.616420481e-09	4.535976369e-09	0.9999999833	4.36537544e-09	3.181770014e-09	
4.616367063e-09	4.535924093e-09	0.9999999834	4.280860667e-09	3.181734654e-09	
4.616420481e-09	4.535976369e-09	0.9999999833	4.36537544e-09	3.181770014e-09	
4.616699068e-09	4.968517582e-09	0.9999999829	4.281166117e-09	3.276911697e-09	
4.61675249e-09	4.968574871e-09	0.9999999828	4.365686943e-09	3.27694812e-09	
4.616699068e-09	4.968517609e-09	0.9999999829	4.28116614e-09	3.276911701e-09	
4.61675249e-09	4.968574871e-09	0.9999999828	4.365686943e-09	3.27694812e-09	
4.616699068e-09	4.968517582e-09	0.9999999829	4.281166117e-09	3.276911697e-09	
4.61675249e-09	4.968574871e-09	0.9999999828	4.365686943e-09	3.27694812e-09	
4.616699068e-09	4.968517609e-09	0.9999999829	4.28116614e-09	3.276911701e-09	
4.61675249e-09	4.968574871e-09	0.9999999828	4.365686943e-09	3.27694812e-09	
6.812495881e-08	0.0006666890452	0.9991201986	6.377834263e-08	0.0002129804575	
4.616420481e-09	4.535976369e-09	0.9999999833	4.36537544e-09	3.181770014e-09	
4.616367063e-09	4.535924093e-09	0.9999999834	4.280860667e-09	3.181734654e-09	
4.616420481e-09	4.535976369e-09	0.9999999833	4.36537544e-09	3.181770014e-09	
4.616367063e-09	4.535924069e-09	0.9999999834	4.280860645e-09	3.18173465e-09	
4.616420481e-09	4.535976369e-09	0.9999999833	4.36537544e-09	3.181770014e-09	
4.616367063e-09	4.535924093e-09	0.9999999834	4.280860667e-09	3.181734654e-09	
4.616420481e-09	4.535976369e-09	0.9999999833	4.36537544e-09	3.181770014e-09	
4.616420481e-09	4.535976394e-09	0.9999999833	4.365375463e-09	3.181770018e-09	
4.616473899e-09	4.536028671e-09	0.9999999832	4.451558766e-09	3.181805379e-09	
4.616420481e-09	4.535976369e-09	0.9999999833	4.36537544e-09	3.181770014e-09	
4.616473899e-09	4.536028671e-09	0.9999999832	4.451558766e-09	3.181805379e-09	
4.616420481e-09	4.535976394e-09	0.9999999833	4.365375463e-09	3.181770018e-09	
4.616473899e-09	4.536028671e-09	0.9999999832	4.451558766e-09	3.181805379e-09	
1.498739508e-08	1.464424787e-08	0.9998587179	0.0001412421905	1.027220723e-08	
4.616420481e-09	4.535976394e-09	0.9999999833	4.365375463e-09	3.181770018e-09	
4.616367063e-09	4.535924093e-09	0.9999999834	4.280860667e-09	3.181734654e-09	
4.616420481e-09	4.535976394e-09	0.9999999833	4.365375463e-09	3.181770018e-09	
4.616367063e-09	4.535924118e-09	0.9999999834	4.28086069e-09	3.181734657e-09	
4.616420481e-09	4.535976394e-09	0.9999999833	4.365375463e-09	3.181770018e-09	
4.616420481e-09	4.535976369e-09	0.9999999833	4.36537544e-09	3.181770014e-09	
4.616473899e-09	4.536028671e-09	0.9999999832	4.451558766e-09	3.181805379e-09	
4.616420481e-09	4.535976394e-09	0.9999999833	4.365375463e-09	3.181770018e-09	
4.616473899e-09	4.536028671e-09	0.9999999832	4.451558766e-09	3.181805379e-09	
1.498739508e-08	1.464424787e-08	0.9998587179	0.0001412421905	1.027220723e-08	
4.616420481e-09	4.535976369e-09	0.9999999833	4.36537544e-09	3.181770014e-09	
4.616367063e-09	4.535924093e-09	0.9999999834	4.280860667e-09	3.181734654e-09	
4.616420481e-09	4.535976369e-09	0.9999999833	4.36537544e-09	3.181770014e-09	
4.616420481e-09	4.535976394e-09	0.9999999833	4.365375463e-09	3.181770018e-09	
4.616473899e-09	4.536028671e-09	0.9999999832	4.451558766e-09	3.181805379e-09	
1.498739508e-08	1.464424787e-08	0.9998587179	0.0001412421905	1.027220723e-08	
4.616420481e-09	4.535976394e-09	0.9999999833	4.365375463e-09	3.181770018e-09	
1.498739508e-08	1.464424787e-08	0.9998587179	0.0001412421905	1.027220723e-08	
2.681035577e-08	0.0006348452515	2.737643026e-08	2.566368034e-08	0.9993650749	
8.214351478e-09	0.9140627332	8.372450553e-09	7.699174692e-09	0.0859372425	
8.227334262e-09	0.9134284535	8.385703752e-09	7.711343245e-09	0.08657152217	
1.339123695e-08	0.8809169272	1.365758623e-08	6.060645259e-05	0.1190224393	
2.681035577e-08	0.000634845256	2.737643026e-08	2.566368034e-08	0.9993650749	
8.586817601e-09	0.8958676999	8.748822974e-09	8.125285205e-09	0.1041322746	
9.713253582e-09	0.934809791	7.937672029e-09	7.302090458e-09	0.06519018409	
9.250952693e-09	0.8959338474	9.306250304e-06	8.753753861e-09	0.1040568284	
8.249873099e-09	0.9123301898	8.408712336e-09	7.826115407e-09	0.08766978575	
8.052302523e-09	0.9219820944	8.205675028e-09	7.628736991e-09	0.07801788171	
8.391281879e-09	0.9054187257	8.554859957e-09	7.865008149e-09	0.09458124951	
2.425122895e-08	0.0005535181292	2.476831965e-08	2.296724729e-08	0.9994464099	
2.411170379e-08	0.0005490838502	2.462587982e-08	2.283510932e-08	0.9994508446	
2.854632217e-08	0.0003851765158	2.917339028e-08	0.0001305427134	0.9994842231	
6.810213978e-09	3.307664378e-08	6.968165886e-09	6.586905314e-09	0.9999999466	
2.092351892e-08	0.0004477563398	2.136168958e-08	2.00053155e-08	0.9995521814	
3.779555289e-08	0.0007460958171	3.094942672e-08	2.870962284e-08	0.9992538067	
2.255764179e-08	0.0004481037277	2.273869035e-05	2.156780108e-08	0.9995291135	
2.387505633e-08	0.0005415574814	2.438428999e-08	2.288482982e-08	0.9994583714	
2.618430888e-08	0.0006149487121	2.673737877e-08	2.506559266e-08	0.9993849733	
2.25107096e-08	0.0004982022957	2.299626276e-08	2.131887852e-08	0.9995017309	
1.778038405e-08	0.0003478645368	1.815922018e-08	1.703866398e-08	0.9996520825	
8.428176012e-09	0.9019486025	8.59216328e-09	7.815617991e-09	0.09805137265	
2.425122895e-08	0.0005535181332	2.476831965e-08	2.296724729e-08	0.9994464099	
8.774066705e-09	0.8823591065	8.941427804e-09	8.214216452e-09	0.1176408676	
9.981350984e-09	0.925935324	8.158424568e-09	7.42387488e-09	0.07406465046	
9.452784321e-09	0.8824335927	9.511227493e-06	8.849657327e-09	0.1175568778	
8.259127336e-09	0.9115266396	8.418155501e-09	7.741507808e-09	0.088473336	
8.58614189e-09	0.8930011597	8.75530353e-09	7.962102472e-09	0.106998815	
9.283331277e-09	0.8535132954	9.463787378e-09	8.710694478e-09	0.1464866772	
2.411170379e-08	0.0005490838541	2.462587982e-08	2.283510932e-08	0.9994508446	
8.785685023e-09	0.8815211609	8.953289666e-09	8.225093442e-09	0.1184788131	
9.998084997e-09	0.9253815192	8.172122409e-09	7.436321219e-09	0.07461845516	
9.465307587e-09	0.881596155	9.523851513e-06	8.861381563e-09	0.1183943028	
8.462361231e-09	0.8999985507	8.627071597e-09	7.942356462e-09	0.1000014243	
8.59825003e-09	0.8922297581	8.767671695e-09	7.9733306e-09	0.1077702165	
9.29345987e-09	0.8525042295	9.474136064e-09	8.720198302e-09	0.147495743	
2.854632217e-08	0.0003851765186	2.917339028e-08	0.0001305427134	0.999484223	
1.411512943e-08	0.8391524067	1.439344505e-08	6.380832635e-05	0.1607837565	
1.520736547e-08	0.8392431518	1.53110421e-05	6.874608435e-05	0.1606727759	
1.369824749e-08	0.8632053546	1.397364591e-08	6.207977025e-05	0.1367325379	
1.344985813e-08	0.8775349984	1.371748305e-08	6.087463574e-05	0.1224040998	
1.47573839e-08	0.8020978581	1.50537413e-08	6.686295805e-05	0.1978352491	
1.529054552e-08	9.37956646e-05	1.562963039e-08	0.9998693404	3.683305331e-05	
1.534263469e-08	9.373958546e-05	1.562627286e-08	0.999869405	3.682446861e-05	
1.529053692e-08	9.373939702e-05	1.562624145e-08	0.9998694053	3.682439763e-05	
1.529051829e-08	9.385884355e-05	1.556905311e-08	0.9998692676	3.684271128e-05	
2.092351892e-08	0.000447756343	2.136168958e-08	2.00053155e-08	0.9995521814	
3.779555289e-08	0.0007460958224	3.094942672e-08	2.870962284e-08	0.9992538067	
2.255764179e-08	0.0004481037308	2.273869035e-05	2.156780108e-08	0.9995291135	
2.387505633e-08	0.0005415574852	2.438428999e-08	2.288482982e-08	0.9994583714	
2.618430888e-08	0.0006149487164	2.673737877e-08	2.506559266e-08	0.9993849733	
2.25107096e-08	0.0004982022992	2.299626276e-08	2.131887852e-08	0.9995017309	
1.778038405e-08	0.0003478645392	1.815922018e-08	1.703866398e-08	0.9996520825	
1.046271177e-08	0.9100065242	8.548685063e-09	7.85635432e-09	0.08999344891	
9.80955326e-09	0.8585793375	9.866522973e-06	9.271530238e-09	0.1414107769	
8.805851187e-09	0.8800712609	8.973878846e-09	8.343814502e-09	0.119928713	
8.62855502e-09	0.8928575921	8.791418131e-09	8.165164732e-09	0.1071423823	
8.931892008e-09	0.8709763144	9.104470451e-09	8.361970847e-09	0.1290236592	
9.57004778e-09	0.8249534965	9.752440592e-09	9.065641126e-09	0.1750464751	
2.091832891e-08	0.0002187874186	2.134514416e-08	1.958359449e-08	0.9997811507	
1.127181037e-08	0.9100636364	9.093259986e-06	8.463928165e-09	0.08992725062	
1.002713943e-08	0.9244223478	8.195905581e-09	7.548253169e-09	0.07557762646	
9.772745926e-09	0.9328409785	7.986353031e-09	7.347161594e-09	0.06715899635	
1.020967986e-08	0.9183788859	8.347076317e-09	7.593699648e-09	0.08162108792	
1.115569851e-08	0.8870722939	9.118155803e-09	8.395707337e-09	0.1129276774	
0.001418628806	0.9983848989	8.5877958e-08	7.835417265e-08	0.0001963080191	
9.487044492e-09	0.8801471312	9.54576361e-06	8.98929702e-09	0.1198433046	
9.295940153e-09	0.8929256227	9.351581442e-06	8.796738703e-09	0.1070650076	
9.622903977e-09	0.8710576045	9.684746497e-06	9.008922115e-09	0.1289326921	
1.031080215e-08	0.8250602386	1.037438925e-05	9.76738631e-09	0.174929367	
2.255205097e-08	0.0002189572068	2.272108294e-05	2.111314641e-08	0.999758278	
8.294378628e-09	0.9097480154	8.454142345e-09	7.868706349e-09	0.09025195999	
9.311040835e-09	0.8507593488	9.492099342e-09	8.842503731e-09	0.1492406236	
8.434668257e-09	0.9026547056	8.59916085e-09	7.906046693e-09	0.0973452695	
9.156086369e-09	0.866195664	9.33224061e-09	8.68401332e-09	0.1338043088	
1.77750653e-08	0.0001699685475	1.814422794e-08	1.667862895e-08	0.9998299789	
0.9999999829	4.614278982e-09	4.762501093e-09	4.447349739e-09	3.231723119e-09	
0.9999946493	5.337218049e-06	5.160507412e-09	4.71888694e-09	3.605503527e-09	
0.999999983	4.614484621e-09	4.762441691e-09	4.35461717e-09	3.231684497e-09	
0.999999983	4.614484621e-09	4.762441691e-09	4.35461717e-09	3.231684497e-09	
0.999999983	4.614791746e-09	4.762442056e-09	4.354890877e-09	3.231684739e-09	
0.999999983	4.614791746e-09	4.762442056e-09	4.354890877e-09	3.231684739e-09	
0.9999999829	4.614544573e-09	4.762503876e-09	4.451487026e-09	3.231724934e-09	
0.999999983	4.614791746e-09	4.762442056e-09	4.354890877e-09	3.231684739e-09	
0.999999983	4.610805556e-09	4.762439624e-09	4.354888675e-09	3.231683101e-09	
0.9999949464	5.000652115e-09	5.160648607e-09	5.039932905e-06	3.50188691e-09	
0.999999983	4.614484621e-09	4.762441691e-09	4.35461717e-09	3.231684497e-09	
0.999999983	4.614791746e-09	4.762442056e-09	4.354890877e-09	3.231684739e-09	
0.9999999829	4.614278982e-09	4.762501093e-09	4.447349739e-09	3.231723119e-09	
0.9999946494	5.336980203e-06	5.16057178e-09	4.819376719e-09	3.605546617e-09	
0.9999999829	4.614278982e-09	4.762501093e-09	4.447349739e-09	3.231723119e-09	
0.9999999829	4.614278982e-09	4.762501093e-09	4.447349739e-09	3.231723119e-09	
0.9999999829	4.614586093e-09	4.762501458e-09	4.447629276e-09	3.23172336e-09	
0.9999999829	4.614586093e-09	4.762501458e-09	4.447629276e-09	3.23172336e-09	
0.9999999828	4.614338931e-09	4.762563279e-09	4.546282462e-09	3.231763555e-09	
0.9999999829	4.614586093e-09	4.762501458e-09	4.447629276e-09	3.23172336e-09	
0.9999999829	4.61060008e-09	4.762499026e-09	4.447627027e-09	3.231721722e-09	
0.9999948391	5.00042873e-09	5.160712423e-09	5.147258878e-06	3.501928385e-09	
0.9999999829	4.614278982e-09	4.762501093e-09	4.447349739e-09	3.231723119e-09	
0.9999999829	4.614586093e-09	4.762501458e-09	4.447629276e-09	3.23172336e-09	
0.9999999828	4.614073352e-09	4.762560496e-09	4.54205707e-09	3.23176174e-09	
0.9998473585	1.551376371e-08	1.617760828e-08	0.0001525989066	1.087407523e-08	
0.9999946493	5.337218049e-06	5.160507412e-09	4.71888694e-09	3.605503527e-09	
0.9999946493	5.337218049e-06	5.160507412e-09	4.71888694e-09	3.605503527e-09	
0.9999946489	5.337573274e-06	5.160507806e-09	4.719183542e-09	3.605503796e-09	
0.9999946489	5.337573274e-06	5.160507806e-09	4.719183542e-09	3.605503796e-09	
0.9999946491	5.33728739e-06	5.160574794e-09	4.823860094e-09	3.605548641e-09	
0.9999946489	5.337573274e-06	5.160507806e-09	4.719183542e-09	3.605503796e-09	
0.9999887451	5.783863152e-06	5.591993354e-09	5.46152555e-06	3.906957706e-09	
0.9999946493	5.337218049e-06	5.160507412e-09	4.71888694e-09	3.605503527e-09	
0.9999946489	5.337573274e-06	5.160507806e-09	4.719183542e-09	3.605503796e-09	
0.9999946494	5.336980203e-06	5.16057178e-09	4.819376719e-09	3.605546617e-09	
0.999999983	4.614484621e-09	4.762441691e-09	4.35461717e-09	3.231684497e-09	
0.999999983	4.614791746e-09	4.762442056e-09	4.354890877e-09	3.231684739e-09	
0.999999983	4.614791746e-09	4.762442056e-09	4.354890877e-09	3.231684739e-09	
0.9999999829	4.614544573e-09	4.762503876e-09	4.451487026e-09	3.231724934e-09	
0.999999983	4.614791746e-09	4.762442056e-09	4.354890877e-09	3.231684739e-09	
0.999999983	4.610805556e-09	4.762439624e-09	4.354888675e-09	3.231683101e-09	
0.9999949464	5.000652115e-09	5.160648607e-09	5.039932905e-06	3.50188691e-09	
0.999999983	4.614484621e-09	4.762441691e-09	4.35461717e-09	3.231684497e-09	
0.999999983	4.614791746e-09	4.762442056e-09	4.354890877e-09	3.231684739e-09	
0.9999999829	4.614278982e-09	4.762501093e-09	4.447349739e-09	3.231723119e-09	
0.999999983	4.614791746e-09	4.762442056e-09	4.354890877e-09	3.231684739e-09	
0.999999983	4.614791746e-09	4.762442056e-09	4.354890877e-09	3.231684739e-09	
0.9999999829	4.614544573e-09	4.762503876e-09	4.451487026e-09	3.231724934e-09	
0.999999983	4.614791746e-09	4.762442056e-09	4.354890877e-09	3.231684739e-09	
0.999999983	4.610805556e-09	4.762439624e-09	4.354888675e-09	3.231683101e-09	
0.9999949464	5.000652115e-09	5.160648607e-09	5.039932905e-06	3.50188691e-09	
0.999999983	4.614484621e-09	4.762441691e-09	4.35461717e-09	3.231684497e-09	
0.999999983	4.614791746e-09	4.762442056e-09	4.354890877e-09	3.231684739e-09	
0.9999999829	4.614278982e-09	4.762501093e-09	4.447349739e-09	3.231723119e-09	
0.999999983	4.61509889e-09	4.762442422e-09	4.355164602e-09	3.231684981e-09	
0.9999999829	4.614851702e-09	4.762504241e-09	4.451766823e-09	3.231725175e-09	
0.999999983	4.61509889e-09	4.762442422e-09	4.355164602e-09	3.231684981e-09	
0.999999983	4.611112435e-09	4.762439989e-09	4.3551624e-09	3.231683343e-09	
0.9999949461	5.00098494e-09	5.160649002e-09	5.040249687e-06	3.501887171e-09	
0.999999983	4.614791746e-09	4.762442056e-09	4.354890877e-09	3.231684739e-09	
0.9999999829	4.614586093e-09	4.762501458e-09	4.447629276e-09	3.23172336e-09	
0.9999999829	4.614851702e-09	4.762504241e-09	4.451766823e-09	3.231725175e-09	
0.999999983	4.611112435e-09	4.762439989e-09	4.3551624e-09	3.231683343e-09	
0.9999949461	5.00098494e-09	5.160649002e-09	5.040249687e-06	3.501887171e-09	
0.999999983	4.614791746e-09	4.762442056e-09	4.354890877e-09	3.231684739e-09	
0.999999983	4.61509889e-09	4.762442422e-09	4.355164602e-09	3.231684981e-09	
0.9999999829	4.614586093e-09	4.762501458e-09	4.447629276e-09	3.23172336e-09	
0.9999999829	4.614851702e-09	4.762504241e-09	4.451766823e-09	3.231725175e-09	
0.9999999829	4.61086546e-09	4.762501809e-09	4.451764572e-09	3.231723537e-09	
0.9999999829	4.614544573e-09	4.762503876e-09	4.451487026e-09	3.231724934e-09	
0.9999999829	4.614851702e-09	4.762504241e-09	4.451766823e-09	3.231725175e-09	
0.9999999828	4.614338931e-09	4.762563279e-09	4.546282462e-09	3.231763555e-09	
0.9998472166	1.551465446e-08	1.617761543e-08	0.0001527408448	1.087407979e-08	
0.999999983	4.611112435e-09	4.762439989e-09	4.3551624e-09	3.231683343e-09	
0.9999949461	5.00098494e-09	5.160649002e-09	5.040249687e-06	3.501887171e-09	
0.999999983	4.614791746e-09	4.762442056e-09	4.354890877e-09	3.231684739e-09	
0.999999983	4.61509889e-09	4.762442422e-09	4.355164602e-09	3.231684981e-09	
0.9999999829	4.614586093e-09	4.762501458e-09	4.447629276e-09	3.23172336e-09	
0.9999949461	4.996665162e-09	5.160646366e-09	5.040247138e-06	3.501885396e-09	
0.999999983	4.610805556e-09	4.762439624e-09	4.354888675e-09	3.231683101e-09	
0.999999983	4.611112435e-09	4.762439989e-09	4.3551624e-09	3.231683343e-09	
0.9999999829	4.61060008e-09	4.762499026e-09	4.447627027e-09	3.231721722e-09	
0.9999949464	5.000652115e-09	5.160648607e-09	5.039932905e-06	3.50188691e-09	
0.9999949461	5.00098494e-09	5.160649002e-09	5.040249687e-06	3.501887171e-09	
0.9999948391	5.00042873e-09	5.160712423e-09	5.147258878e-06	3.501928385e-09	
0.001064016535	6.787143184e-08	7.009886554e-08	0.9989357979	4.756719535e-08	
0.999999983	4.614791746e-09	4.762442056e-09	4.354890877e-09	3.231684739e-09	
0.9999999829	4.614278982e-09	4.762501093e-09	4.447349739e-09	3.231723119e-09	
0.9999999829	4.614586093e-09	4.762501458e-09	4.447629276e-09	3.23172336e-09	
0.9998473585	1.551376371e-08	1.617760828e-08	0.0001525989066	1.087407523e-08	
6.803026179e-09	6.684478545e-09	6.909815813e-09	6.308593959e-09	0.9999999733	
6.803026179e-09	6.684478545e-09	6.909815813e-09	6.308593959e-09	0.9999999733	
6.803026179e-09	6.684478545e-09	6.909815813e-09	6.308593959e-09	0.9999999733	
6.803026179e-09	6.684478545e-09	6.909815813e-09	6.308593959e-09	0.9999999733	
6.803026179e-09	6.684478545e-09	6.909815813e-09	6.308593959e-09	0.9999999733	
6.803026178e-09	6.684478007e-09	6.909815792e-09	6.308593958e-09	0.9999999733	
6.803026179e-09	6.684478545e-09	6.909815813e-09	6.308593959e-09	0.9999999733	
6.803026178e-09	6.684478007e-09	6.909815792e-09	6.308593958e-09	0.9999999733	
6.803026178e-09	6.684478007e-09	6.909815792e-09	6.308593958e-09	0.9999999733	
6.803026179e-09	6.684478545e-09	6.909815813e-09	6.308593959e-09	0.9999999733	
6.803026179e-09	6.684478545e-09	6.909815813e-09	6.308593959e-09	0.9999999733	
6.803026179e-09	6.684478545e-09	6.909815813e-09	6.308593959e-09	0.9999999733	
6.803026179e-09	6.684478545e-09	6.909815813e-09	6.308593959e-09	0.9999999733	
6.803372396e-09	7.26399633e-09	6.931967227e-09	6.308912922e-09	0.9999999727	
6.803026179e-09	6.684478545e-09	6.909815813e-09	6.308593959e-09	0.9999999733	
6.803026179e-09	6.684478545e-09	6.909815813e-09	6.308593959e-09	0.9999999733	
6.803026179e-09	6.684478545e-09	6.909815813e-09	6.308593959e-09	0.9999999733	
6.803026179e-09	6.684478545e-09	6.909815813e-09	6.308593959e-09	0.9999999733	
6.803026178e-09	6.684478007e-09	6.909815792e-09	6.308593958e-09	0.9999999733	
6.803026179e-09	6.684478545e-09	6.909815813e-09	6.308593959e-09	0.9999999733	
6.803026178e-09	6.684478007e-09	6.909815792e-09	6.308593958e-09	0.9999999733	
6.803026178e-09	6.684478007e-09	6.909815792e-09	6.308593958e-09	0.9999999733	
6.803026179e-09	6.684478545e-09	6.909815813e-09	6.308593959e-09	0.9999999733	
6.803026179e-09	6.684478545e-09	6.909815813e-09	6.308593959e-09	0.9999999733	
6.803026179e-09	6.684478545e-09	6.909815813e-09	6.308593959e-09	0.9999999733	
6.803026179e-09	6.684478545e-09	6.909815813e-09	6.308593959e-09	0.9999999733	
6.803372396e-09	7.26399633e-09	6.931967227e-09	6.308912922e-09	0.9999999727	
6.803026179e-09	6.684478545e-09	6.909815813e-09	6.308593959e-09	0.9999999733	
6.803026179e-09	6.684478545e-09	6.909815813e-09	6.308593959e-09	0.9999999733	
6.803026179e-09	6.684478545e-09	6.909815813e-09	6.308593959e-09	0.9999999733	
6.803026178e-09	6.684478007e-09	6.909815792e-09	6.308593958e-09	0.9999999733	
6.803026179e-09	6.684478545e-09	6.909815813e-09	6.308593959e-09	0.9999999733	
6.803026178e-09	6.684478007e-09	6.909815792e-09	6.308593958e-09	0.9999999733	
6.803026178e-09	6.684478007e-09	6.909815792e-09	6.308593958e-09	0.9999999733	
6.803026179e-09	6.684478545e-09	6.909815813e-09	6.308593959e-09	0.9999999733	
6.803026179e-09	6.684478545e-09	6.909815813e-09	6.308593959e-09	0.9999999733	
6.803026179e-09	6.684478545e-09	6.909815813e-09	6.308593959e-09	0.9999999733	
6.803026179e-09	6.684478545e-09	6.909815813e-09	6.308593959e-09	0.9999999733	
6.803372396e-09	7.26399633e-09	6.931967227e-09	6.308912922e-09	0.9999999727	
6.803026179e-09	6.684478545e-09	6.909815813e-09	6.308593959e-09	0.9999999733	
6.803026179e-09	6.684478545e-09	6.909815813e-09	6.308593959e-09	0.9999999733	
6.803026178e-09	6.684478007e-09	6.909815792e-09	6.308593958e-09	0.9999999733	
6.803026179e-09	6.684478545e-09	6.909815813e-09	6.308593959e-09	0.9999999733	
6.803026178e-09	6.684478007e-09	6.909815792e-09	6.308593958e-09	0.9999999733	
6.803026178e-09	6.684478007e-09	6.909815792e-09	6.308593958e-09	0.9999999733	
6.803026179e-09	6.684478545e-09	6.909815813e-09	6.308593959e-09	0.9999999733	
6.803026179e-09	6.684478545e-09	6.909815813e-09	6.308593959e-09	0.9999999733	
6.803026179e-09	6.684478545e-09	6.909815813e-09	6.308593959e-09	0.9999999733	
6.803026179e-09	6.684478545e-09	6.909815813e-09	6.308593959e-09	0.9999999733	
6.803372396e-09	7.26399633e-09	6.931967227e-09	6.308912922e-09	0.9999999727	
6.803026179e-09	6.684478545e-09	6.909815813e-09	6.308593959e-09	0.9999999733	
6.803026178e-09	6.684478007e-09	6.909815792e-09	6.308593958e-09	0.9999999733	
6.803026179e-09	6.684478545e-09	6.909815813e-09	6.308593959e-09	0.9999999733	
6.803026178e-09	6.684478007e-09	6.909815792e-09	6.308593958e-09	0.9999999733	
6.803026178e-09	6.684478007e-09	6.909815792e-09	6.308593958e-09	0.9999999733	
6.803026179e-09	6.684478545e-09	6.909815813e-09	6.308593959e-09	0.9999999733	
6.803026179e-09	6.684478545e-09	6.909815813e-09	6.308593959e-09	0.9999999733	
6.803026179e-09	6.684478545e-09	6.909815813e-09	6.308593959e-09	0.9999999733	
6.803026179e-09	6.684478545e-09	6.909815813e-09	6.308593959e-09	0.9999999733	
6.803372396e-09	7.26399633e-09	6.931967227e-09	6.308912922e-09	0.9999999727	
6.803026178e-09	6.684478007e-09	6.909815792e-09	6.308593958e-09	0.9999999733	
6.803026179e-09	6.684478545e-09	6.909815813e-09	6.308593959e-09	0.9999999733	
6.803026178e-09	6.684478007e-09	6.909815792e-09	6.308593958e-09	0.9999999733	
6.803026178e-09	6.684478007e-09	6.909815792e-09	6.308593958e-09	0.9999999733	
6.803026179e-09	6.684478545e-09	6.909815813e-09	6.308593959e-09	0.9999999733	
6.803026179e-09	6.684478545e-09	6.909815813e-09	6.308593959e-09	0.9999999733	
6.803026179e-09	6.684478545e-09	6.909815813e-09	6.308593959e-09	0.9999999733	
6.803026179e-09	6.684478545e-09	6.909815813e-09	6.308593959e-09	0.9999999733	
6.803372396e-09	7.26399633e-09	6.931967227e-09	6.308912922e-09	0.9999999727	
6.803026178e-09	6.684478007e-09	6.909815792e-09	6.308593958e-09	0.9999999733	
6.803026178e-09	6.684477469e-09	6.90981577e-09	6.308593958e-09	0.9999999733	
6.803026178e-09	6.684477469e-09	6.90981577e-09	6.308593958e-09	0.9999999733	
6.803026178e-09	6.684478007e-09	6.909815792e-09	6.308593958e-09	0.9999999733	
6.803026178e-09	6.684478007e-09	6.909815792e-09	6.308593958e-09	0.9999999733	
6.803026178e-09	6.684478007e-09	6.909815792e-09	6.308593958e-09	0.9999999733	
6.803026178e-09	6.684478007e-09	6.909815792e-09	6.308593958e-09	0.9999999733	
6.803026178e-09	6.684478007e-09	6.909815792e-09	6.308593958e-09	0.9999999733	
6.803026178e-09	6.684478007e-09	6.909815792e-09	6.308593958e-09	0.9999999733	
6.803026179e-09	6.684478545e-09	6.909815813e-09	6.308593959e-09	0.9999999733	
6.803026179e-09	6.684478545e-09	6.909815813e-09	6.308593959e-09	0.9999999733	
6.803026179e-09	6.684478545e-09	6.909815813e-09	6.308593959e-09	0.9999999733	
6.803026179e-09	6.684478545e-09	6.909815813e-09	6.308593959e-09	0.9999999733	
6.803372396e-09	7.26399633e-09	6.931967227e-09	6.308912922e-09	0.9999999727	
6.803026178e-09	6.684477469e-09	6.90981577e-09	6.308593958e-09	0.9999999733	
6.803026178e-09	6.684478007e-09	6.909815792e-09	6.308593958e-09	0.9999999733	
6.803026178e-09	6.684478007e-09	6.909815792e-09	6.308593958e-09	0.9999999733	
6.803026178e-09	6.684478007e-09	6.909815792e-09	6.308593958e-09	0.9999999733	
6.803026178e-09	6.684478007e-09	6.909815792e-09	6.308593958e-09	0.9999999733	
6.803026178e-09	6.684478007e-09	6.909815792e-09	6.308593958e-09	0.9999999733	
6.803026178e-09	6.684478007e-09	6.909815792e-09	6.308593958e-09	0.9999999733	
6.803026178e-09	6.684478007e-09	6.909815792e-09	6.308593958e-09	0.9999999733	
6.803026178e-09	6.684478007e-09	6.909815792e-09	6.308593958e-09	0.9999999733	
6.803026179e-09	6.684478545e-09	6.909815813e-09	6.308593959e-09	0.9999999733	
6.803026179e-09	6.684478545e-09	6.909815813e-09	6.308593959e-09	0.9999999733	
6.803026179e-09	6.684478545e-09	6.909815813e-09	6.308593959e-09	0.9999999733	
6.803372396e-09	7.26399633e-09	6.931967227e-09	6.308912922e-09	0.9999999727	
6.803026179e-09	6.684478545e-09	6.909815813e-09	6.308593959e-09	0.9999999733	
6.803026179e-09	6.684478545e-09	6.909815813e-09	6.308593959e-09	0.9999999733	
6.803372396e-09	7.26399633e-09	6.931967227e-09	6.308912922e-09	0.9999999727	
6.803026179e-09	6.684478545e-09	6.909815813e-09	6.308593959e-09	0.9999999733	
6.803372396e-09	7.26399633e-09	6.931967227e-09	6.308912922e-09	0.9999999727	
6.803372396e-09	7.26399633e-09	6.931967227e-09	6.308912922e-09	0.9999999727	
5.056370517e-09	5.021714601e-09	5.155714321e-09	0.9999999813	3.499686222e-09	
5.07461651e-09	5.021725161e-09	5.155725247e-09	0.9999999812	3.499693334e-09	
5.784750301e-09	5.022113279e-09	5.156124984e-09	0.9999999805	3.499955528e-09	
5.056370517e-09	5.021714601e-09	5.155714321e-09	0.9999999813	3.499686222e-09	
5.07461651e-09	5.021725161e-09	5.155725247e-09	0.9999999812	3.499693334e-09	
7.409172037e-09	7.317426626e-09	3.397857857e-05	0.9999660016	5.09957816e-09	
5.073651909e-09	5.072767262e-09	5.174710994e-09	0.9999999812	3.513659009e-09	
5.056382712e-09	5.021726654e-09	5.177037661e-09	0.9999999812	3.499694355e-09	
5.056383088e-09	5.021727506e-09	5.178467491e-09	0.9999999812	3.499694908e-09	
5.05642371e-09	5.072757063e-09	5.174700594e-09	0.9999999812	3.513652235e-09	
5.0736092e-09	5.021735313e-09	5.17466731e-09	0.9999999812	3.49970017e-09	
5.056370483e-09	5.021714593e-09	5.155714312e-09	0.9999999813	3.49968622e-09	
5.074628094e-09	5.021736514e-09	5.175787917e-09	0.9999999812	3.499700989e-09	
5.05638196e-09	5.021725967e-09	5.175776898e-09	0.9999999812	3.49969388e-09	
5.056382712e-09	5.021726689e-09	5.177037647e-09	0.9999999812	3.499694362e-09	
5.056418246e-09	5.079221675e-09	5.155763126e-09	0.9999999812	3.515400143e-09	
5.075717985e-09	4.968226264e-09	5.156935742e-09	0.9999999813	3.484971974e-09	
5.074559943e-09	4.968213666e-09	5.13569446e-09	0.9999999813	3.484963427e-09	
5.784685817e-09	4.968597648e-09	5.136092645e-09	0.9999999806	3.485224518e-09	
5.074559943e-09	4.968213666e-09	5.13569446e-09	0.9999999813	3.484963427e-09	
5.073595353e-09	5.018711862e-09	5.154606445e-09	0.9999999813	3.498870321e-09	
5.056326348e-09	4.968215143e-09	5.156924072e-09	0.9999999813	3.484964444e-09	
5.056326724e-09	4.968215987e-09	5.158348347e-09	0.9999999813	3.484964995e-09	
5.056367345e-09	5.018701772e-09	5.154596085e-09	0.9999999813	3.498863576e-09	
5.073552644e-09	4.96822371e-09	5.154562931e-09	0.9999999813	3.484970234e-09	
5.056314119e-09	4.96820321e-09	5.135683568e-09	0.9999999814	3.484956343e-09	
5.074571527e-09	4.968224898e-09	5.155679184e-09	0.9999999813	3.48497105e-09	
5.056325596e-09	4.968214464e-09	5.155668207e-09	0.9999999813	3.484963971e-09	
5.056326348e-09	4.968215178e-09	5.156924058e-09	0.9999999813	3.484964451e-09	
5.056361882e-09	5.025097497e-09	5.135732192e-09	0.9999999813	3.500604127e-09	
5.094033794e-09	4.968236712e-09	5.156946671e-09	0.9999999813	3.484979055e-09	
5.075717985e-09	4.968226264e-09	5.156935742e-09	0.9999999813	3.484971974e-09	
5.094033794e-09	4.968236712e-09	5.156946671e-09	0.9999999813	3.484979055e-09	
7.4375221e-09	7.239485663e-09	3.398662804e-05	0.9999659936	5.078137208e-09	
5.093065503e-09	5.018735142e-09	5.175936916e-09	0.9999999812	3.498886012e-09	
5.075730227e-09	4.968238189e-09	5.178264134e-09	0.9999999813	3.484980073e-09	
5.075730604e-09	4.968239032e-09	5.179694303e-09	0.9999999813	3.484980623e-09	
5.075771382e-09	5.018725052e-09	5.175926513e-09	0.9999999812	3.498879267e-09	
5.093022629e-09	4.968246755e-09	5.175893222e-09	0.9999999813	3.484985863e-09	
5.075717951e-09	4.968226256e-09	5.156935734e-09	0.9999999813	3.484971972e-09	
5.094045423e-09	4.968247944e-09	5.177014094e-09	0.9999999813	3.484986679e-09	
3.151921155e-05	7.1094793e-09	7.449855206e-09	0.9999684612	4.986943669e-09	
5.075729472e-09	4.968237509e-09	5.177003072e-09	0.9999999813	3.484979599e-09	
5.075730227e-09	4.968238223e-09	5.17826412e-09	0.9999999813	3.484980079e-09	
5.075765897e-09	5.025120807e-09	5.156984559e-09	0.9999999812	3.500619826e-09	
5.805559948e-09	4.968608097e-09	5.136103529e-09	0.9999999806	3.4852316e-09	
5.074559943e-09	4.968213666e-09	5.13569446e-09	0.9999999813	3.484963427e-09	
5.092871573e-09	4.968224113e-09	5.135705344e-09	0.9999999813	3.484970508e-09	
5.091903502e-09	5.018722416e-09	5.154617369e-09	0.9999999812	3.498877431e-09	
5.074572182e-09	4.96822559e-09	5.156935001e-09	0.9999999813	3.484971526e-09	
5.074572559e-09	4.968226434e-09	5.158359279e-09	0.9999999813	3.484972077e-09	
5.074613327e-09	5.018712326e-09	5.154607009e-09	0.9999999813	3.498870686e-09	
5.091860639e-09	4.968234157e-09	5.154573854e-09	0.9999999813	3.484977316e-09	
5.074559908e-09	4.968213657e-09	5.135694452e-09	0.9999999813	3.484963425e-09	
5.092883199e-09	4.968235346e-09	5.15569011e-09	0.9999999813	3.484978132e-09	
3.151202056e-05	7.109461323e-09	7.419169502e-09	0.9999684685	4.986931475e-09	
5.074571427e-09	4.968224911e-09	5.155679133e-09	0.9999999813	3.484971052e-09	
5.074572182e-09	4.968225625e-09	5.156934987e-09	0.9999999813	3.484971533e-09	
5.074607844e-09	5.025108064e-09	5.135743075e-09	0.9999999813	3.500611241e-09	
5.784685817e-09	4.968597648e-09	5.136092645e-09	0.9999999806	3.485224518e-09	
5.805559948e-09	4.968608097e-09	5.136103529e-09	0.9999999806	3.4852316e-09	
5.804456407e-09	5.019110302e-09	5.15501702e-09	0.9999999805	3.499139565e-09	
5.784699769e-09	4.968609574e-09	5.157334832e-09	0.9999999806	3.485232618e-09	
5.784746672e-09	5.019100211e-09	5.155006659e-09	0.9999999805	3.499132819e-09	
5.804407545e-09	4.968618141e-09	5.154973503e-09	0.9999999806	3.485238408e-09	
5.784685778e-09	4.96859764e-09	5.136092636e-09	0.9999999806	3.485224516e-09	
5.805573201e-09	4.96861933e-09	5.156089845e-09	0.9999999806	3.485239224e-09	
5.784698909e-09	4.968608894e-09	5.156078867e-09	0.9999999806	3.485232144e-09	
5.784699769e-09	4.968609608e-09	5.157334818e-09	0.9999999806	3.485232624e-09	
5.784740421e-09	5.025496444e-09	5.136141264e-09	0.9999999806	3.500873504e-09	
5.074559943e-09	4.968213666e-09	5.13569446e-09	0.9999999813	3.484963427e-09	
5.073595353e-09	5.018711862e-09	5.154606445e-09	0.9999999813	3.498870321e-09	
5.056326348e-09	4.968215143e-09	5.156924072e-09	0.9999999813	3.484964444e-09	
5.056326724e-09	4.968215987e-09	5.158348347e-09	0.9999999813	3.484964995e-09	
5.056367345e-09	5.018701772e-09	5.154596085e-09	0.9999999813	3.498863576e-09	
5.073552644e-09	4.96822371e-09	5.154562931e-09	0.9999999813	3.484970234e-09	
5.056314119e-09	4.96820321e-09	5.135683568e-09	0.9999999814	3.484956343e-09	
5.074571527e-09	4.968224898e-09	5.155679184e-09	0.9999999813	3.48497105e-09	
5.056325596e-09	4.968214464e-09	5.155668207e-09	0.9999999813	3.484963971e-09	
5.056326348e-09	4.968215178e-09	5.156924058e-09	0.9999999813	3.484964451e-09	
5.056361882e-09	5.025097497e-09	5.135732192e-09	0.9999999813	3.500604127e-09	
5.091903502e-09	5.018722416e-09	5.154617369e-09	0.9999999812	3.498877431e-09	
5.074572182e-09	4.96822559e-09	5.156935001e-09	0.9999999813	3.484971526e-09	
5.074572559e-09	4.968226434e-09	5.158359279e-09	0.9999999813	3.484972077e-09	
5.074613327e-09	5.018712326e-09	5.154607009e-09	0.9999999813	3.498870686e-09	
5.091860639e-09	4.968234157e-09	5.154573854e-09	0.9999999813	3.484977316e-09	
5.074559908e-09	4.968213657e-09	5.135694452e-09	0.9999999813	3.484963425e-09	
5.092883199e-09	4.968235346e-09	5.15569011e-09	0.9999999813	3.484978132e-09	
3.151202056e-05	7.109461323e-09	7.419169502e-09	0.9999684685	4.986931475e-09	
5.074571427e-09	4.968224911e-09	5.155679133e-09	0.9999999813	3.484971052e-09	
5.074572182e-09	4.968225625e-09	5.156934987e-09	0.9999999813	3.484971533e-09	
5.074607844e-09	5.025108064e-09	5.135743075e-09	0.9999999813	3.500611241e-09	
7.43441189e-09	7.313051217e-09	3.39712774e-05	0.9999660089	5.098389305e-09	
7.409107257e-09	7.239469458e-09	3.398655113e-05	0.9999659937	5.078126237e-09	
7.409107738e-09	7.239470619e-09	3.399593745e-05	0.9999659843	5.078126992e-09	
7.409167444e-09	7.313036515e-09	3.397120912e-05	0.999966009	5.098379477e-09	
7.43434931e-09	7.239482053e-09	3.397099063e-05	0.9999660093	5.078134753e-09	
7.435842239e-09	7.239483732e-09	3.397834701e-05	0.9999660019	5.078135905e-09	
4.600763707e-05	1.035927492e-08	4.889426946e-05	0.9999050805	7.266493502e-09	
7.409106217e-09	7.239468528e-09	3.397827467e-05	0.999966002	5.078125589e-09	
7.409107258e-09	7.239469508e-09	3.398655104e-05	0.9999659937	5.078126247e-09	
5.07360759e-09	5.018723908e-09	5.175925203e-09	0.9999999812	3.498878453e-09	
5.073607967e-09	5.01872476e-09	5.177354726e-09	0.9999999812	3.498879006e-09	
5.073648727e-09	5.069723803e-09	5.173588638e-09	0.9999999812	3.512833078e-09	
5.09089276e-09	5.018732562e-09	5.173555362e-09	0.9999999812	3.498884266e-09	
5.073595318e-09	5.018711854e-09	5.154606437e-09	0.9999999813	3.49887032e-09	
3.150603083e-05	7.181723752e-09	7.446490335e-09	0.9999684743	5.006832067e-09	
5.073606835e-09	5.018723222e-09	5.174664711e-09	0.9999999812	3.498877977e-09	
5.07360759e-09	5.018723943e-09	5.175925189e-09	0.9999999812	3.498878459e-09	
5.073643245e-09	5.07618455e-09	5.154655239e-09	0.9999999812	3.514580579e-09	
5.056338919e-09	4.968227911e-09	5.179682582e-09	0.9999999813	3.484973094e-09	
5.056379541e-09	5.018713818e-09	5.1759148e-09	0.9999999813	3.498871708e-09	
5.07356488e-09	4.968235634e-09	5.175881509e-09	0.9999999813	3.484978333e-09	
5.056326314e-09	4.968215135e-09	5.156924064e-09	0.9999999813	3.484964443e-09	
5.074583766e-09	4.968236823e-09	5.177002379e-09	0.9999999813	3.484979149e-09	
5.056337791e-09	4.968226388e-09	5.176991357e-09	0.9999999813	3.48497207e-09	
5.056338544e-09	4.968227102e-09	5.178252402e-09	0.9999999813	3.48497255e-09	
5.056379916e-09	5.01871467e-09	5.17734432e-09	0.9999999812	3.498872261e-09	
5.073565257e-09	4.968236477e-09	5.17731102e-09	0.9999999813	3.484978884e-09	
5.056326689e-09	4.968215978e-09	5.158348339e-09	0.9999999813	3.484964993e-09	
5.074584143e-09	4.968237666e-09	5.178432199e-09	0.9999999813	3.4849797e-09	
5.056338167e-09	4.968227231e-09	5.178421174e-09	0.9999999813	3.484972621e-09	
5.056374452e-09	5.025110411e-09	5.158397177e-09	0.9999999813	3.500612816e-09	
5.073606017e-09	5.018722471e-09	5.173544964e-09	0.9999999812	3.498877521e-09	
5.056367311e-09	5.018701764e-09	5.154596076e-09	0.9999999813	3.498863575e-09	
5.074624911e-09	5.018723672e-09	5.174665328e-09	0.9999999812	3.49887834e-09	
5.056378789e-09	5.018713131e-09	5.17465431e-09	0.9999999813	3.498871232e-09	
5.056379541e-09	5.018713853e-09	5.175914786e-09	0.9999999813	3.498871714e-09	
5.056415074e-09	5.076174344e-09	5.154644879e-09	0.9999999812	3.514573803e-09	
5.073552609e-09	4.968223701e-09	5.154562922e-09	0.9999999813	3.484970233e-09	
5.091872262e-09	4.968245389e-09	5.174632044e-09	0.9999999813	3.484984939e-09	
3.150576562e-05	7.10947574e-09	7.446427475e-09	0.9999684747	4.986941247e-09	
5.073564126e-09	4.968234955e-09	5.174621027e-09	0.9999999813	3.48497786e-09	
5.073564881e-09	4.968235668e-09	5.175881495e-09	0.9999999813	3.48497834e-09	
5.073600535e-09	5.025118223e-09	5.154611725e-09	0.9999999812	3.500618079e-09	
5.074571492e-09	4.96822489e-09	5.155679175e-09	0.9999999813	3.484971048e-09	
5.056325562e-09	4.968214455e-09	5.155668199e-09	0.9999999813	3.484963969e-09	
5.056326314e-09	4.968215169e-09	5.15692405e-09	0.9999999813	3.484964449e-09	
5.056361847e-09	5.025097488e-09	5.135732183e-09	0.9999999813	3.500604126e-09	
3.151209249e-05	7.109477396e-09	7.448039999e-09	0.9999684684	4.986942383e-09	
5.074583011e-09	4.968236143e-09	5.175741624e-09	0.9999999813	3.484978676e-09	
5.074583766e-09	4.968236857e-09	5.177002365e-09	0.9999999813	3.484979156e-09	
5.074619428e-09	5.025119425e-09	5.155727989e-09	0.9999999812	3.500618898e-09	
5.056337792e-09	4.968226422e-09	5.176991343e-09	0.9999999813	3.484972077e-09	
5.056373325e-09	5.025108871e-09	5.155717012e-09	0.9999999813	3.500611787e-09	
5.056374077e-09	5.025109593e-09	5.156972874e-09	0.9999999813	3.50061227e-09	
