4.616420481e-09	4.535976367e-09	0.9999999833	4.36537544e-09	3.181770023e-09	
4.616420481e-09	4.535976392e-09	0.9999999833	4.365375463e-09	3.181770027e-09	
4.616420481e-09	4.535976392e-09	0.9999999833	4.365375463e-09	3.181770027e-09	
4.616420481e-09	4.535976367e-09	0.9999999833	4.36537544e-09	3.181770023e-09	
4.61675249e-09	4.968574874e-09	0.9999999828	4.365686943e-09	3.276948127e-09	
4.616420481e-09	4.535976367e-09	0.9999999833	4.36537544e-09	3.181770023e-09	
4.616473899e-09	4.536028668e-09	0.9999999832	4.451558766e-09	3.181805388e-09	
4.616420481e-09	4.535976392e-09	0.9999999833	4.365375463e-09	3.181770027e-09	
4.616473899e-09	4.536028668e-09	0.9999999832	4.451558766e-09	3.181805388e-09	
4.616420481e-09	4.535976367e-09	0.9999999833	4.36537544e-09	3.181770023e-09	
4.616473899e-09	4.536028668e-09	0.9999999832	4.451558766e-09	3.181805388e-09	
4.616420481e-09	4.535976392e-09	0.9999999833	4.365375463e-09	3.181770027e-09	
4.616473899e-09	4.536028668e-09	0.9999999832	4.451558766e-09	3.181805388e-09	
1.498739508e-08	1.464424786e-08	0.9998587179	0.0001412421905	1.027220725e-08	
4.616367063e-09	4.535924091e-09	0.9999999834	4.280860667e-09	3.181734662e-09	
4.616367063e-09	4.535924091e-09	0.9999999834	4.280860667e-09	3.181734662e-09	
4.616367063e-09	4.535924066e-09	0.9999999834	4.280860645e-09	3.181734658e-09	
4.616699068e-09	4.968517585e-09	0.9999999829	4.281166117e-09	3.276911704e-09	
4.616367063e-09	4.535924066e-09	0.9999999834	4.280860645e-09	3.181734658e-09	
4.616420481e-09	4.535976367e-09	0.9999999833	4.36537544e-09	3.181770023e-09	
4.616367063e-09	4.535924091e-09	0.9999999834	4.280860667e-09	3.181734662e-09	
4.616420481e-09	4.535976367e-09	0.9999999833	4.36537544e-09	3.181770023e-09	
4.616367063e-09	4.535924066e-09	0.9999999834	4.280860645e-09	3.181734658e-09	
4.616420481e-09	4.535976367e-09	0.9999999833	4.36537544e-09	3.181770023e-09	
4.616367063e-09	4.535924091e-09	0.9999999834	4.280860667e-09	3.181734662e-09	
4.616420481e-09	4.535976367e-09	0.9999999833	4.36537544e-09	3.181770023e-09	
4.616367063e-09	4.535924115e-09	0.9999999834	4.28086069e-09	3.181734666e-09	
4.616367063e-09	4.535924091e-09	0.9999999834	4.280860667e-09	3.181734662e-09	
4.616699068e-09	4.968517612e-09	0.9999999829	4.28116614e-09	3.276911708e-09	
4.616367063e-09	4.535924091e-09	0.9999999834	4.280860667e-09	3.181734662e-09	
4.616420481e-09	4.535976392e-09	0.9999999833	4.365375463e-09	3.181770027e-09	
4.616367063e-09	4.535924115e-09	0.9999999834	4.28086069e-09	3.181734666e-09	
4.616420481e-09	4.535976392e-09	0.9999999833	4.365375463e-09	3.181770027e-09	
4.616367063e-09	4.535924091e-09	0.9999999834	4.280860667e-09	3.181734662e-09	
4.616420481e-09	4.535976392e-09	0.9999999833	4.365375463e-09	3.181770027e-09	
4.616420481e-09	4.535976392e-09	0.9999999833	4.365375463e-09	3.181770027e-09	
4.616367063e-09	4.535924091e-09	0.9999999834	4.280860667e-09	3.181734662e-09	
4.616699068e-09	4.968517612e-09	0.9999999829	4.28116614e-09	3.276911708e-09	
4.616367063e-09	4.535924091e-09	0.9999999834	4.280860667e-09	3.181734662e-09	
4.616420481e-09	4.535976392e-09	0.9999999833	4.365375463e-09	3.181770027e-09	
4.616420481e-09	4.535976392e-09	0.9999999833	4.365375463e-09	3.181770027e-09	
4.616367063e-09	4.535924091e-09	0.9999999834	4.280860667e-09	3.181734662e-09	
4.616420481e-09	4.535976392e-09	0.9999999833	4.365375463e-09	3.181770027e-09	
4.616367063e-09	4.535924115e-09	0.9999999834	4.28086069e-09	3.181734666e-09	
4.616420481e-09	4.535976392e-09	0.9999999833	4.365375463e-09	3.181770027e-09	
4.616699068e-09	4.968517585e-09	0.9999999829	4.281166117e-09	3.276911704e-09	
4.616367063e-09	4.535924066e-09	0.9999999834	4.280860645e-09	3.181734658e-09	
4.616420481e-09	4.535976367e-09	0.9999999833	4.36537544e-09	3.181770023e-09	
4.616367063e-09	4.535924091e-09	0.9999999834	4.280860667e-09	3.181734662e-09	
4.616420481e-09	4.535976367e-09	0.9999999833	4.36537544e-09	3.181770023e-09	
4.616367063e-09	4.535924066e-09	0.9999999834	4.280860645e-09	3.181734658e-09	
4.616420481e-09	4.535976367e-09	0.9999999833	4.36537544e-09	3.181770023e-09	
4.616367063e-09	4.535924091e-09	0.9999999834	4.280860667e-09	3.181734662e-09	
4.616420481e-09	4.535976367e-09	0.9999999833	4.36537544e-09	3.181770023e-09	
4.616699068e-09	4.968517585e-09	0.9999999829	4.281166117e-09	3.276911704e-09	
4.61675249e-09	4.968574874e-09	0.9999999828	4.365686943e-09	3.276948127e-09	
4.616699068e-09	4.968517612e-09	0.9999999829	4.28116614e-09	3.276911708e-09	
4.61675249e-09	4.968574874e-09	0.9999999828	4.365686943e-09	3.276948127e-09	
4.616699068e-09	4.968517585e-09	0.9999999829	4.281166117e-09	3.276911704e-09	
4.61675249e-09	4.968574874e-09	0.9999999828	4.365686943e-09	3.276948127e-09	
4.616699068e-09	4.968517612e-09	0.9999999829	4.28116614e-09	3.276911708e-09	
4.61675249e-09	4.968574874e-09	0.9999999828	4.365686943e-09	3.276948127e-09	
6.812495881e-08	0.0006666890508	0.9991201986	6.377834262e-08	0.0002129804545	
4.616420481e-09	4.535976367e-09	0.9999999833	4.36537544e-09	3.181770023e-09	
4.616367063e-09	4.535924091e-09	0.9999999834	4.280860667e-09	3.181734662e-09	
4.616420481e-09	4.535976367e-09	0.9999999833	4.36537544e-09	3.181770023e-09	
4.616367063e-09	4.535924066e-09	0.9999999834	4.280860645e-09	3.181734658e-09	
4.616420481e-09	4.535976367e-09	0.9999999833	4.36537544e-09	3.181770023e-09	
4.616367063e-09	4.535924091e-09	0.9999999834	4.280860667e-09	3.181734662e-09	
4.616420481e-09	4.535976367e-09	0.9999999833	4.36537544e-09	3.181770023e-09	
4.616420481e-09	4.535976392e-09	0.9999999833	4.365375463e-09	3.181770027e-09	
4.616473899e-09	4.536028668e-09	0.9999999832	4.451558766e-09	3.181805388e-09	
4.616420481e-09	4.535976367e-09	0.9999999833	4.36537544e-09	3.181770023e-09	
4.616473899e-09	4.536028668e-09	0.9999999832	4.451558766e-09	3.181805388e-09	
4.616420481e-09	4.535976392e-09	0.9999999833	4.365375463e-09	3.181770027e-09	
4.616473899e-09	4.536028668e-09	0.9999999832	4.451558766e-09	3.181805388e-09	
1.498739508e-08	1.464424786e-08	0.9998587179	0.0001412421905	1.027220725e-08	
4.616420481e-09	4.535976392e-09	0.9999999833	4.365375463e-09	3.181770027e-09	
4.616367063e-09	4.535924091e-09	0.9999999834	4.280860667e-09	3.181734662e-09	
4.616420481e-09	4.535976392e-09	0.9999999833	4.365375463e-09	3.181770027e-09	
4.616367063e-09	4.535924115e-09	0.9999999834	4.28086069e-09	3.181734666e-09	
4.616420481e-09	4.535976392e-09	0.9999999833	4.365375463e-09	3.181770027e-09	
4.616420481e-09	4.535976367e-09	0.9999999833	4.36537544e-09	3.181770023e-09	
4.616473899e-09	4.536028668e-09	0.9999999832	4.451558766e-09	3.181805388e-09	
4.616420481e-09	4.535976392e-09	0.9999999833	4.365375463e-09	3.181770027e-09	
4.616473899e-09	4.536028668e-09	0.9999999832	4.451558766e-09	3.181805388e-09	
1.498739508e-08	1.464424786e-08	0.9998587179	0.0001412421905	1.027220725e-08	
4.616420481e-09	4.535976367e-09	0.9999999833	4.36537544e-09	3.181770023e-09	
4.616367063e-09	4.535924091e-09	0.9999999834	4.280860667e-09	3.181734662e-09	
4.616420481e-09	4.535976367e-09	0.9999999833	4.36537544e-09	3.181770023e-09	
4.616420481e-09	4.535976392e-09	0.9999999833	4.365375463e-09	3.181770027e-09	
4.616473899e-09	4.536028668e-09	0.9999999832	4.451558766e-09	3.181805388e-09	
1.498739508e-08	1.464424786e-08	0.9998587179	0.0001412421905	1.027220725e-08	
4.616420481e-09	4.535976392e-09	0.9999999833	4.365375463e-09	3.181770027e-09	
1.498739508e-08	1.464424786e-08	0.9998587179	0.0001412421905	1.027220725e-08	
2.681035611e-08	0.0006348454862	2.737643062e-08	2.566368068e-08	0.9993650747	
8.214351416e-09	0.9140627363	8.37245049e-09	7.699174633e-09	0.08593723942	
8.227334199e-09	0.9134284567	8.385703687e-09	7.711343185e-09	0.08657151902	
1.339123681e-08	0.8809169322	1.36575861e-08	6.060645198e-05	0.1190224343	
2.681035611e-08	0.0006348455163	2.737643062e-08	2.566368068e-08	0.9993650746	
8.586817529e-09	0.8958677039	8.7488229e-09	8.125285135e-09	0.1041322707	
9.713253506e-09	0.9348097931	7.937671978e-09	7.30209041e-09	0.06519018197	
9.250952616e-09	0.8959338513	9.306250226e-06	8.753753786e-09	0.1040568245	
8.249873031e-09	0.9123301932	8.408712267e-09	7.826115341e-09	0.08766978235	
8.05230246e-09	0.9219820974	8.205674964e-09	7.628736929e-09	0.07801787873	
8.39128182e-09	0.9054187288	8.554859896e-09	7.865008092e-09	0.09458124637	
2.425122925e-08	0.0005535183342	2.476831996e-08	2.296724759e-08	0.9994464097	
2.411170411e-08	0.0005490840538	2.462588015e-08	2.283510963e-08	0.9994508444	
2.854632264e-08	0.0003851766617	2.917339076e-08	0.0001305427157	0.9994842229	
6.810213964e-09	3.307666831e-08	6.968165872e-09	6.586905307e-09	0.9999999466	
2.092351921e-08	0.0004477565068	2.136168987e-08	2.000531578e-08	0.9995521812	
3.779555324e-08	0.00074609609	3.094942705e-08	2.870962316e-08	0.9992538065	
2.25576421e-08	0.0004481038948	2.273869066e-05	2.156780138e-08	0.9995291133	
2.387505669e-08	0.0005415576837	2.438429036e-08	2.288483017e-08	0.9994583712	
2.618430927e-08	0.0006149489411	2.673737917e-08	2.506559304e-08	0.9993849731	
2.251070984e-08	0.0004982024789	2.2996263e-08	2.131887876e-08	0.9995017307	
1.77803843e-08	0.0003478646674	1.815922043e-08	1.703866422e-08	0.9996520824	
8.428175946e-09	0.9019486061	8.592163212e-09	7.815617929e-09	0.09805136909	
2.425122925e-08	0.0005535183604	2.476831996e-08	2.296724759e-08	0.9994464097	
8.774066631e-09	0.8823591109	8.941427729e-09	8.214216381e-09	0.1176408632	
9.981350903e-09	0.9259353264	8.158424512e-09	7.42387483e-09	0.07406464805	
9.452784242e-09	0.8824335971	9.511227413e-06	8.849657251e-09	0.1175568734	
8.25912727e-09	0.911526643	8.418155434e-09	7.741507744e-09	0.08847333262	
8.586141828e-09	0.8930011633	8.755303465e-09	7.962102414e-09	0.1069988114	
9.283331191e-09	0.853513301	9.463787291e-09	8.710694396e-09	0.1464866716	
2.411170411e-08	0.0005490840798	2.462588015e-08	2.283510963e-08	0.9994508443	
8.785684948e-09	0.8815211654	8.953289589e-09	8.225093371e-09	0.1184788086	
9.998084914e-09	0.9253815217	8.172122353e-09	7.436321168e-09	0.07461845269	
9.465307506e-09	0.8815961595	9.523851431e-06	8.861381487e-09	0.1183942983	
8.462361159e-09	0.8999985546	8.627071523e-09	7.942356393e-09	0.1000014204	
8.598249967e-09	0.8922297618	8.76767163e-09	7.973330541e-09	0.1077702129	
9.293459784e-09	0.8525042352	9.474135976e-09	8.72019822e-09	0.1474957373	
2.854632264e-08	0.0003851766799	2.917339077e-08	0.0001305427157	0.9994842229	
1.411512929e-08	0.8391524135	1.439344491e-08	6.380832571e-05	0.1607837496	
1.520736532e-08	0.8392431586	1.531104195e-05	6.874608366e-05	0.160672769	
1.369824735e-08	0.8632053607	1.397364577e-08	6.20797696e-05	0.1367325319	
1.344985799e-08	0.8775350038	1.371748291e-08	6.087463511e-05	0.1224040944	
1.475738375e-08	0.8020978666	1.505374114e-08	6.686295737e-05	0.1978352406	
1.529054552e-08	9.379566557e-05	1.562963039e-08	0.9998693404	3.683305271e-05	
1.534263469e-08	9.373958643e-05	1.562627286e-08	0.999869405	3.6824468e-05	
1.529053692e-08	9.373939799e-05	1.562624145e-08	0.9998694053	3.682439702e-05	
1.529051829e-08	9.385884452e-05	1.556905311e-08	0.9998692676	3.684271068e-05	
2.092351921e-08	0.000447756528	2.136168987e-08	2.000531578e-08	0.9995521812	
3.779555324e-08	0.0007460961254	3.094942705e-08	2.870962316e-08	0.9992538064	
2.25576421e-08	0.000448103916	2.273869066e-05	2.156780138e-08	0.9995291133	
2.387505669e-08	0.0005415577094	2.438429036e-08	2.288483017e-08	0.9994583711	
2.618430927e-08	0.0006149489703	2.673737917e-08	2.506559304e-08	0.999384973	
2.251070984e-08	0.0004982025025	2.2996263e-08	2.131887876e-08	0.9995017307	
1.77803843e-08	0.0003478646839	1.815922043e-08	1.703866422e-08	0.9996520823	
1.046271167e-08	0.9100065273	8.548684997e-09	7.856354258e-09	0.0899934458	
9.809553173e-09	0.858579343	9.866522885e-06	9.271530154e-09	0.1414107714	
8.805851108e-09	0.8800712657	8.973878765e-09	8.343814425e-09	0.1199287082	
8.628554945e-09	0.8928575964	8.791418053e-09	8.165164658e-09	0.107142378	
8.931891937e-09	0.8709763188	9.104470378e-09	8.36197078e-09	0.1290236548	
9.570047691e-09	0.8249535034	9.752440501e-09	9.065641039e-09	0.1750464682	
2.09183292e-08	0.0002187874238	2.134514445e-08	1.958359475e-08	0.9997811507	
1.127181026e-08	0.9100636395	9.093259915e-06	8.463928098e-09	0.08992724751	
1.002713934e-08	0.9244223505	8.195905519e-09	7.548253111e-09	0.07557762376	
9.772745844e-09	0.9328409809	7.986352975e-09	7.347161541e-09	0.067158994	
1.020967978e-08	0.9183788884	8.347076263e-09	7.5936996e-09	0.08162108547	
1.11556984e-08	0.887072298	9.118155721e-09	8.39570726e-09	0.1129276733	
0.001418628799	0.998384899	8.587795771e-08	7.835417238e-08	0.0001963080162	
9.487044407e-09	0.880147136	9.545763524e-06	8.989296936e-09	0.1198432998	
9.295940071e-09	0.892925627	9.351581359e-06	8.796738623e-09	0.1070650033	
9.622903901e-09	0.871057609	9.68474642e-06	9.008922042e-09	0.1289326876	
1.031080205e-08	0.8250602455	1.037438915e-05	9.767386216e-09	0.1749293601	
2.255205127e-08	0.000218957212	2.272108325e-05	2.111314669e-08	0.999758278	
8.294378556e-09	0.9097480191	8.454142271e-09	7.868706278e-09	0.09025195627	
9.311040745e-09	0.8507593549	9.49209925e-09	8.842503643e-09	0.1492406175	
8.434668193e-09	0.902654709	8.599160785e-09	7.906046632e-09	0.09734526604	
9.156086281e-09	0.8661956695	9.33224052e-09	8.684013234e-09	0.1338043034	
1.777506554e-08	0.000169968552	1.814422819e-08	1.667862918e-08	0.9998299789	
0.9999999829	4.61427898e-09	4.762501093e-09	4.447349739e-09	3.231723127e-09	
0.9999946493	5.337218046e-06	5.160507412e-09	4.71888694e-09	3.605503535e-09	
0.999999983	4.614484619e-09	4.762441691e-09	4.35461717e-09	3.231684506e-09	
0.999999983	4.614484619e-09	4.762441691e-09	4.35461717e-09	3.231684506e-09	
0.999999983	4.614791743e-09	4.762442056e-09	4.354890877e-09	3.231684748e-09	
0.999999983	4.614791743e-09	4.762442056e-09	4.354890877e-09	3.231684748e-09	
0.9999999829	4.614544571e-09	4.762503876e-09	4.451487026e-09	3.231724942e-09	
0.999999983	4.614791743e-09	4.762442056e-09	4.354890877e-09	3.231684748e-09	
0.999999983	4.610805553e-09	4.762439624e-09	4.354888675e-09	3.23168311e-09	
0.9999949464	5.000652113e-09	5.160648607e-09	5.039932905e-06	3.501886919e-09	
0.999999983	4.614484619e-09	4.762441691e-09	4.35461717e-09	3.231684506e-09	
0.999999983	4.614791743e-09	4.762442056e-09	4.354890877e-09	3.231684748e-09	
0.9999999829	4.61427898e-09	4.762501093e-09	4.447349739e-09	3.231723127e-09	
0.9999946494	5.3369802e-06	5.16057178e-09	4.819376719e-09	3.605546624e-09	
0.9999999829	4.61427898e-09	4.762501093e-09	4.447349739e-09	3.231723127e-09	
0.9999999829	4.61427898e-09	4.762501093e-09	4.447349739e-09	3.231723127e-09	
0.9999999829	4.61458609e-09	4.762501458e-09	4.447629276e-09	3.231723369e-09	
0.9999999829	4.61458609e-09	4.762501458e-09	4.447629276e-09	3.231723369e-09	
0.9999999828	4.614338929e-09	4.762563279e-09	4.546282462e-09	3.231763564e-09	
0.9999999829	4.61458609e-09	4.762501458e-09	4.447629276e-09	3.231723369e-09	
0.9999999829	4.610600078e-09	4.762499026e-09	4.447627027e-09	3.231721731e-09	
0.9999948391	5.000428728e-09	5.160712423e-09	5.147258878e-06	3.501928394e-09	
0.9999999829	4.61427898e-09	4.762501093e-09	4.447349739e-09	3.231723127e-09	
0.9999999829	4.61458609e-09	4.762501458e-09	4.447629276e-09	3.231723369e-09	
0.9999999828	4.614073349e-09	4.762560496e-09	4.54205707e-09	3.231761749e-09	
0.9998473585	1.55137637e-08	1.617760828e-08	0.0001525989066	1.087407526e-08	
0.9999946493	5.337218046e-06	5.160507412e-09	4.71888694e-09	3.605503535e-09	
0.9999946493	5.337218046e-06	5.160507412e-09	4.71888694e-09	3.605503535e-09	
0.9999946489	5.337573271e-06	5.160507806e-09	4.719183542e-09	3.605503803e-09	
0.9999946489	5.337573271e-06	5.160507806e-09	4.719183542e-09	3.605503803e-09	
0.9999946491	5.337287388e-06	5.160574794e-09	4.823860094e-09	3.605548648e-09	
0.9999946489	5.337573271e-06	5.160507806e-09	4.719183542e-09	3.605503803e-09	
0.9999887451	5.78386315e-06	5.591993354e-09	5.46152555e-06	3.906957715e-09	
0.9999946493	5.337218046e-06	5.160507412e-09	4.71888694e-09	3.605503535e-09	
0.9999946489	5.337573271e-06	5.160507806e-09	4.719183542e-09	3.605503803e-09	
0.9999946494	5.3369802e-06	5.16057178e-09	4.819376719e-09	3.605546624e-09	
0.999999983	4.614484619e-09	4.762441691e-09	4.35461717e-09	3.231684506e-09	
0.999999983	4.614791743e-09	4.762442056e-09	4.354890877e-09	3.231684748e-09	
0.999999983	4.614791743e-09	4.762442056e-09	4.354890877e-09	3.231684748e-09	
0.9999999829	4.614544571e-09	4.762503876e-09	4.451487026e-09	3.231724942e-09	
0.999999983	4.614791743e-09	4.762442056e-09	4.354890877e-09	3.231684748e-09	
0.999999983	4.610805553e-09	4.762439624e-09	4.354888675e-09	3.23168311e-09	
0.9999949464	5.000652113e-09	5.160648607e-09	5.039932905e-06	3.501886919e-09	
0.999999983	4.614484619e-09	4.762441691e-09	4.35461717e-09	3.231684506e-09	
0.999999983	4.614791743e-09	4.762442056e-09	4.354890877e-09	3.231684748e-09	
0.9999999829	4.61427898e-09	4.762501093e-09	4.447349739e-09	3.231723127e-09	
0.999999983	4.614791743e-09	4.762442056e-09	4.354890877e-09	3.231684748e-09	
0.999999983	4.614791743e-09	4.762442056e-09	4.354890877e-09	3.231684748e-09	
0.9999999829	4.614544571e-09	4.762503876e-09	4.451487026e-09	3.231724942e-09	
0.999999983	4.614791743e-09	4.762442056e-09	4.354890877e-09	3.231684748e-09	
0.999999983	4.610805553e-09	4.762439624e-09	4.354888675e-09	3.23168311e-09	
0.9999949464	5.000652113e-09	5.160648607e-09	5.039932905e-06	3.501886919e-09	
0.999999983	4.614484619e-09	4.762441691e-09	4.35461717e-09	3.231684506e-09	
0.999999983	4.614791743e-09	4.762442056e-09	4.354890877e-09	3.231684748e-09	
0.9999999829	4.61427898e-09	4.762501093e-09	4.447349739e-09	3.231723127e-09	
0.999999983	4.615098888e-09	4.762442422e-09	4.355164602e-09	3.23168499e-09	
0.9999999829	4.614851699e-09	4.762504241e-09	4.451766823e-09	3.231725184e-09	
0.999999983	4.615098888e-09	4.762442422e-09	4.355164602e-09	3.23168499e-09	
0.999999983	4.611112433e-09	4.762439989e-09	4.3551624e-09	3.231683352e-09	
0.9999949461	5.000984937e-09	5.160649002e-09	5.040249687e-06	3.50188718e-09	
0.999999983	4.614791743e-09	4.762442056e-09	4.354890877e-09	3.231684748e-09	
0.9999999829	4.61458609e-09	4.762501458e-09	4.447629276e-09	3.231723369e-09	
0.9999999829	4.614851699e-09	4.762504241e-09	4.451766823e-09	3.231725184e-09	
0.999999983	4.611112433e-09	4.762439989e-09	4.3551624e-09	3.231683352e-09	
0.9999949461	5.000984937e-09	5.160649002e-09	5.040249687e-06	3.50188718e-09	
0.999999983	4.614791743e-09	4.762442056e-09	4.354890877e-09	3.231684748e-09	
0.999999983	4.615098888e-09	4.762442422e-09	4.355164602e-09	3.23168499e-09	
0.9999999829	4.61458609e-09	4.762501458e-09	4.447629276e-09	3.231723369e-09	
0.9999999829	4.614851699e-09	4.762504241e-09	4.451766823e-09	3.231725184e-09	
0.9999999829	4.610865458e-09	4.762501809e-09	4.451764572e-09	3.231723546e-09	
0.9999999829	4.614544571e-09	4.762503876e-09	4.451487026e-09	3.231724942e-09	
0.9999999829	4.614851699e-09	4.762504241e-09	4.451766823e-09	3.231725184e-09	
0.9999999828	4.614338929e-09	4.762563279e-09	4.546282462e-09	3.231763564e-09	
0.9998472166	1.551465445e-08	1.617761543e-08	0.0001527408448	1.087407982e-08	
0.999999983	4.611112433e-09	4.762439989e-09	4.3551624e-09	3.231683352e-09	
0.9999949461	5.000984937e-09	5.160649002e-09	5.040249687e-06	3.50188718e-09	
0.999999983	4.614791743e-09	4.762442056e-09	4.354890877e-09	3.231684748e-09	
0.999999983	4.615098888e-09	4.762442422e-09	4.355164602e-09	3.23168499e-09	
0.9999999829	4.61458609e-09	4.762501458e-09	4.447629276e-09	3.231723369e-09	
0.9999949461	4.996665159e-09	5.160646366e-09	5.040247138e-06	3.501885405e-09	
0.999999983	4.610805553e-09	4.762439624e-09	4.354888675e-09	3.23168311e-09	
0.999999983	4.611112433e-09	4.762439989e-09	4.3551624e-09	3.231683352e-09	
0.9999999829	4.610600078e-09	4.762499026e-09	4.447627027e-09	3.231721731e-09	
0.9999949464	5.000652113e-09	5.160648607e-09	5.039932905e-06	3.501886919e-09	
0.9999949461	5.000984937e-09	5.160649002e-09	5.040249687e-06	3.50188718e-09	
0.9999948391	5.000428728e-09	5.160712423e-09	5.147258878e-06	3.501928394e-09	
0.001064016535	6.787143181e-08	7.009886554e-08	0.9989357979	4.756719548e-08	
0.999999983	4.614791743e-09	4.762442056e-09	4.354890877e-09	3.231684748e-09	
0.9999999829	4.61427898e-09	4.762501093e-09	4.447349739e-09	3.231723127e-09	
0.9999999829	4.61458609e-09	4.762501458e-09	4.447629276e-09	3.231723369e-09	
0.9998473585	1.55137637e-08	1.617760828e-08	0.0001525989066	1.087407526e-08	
6.80302616e-09	6.684478524e-09	6.909815795e-09	6.308593942e-09	0.9999999733	
6.80302616e-09	6.684478524e-09	6.909815795e-09	6.308593942e-09	0.9999999733	
6.80302616e-09	6.684478524e-09	6.909815795e-09	6.308593942e-09	0.9999999733	
6.80302616e-09	6.684478524e-09	6.909815795e-09	6.308593942e-09	0.9999999733	
6.80302616e-09	6.684478524e-09	6.909815795e-09	6.308593942e-09	0.9999999733	
6.80302616e-09	6.684477986e-09	6.909815773e-09	6.308593941e-09	0.9999999733	
6.80302616e-09	6.684478524e-09	6.909815795e-09	6.308593942e-09	0.9999999733	
6.80302616e-09	6.684477986e-09	6.909815773e-09	6.308593941e-09	0.9999999733	
6.80302616e-09	6.684477986e-09	6.909815773e-09	6.308593941e-09	0.9999999733	
6.80302616e-09	6.684478524e-09	6.909815795e-09	6.308593942e-09	0.9999999733	
6.80302616e-09	6.684478524e-09	6.909815795e-09	6.308593942e-09	0.9999999733	
6.80302616e-09	6.684478524e-09	6.909815795e-09	6.308593942e-09	0.9999999733	
6.80302616e-09	6.684478524e-09	6.909815795e-09	6.308593942e-09	0.9999999733	
6.803372377e-09	7.263996327e-09	6.931967209e-09	6.308912905e-09	0.9999999727	
6.80302616e-09	6.684478524e-09	6.909815795e-09	6.308593942e-09	0.9999999733	
6.80302616e-09	6.684478524e-09	6.909815795e-09	6.308593942e-09	0.9999999733	
6.80302616e-09	6.684478524e-09	6.909815795e-09	6.308593942e-09	0.9999999733	
6.80302616e-09	6.684478524e-09	6.909815795e-09	6.308593942e-09	0.9999999733	
6.80302616e-09	6.684477986e-09	6.909815773e-09	6.308593941e-09	0.9999999733	
6.80302616e-09	6.684478524e-09	6.909815795e-09	6.308593942e-09	0.9999999733	
6.80302616e-09	6.684477986e-09	6.909815773e-09	6.308593941e-09	0.9999999733	
6.80302616e-09	6.684477986e-09	6.909815773e-09	6.308593941e-09	0.9999999733	
6.80302616e-09	6.684478524e-09	6.909815795e-09	6.308593942e-09	0.9999999733	
6.80302616e-09	6.684478524e-09	6.909815795e-09	6.308593942e-09	0.9999999733	
6.80302616e-09	6.684478524e-09	6.909815795e-09	6.308593942e-09	0.9999999733	
6.80302616e-09	6.684478524e-09	6.909815795e-09	6.308593942e-09	0.9999999733	
6.803372377e-09	7.263996327e-09	6.931967209e-09	6.308912905e-09	0.9999999727	
6.80302616e-09	6.684478524e-09	6.909815795e-09	6.308593942e-09	0.9999999733	
6.80302616e-09	6.684478524e-09	6.909815795e-09	6.308593942e-09	0.9999999733	
6.80302616e-09	6.684478524e-09	6.909815795e-09	6.308593942e-09	0.9999999733	
6.80302616e-09	6.684477986e-09	6.909815773e-09	6.308593941e-09	0.9999999733	
6.80302616e-09	6.684478524e-09	6.909815795e-09	6.308593942e-09	0.9999999733	
6.80302616e-09	6.684477986e-09	6.909815773e-09	6.308593941e-09	0.9999999733	
6.80302616e-09	6.684477986e-09	6.909815773e-09	6.308593941e-09	0.9999999733	
6.80302616e-09	6.684478524e-09	6.909815795e-09	6.308593942e-09	0.9999999733	
6.80302616e-09	6.684478524e-09	6.909815795e-09	6.308593942e-09	0.9999999733	
6.80302616e-09	6.684478524e-09	6.909815795e-09	6.308593942e-09	0.9999999733	
6.80302616e-09	6.684478524e-09	6.909815795e-09	6.308593942e-09	0.9999999733	
6.803372377e-09	7.263996327e-09	6.931967209e-09	6.308912905e-09	0.9999999727	
6.80302616e-09	6.684478524e-09	6.909815795e-09	6.308593942e-09	0.9999999733	
6.80302616e-09	6.684478524e-09	6.909815795e-09	6.308593942e-09	0.9999999733	
6.80302616e-09	6.684477986e-09	6.909815773e-09	6.308593941e-09	0.9999999733	
6.80302616e-09	6.684478524e-09	6.909815795e-09	6.308593942e-09	0.9999999733	
6.80302616e-09	6.684477986e-09	6.909815773e-09	6.308593941e-09	0.9999999733	
6.80302616e-09	6.684477986e-09	6.909815773e-09	6.308593941e-09	0.9999999733	
6.80302616e-09	6.684478524e-09	6.909815795e-09	6.308593942e-09	0.9999999733	
6.80302616e-09	6.684478524e-09	6.909815795e-09	6.308593942e-09	0.9999999733	
6.80302616e-09	6.684478524e-09	6.909815795e-09	6.308593942e-09	0.9999999733	
6.80302616e-09	6.684478524e-09	6.909815795e-09	6.308593942e-09	0.9999999733	
6.803372377e-09	7.263996327e-09	6.931967209e-09	6.308912905e-09	0.9999999727	
6.80302616e-09	6.684478524e-09	6.909815795e-09	6.308593942e-09	0.9999999733	
6.80302616e-09	6.684477986e-09	6.909815773e-09	6.308593941e-09	0.9999999733	
6.80302616e-09	6.684478524e-09	6.909815795e-09	6.308593942e-09	0.9999999733	
6.80302616e-09	6.684477986e-09	6.909815773e-09	6.308593941e-09	0.9999999733	
6.80302616e-09	6.684477986e-09	6.909815773e-09	6.308593941e-09	0.9999999733	
6.80302616e-09	6.684478524e-09	6.909815795e-09	6.308593942e-09	0.9999999733	
6.80302616e-09	6.684478524e-09	6.909815795e-09	6.308593942e-09	0.9999999733	
6.80302616e-09	6.684478524e-09	6.909815795e-09	6.308593942e-09	0.9999999733	
6.80302616e-09	6.684478524e-09	6.909815795e-09	6.308593942e-09	0.9999999733	
6.803372377e-09	7.263996327e-09	6.931967209e-09	6.308912905e-09	0.9999999727	
6.80302616e-09	6.684477986e-09	6.909815773e-09	6.308593941e-09	0.9999999733	
6.80302616e-09	6.684478524e-09	6.909815795e-09	6.308593942e-09	0.9999999733	
6.80302616e-09	6.684477986e-09	6.909815773e-09	6.308593941e-09	0.9999999733	
6.80302616e-09	6.684477986e-09	6.909815773e-09	6.308593941e-09	0.9999999733	
6.80302616e-09	6.684478524e-09	6.909815795e-09	6.308593942e-09	0.9999999733	
6.80302616e-09	6.684478524e-09	6.909815795e-09	6.308593942e-09	0.9999999733	
6.80302616e-09	6.684478524e-09	6.909815795e-09	6.308593942e-09	0.9999999733	
6.80302616e-09	6.684478524e-09	6.909815795e-09	6.308593942e-09	0.9999999733	
6.803372377e-09	7.263996327e-09	6.931967209e-09	6.308912905e-09	0.9999999727	
6.80302616e-09	6.684477986e-09	6.909815773e-09	6.308593941e-09	0.9999999733	
6.803026159e-09	6.684477448e-09	6.909815752e-09	6.308593941e-09	0.9999999733	
6.803026159e-09	6.684477448e-09	6.909815752e-09	6.308593941e-09	0.9999999733	
6.80302616e-09	6.684477986e-09	6.909815773e-09	6.308593941e-09	0.9999999733	
6.80302616e-09	6.684477986e-09	6.909815773e-09	6.308593941e-09	0.9999999733	
6.80302616e-09	6.684477986e-09	6.909815773e-09	6.308593941e-09	0.9999999733	
6.80302616e-09	6.684477986e-09	6.909815773e-09	6.308593941e-09	0.9999999733	
6.80302616e-09	6.684477986e-09	6.909815773e-09	6.308593941e-09	0.9999999733	
6.80302616e-09	6.684477986e-09	6.909815773e-09	6.308593941e-09	0.9999999733	
6.80302616e-09	6.684478524e-09	6.909815795e-09	6.308593942e-09	0.9999999733	
6.80302616e-09	6.684478524e-09	6.909815795e-09	6.308593942e-09	0.9999999733	
6.80302616e-09	6.684478524e-09	6.909815795e-09	6.308593942e-09	0.9999999733	
6.80302616e-09	6.684478524e-09	6.909815795e-09	6.308593942e-09	0.9999999733	
6.803372377e-09	7.263996327e-09	6.931967209e-09	6.308912905e-09	0.9999999727	
6.803026159e-09	6.684477448e-09	6.909815752e-09	6.308593941e-09	0.9999999733	
6.80302616e-09	6.684477986e-09	6.909815773e-09	6.308593941e-09	0.9999999733	
6.80302616e-09	6.684477986e-09	6.909815773e-09	6.308593941e-09	0.9999999733	
6.80302616e-09	6.684477986e-09	6.909815773e-09	6.308593941e-09	0.9999999733	
6.80302616e-09	6.684477986e-09	6.909815773e-09	6.308593941e-09	0.9999999733	
6.80302616e-09	6.684477986e-09	6.909815773e-09	6.308593941e-09	0.9999999733	
6.80302616e-09	6.684477986e-09	6.909815773e-09	6.308593941e-09	0.9999999733	
6.80302616e-09	6.684477986e-09	6.909815773e-09	6.308593941e-09	0.9999999733	
6.80302616e-09	6.684477986e-09	6.909815773e-09	6.308593941e-09	0.9999999733	
6.80302616e-09	6.684478524e-09	6.909815795e-09	6.308593942e-09	0.9999999733	
6.80302616e-09	6.684478524e-09	6.909815795e-09	6.308593942e-09	0.9999999733	
6.80302616e-09	6.684478524e-09	6.909815795e-09	6.308593942e-09	0.9999999733	
6.803372377e-09	7.263996327e-09	6.931967209e-09	6.308912905e-09	0.9999999727	
6.80302616e-09	6.684478524e-09	6.909815795e-09	6.308593942e-09	0.9999999733	
6.80302616e-09	6.684478524e-09	6.909815795e-09	6.308593942e-09	0.9999999733	
6.803372377e-09	7.263996327e-09	6.931967209e-09	6.308912905e-09	0.9999999727	
6.80302616e-09	6.684478524e-09	6.909815795e-09	6.308593942e-09	0.9999999733	
6.803372377e-09	7.263996327e-09	6.931967209e-09	6.308912905e-09	0.9999999727	
6.803372377e-09	7.263996327e-09	6.931967209e-09	6.308912905e-09	0.9999999727	
5.056370517e-09	5.021714599e-09	5.155714321e-09	0.9999999813	3.499686231e-09	
5.07461651e-09	5.021725159e-09	5.155725247e-09	0.9999999812	3.499693343e-09	
5.784750301e-09	5.022113278e-09	5.156124984e-09	0.9999999805	3.499955537e-09	
5.056370517e-09	5.021714599e-09	5.155714321e-09	0.9999999813	3.499686231e-09	
5.07461651e-09	5.021725159e-09	5.155725247e-09	0.9999999812	3.499693343e-09	
7.409172037e-09	7.317426623e-09	3.397857857e-05	0.9999660016	5.099578173e-09	
5.073651909e-09	5.072767261e-09	5.174710994e-09	0.9999999812	3.513659017e-09	
5.056382712e-09	5.021726652e-09	5.177037661e-09	0.9999999812	3.499694365e-09	
5.056383088e-09	5.021727505e-09	5.178467491e-09	0.9999999812	3.499694918e-09	
5.05642371e-09	5.072757062e-09	5.174700594e-09	0.9999999812	3.513652244e-09	
5.0736092e-09	5.021735311e-09	5.17466731e-09	0.9999999812	3.499700179e-09	
5.056370483e-09	5.021714591e-09	5.155714312e-09	0.9999999813	3.49968623e-09	
5.074628094e-09	5.021736513e-09	5.175787917e-09	0.9999999812	3.499700998e-09	
5.05638196e-09	5.021725965e-09	5.175776898e-09	0.9999999812	3.499693889e-09	
5.056382712e-09	5.021726687e-09	5.177037647e-09	0.9999999812	3.499694371e-09	
5.056418246e-09	5.079221674e-09	5.155763126e-09	0.9999999812	3.515400152e-09	
5.075717985e-09	4.968226262e-09	5.156935742e-09	0.9999999813	3.484971983e-09	
5.074559943e-09	4.968213664e-09	5.13569446e-09	0.9999999813	3.484963436e-09	
5.784685817e-09	4.968597646e-09	5.136092645e-09	0.9999999806	3.485224527e-09	
5.074559943e-09	4.968213664e-09	5.13569446e-09	0.9999999813	3.484963436e-09	
5.073595353e-09	5.018711861e-09	5.154606445e-09	0.9999999813	3.49887033e-09	
5.056326348e-09	4.968215141e-09	5.156924072e-09	0.9999999813	3.484964454e-09	
5.056326724e-09	4.968215984e-09	5.158348347e-09	0.9999999813	3.484965004e-09	
5.056367345e-09	5.01870177e-09	5.154596085e-09	0.9999999813	3.498863585e-09	
5.073552644e-09	4.968223707e-09	5.154562931e-09	0.9999999813	3.484970244e-09	
5.056314119e-09	4.968203208e-09	5.135683568e-09	0.9999999814	3.484956353e-09	
5.074571527e-09	4.968224896e-09	5.155679184e-09	0.9999999813	3.48497106e-09	
5.056325596e-09	4.968214461e-09	5.155668207e-09	0.9999999813	3.48496398e-09	
5.056326348e-09	4.968215175e-09	5.156924058e-09	0.9999999813	3.48496446e-09	
5.056361882e-09	5.025097495e-09	5.135732192e-09	0.9999999813	3.500604137e-09	
5.094033794e-09	4.968236709e-09	5.156946671e-09	0.9999999813	3.484979065e-09	
5.075717985e-09	4.968226262e-09	5.156935742e-09	0.9999999813	3.484971983e-09	
5.094033794e-09	4.968236709e-09	5.156946671e-09	0.9999999813	3.484979065e-09	
7.4375221e-09	7.239485659e-09	3.398662804e-05	0.9999659936	5.078137222e-09	
5.093065503e-09	5.018735141e-09	5.175936916e-09	0.9999999812	3.498886021e-09	
5.075730227e-09	4.968238186e-09	5.178264134e-09	0.9999999813	3.484980082e-09	
5.075730604e-09	4.96823903e-09	5.179694303e-09	0.9999999813	3.484980633e-09	
5.075771382e-09	5.01872505e-09	5.175926513e-09	0.9999999812	3.498879276e-09	
5.093022629e-09	4.968246753e-09	5.175893222e-09	0.9999999813	3.484985872e-09	
5.075717951e-09	4.968226253e-09	5.156935734e-09	0.9999999813	3.484971981e-09	
5.094045423e-09	4.968247942e-09	5.177014094e-09	0.9999999813	3.484986688e-09	
3.151921155e-05	7.109479297e-09	7.449855206e-09	0.9999684612	4.986943683e-09	
5.075729472e-09	4.968237507e-09	5.177003072e-09	0.9999999813	3.484979609e-09	
5.075730227e-09	4.968238221e-09	5.17826412e-09	0.9999999813	3.484980089e-09	
5.075765897e-09	5.025120805e-09	5.156984559e-09	0.9999999812	3.500619835e-09	
5.805559948e-09	4.968608094e-09	5.136103529e-09	0.9999999806	3.485231609e-09	
5.074559943e-09	4.968213664e-09	5.13569446e-09	0.9999999813	3.484963436e-09	
5.092871573e-09	4.968224111e-09	5.135705344e-09	0.9999999813	3.484970518e-09	
5.091903502e-09	5.018722414e-09	5.154617369e-09	0.9999999812	3.49887744e-09	
5.074572182e-09	4.968225588e-09	5.156935001e-09	0.9999999813	3.484971535e-09	
5.074572559e-09	4.968226431e-09	5.158359279e-09	0.9999999813	3.484972086e-09	
5.074613327e-09	5.018712324e-09	5.154607009e-09	0.9999999813	3.498870695e-09	
5.091860639e-09	4.968234154e-09	5.154573854e-09	0.9999999813	3.484977325e-09	
5.074559908e-09	4.968213655e-09	5.135694452e-09	0.9999999813	3.484963435e-09	
5.092883199e-09	4.968235343e-09	5.15569011e-09	0.9999999813	3.484978141e-09	
3.151202056e-05	7.10946132e-09	7.419169502e-09	0.9999684685	4.986931488e-09	
5.074571427e-09	4.968224908e-09	5.155679133e-09	0.9999999813	3.484971062e-09	
5.074572182e-09	4.968225622e-09	5.156934987e-09	0.9999999813	3.484971542e-09	
5.074607844e-09	5.025108062e-09	5.135743075e-09	0.9999999813	3.50061125e-09	
5.784685817e-09	4.968597646e-09	5.136092645e-09	0.9999999806	3.485224527e-09	
5.805559948e-09	4.968608094e-09	5.136103529e-09	0.9999999806	3.485231609e-09	
5.804456407e-09	5.0191103e-09	5.15501702e-09	0.9999999805	3.499139574e-09	
5.784699769e-09	4.968609571e-09	5.157334832e-09	0.9999999806	3.485232627e-09	
5.784746672e-09	5.019100209e-09	5.155006659e-09	0.9999999805	3.499132828e-09	
5.804407545e-09	4.968618139e-09	5.154973503e-09	0.9999999806	3.485238417e-09	
5.784685778e-09	4.968597637e-09	5.136092636e-09	0.9999999806	3.485224526e-09	
5.805573201e-09	4.968619327e-09	5.156089845e-09	0.9999999806	3.485239233e-09	
5.784698909e-09	4.968608892e-09	5.156078867e-09	0.9999999806	3.485232153e-09	
5.784699769e-09	4.968609606e-09	5.157334818e-09	0.9999999806	3.485232634e-09	
5.784740421e-09	5.025496442e-09	5.136141264e-09	0.9999999806	3.500873513e-09	
5.074559943e-09	4.968213664e-09	5.13569446e-09	0.9999999813	3.484963436e-09	
5.073595353e-09	5.018711861e-09	5.154606445e-09	0.9999999813	3.49887033e-09	
5.056326348e-09	4.968215141e-09	5.156924072e-09	0.9999999813	3.484964454e-09	
5.056326724e-09	4.968215984e-09	5.158348347e-09	0.9999999813	3.484965004e-09	
5.056367345e-09	5.01870177e-09	5.154596085e-09	0.9999999813	3.498863585e-09	
5.073552644e-09	4.968223707e-09	5.154562931e-09	0.9999999813	3.484970244e-09	
5.056314119e-09	4.968203208e-09	5.135683568e-09	0.9999999814	3.484956353e-09	
5.074571527e-09	4.968224896e-09	5.155679184e-09	0.9999999813	3.48497106e-09	
5.056325596e-09	4.968214461e-09	5.155668207e-09	0.9999999813	3.48496398e-09	
5.056326348e-09	4.968215175e-09	5.156924058e-09	0.9999999813	3.48496446e-09	
5.056361882e-09	5.025097495e-09	5.135732192e-09	0.9999999813	3.500604137e-09	
5.091903502e-09	5.018722414e-09	5.154617369e-09	0.9999999812	3.49887744e-09	
5.074572182e-09	4.968225588e-09	5.156935001e-09	0.9999999813	3.484971535e-09	
5.074572559e-09	4.968226431e-09	5.158359279e-09	0.9999999813	3.484972086e-09	
5.074613327e-09	5.018712324e-09	5.154607009e-09	0.9999999813	3.498870695e-09	
5.091860639e-09	4.968234154e-09	5.154573854e-09	0.9999999813	3.484977325e-09	
5.074559908e-09	4.968213655e-09	5.135694452e-09	0.9999999813	3.484963435e-09	
5.092883199e-09	4.968235343e-09	5.15569011e-09	0.9999999813	3.484978141e-09	
3.151202056e-05	7.10946132e-09	7.419169502e-09	0.9999684685	4.986931488e-09	
5.074571427e-09	4.968224908e-09	5.155679133e-09	0.9999999813	3.484971062e-09	
5.074572182e-09	4.968225622e-09	5.156934987e-09	0.9999999813	3.484971542e-09	
5.074607844e-09	5.025108062e-09	5.135743075e-09	0.9999999813	3.50061125e-09	
7.43441189e-09	7.313051215e-09	3.39712774e-05	0.9999660089	5.098389318e-09	
7.409107257e-09	7.239469454e-09	3.398655113e-05	0.9999659937	5.078126251e-09	
7.409107738e-09	7.239470615e-09	3.399593745e-05	0.9999659843	5.078127006e-09	
7.409167444e-09	7.313036512e-09	3.397120912e-05	0.999966009	5.09837949e-09	
7.43434931e-09	7.23948205e-09	3.397099063e-05	0.9999660093	5.078134767e-09	
7.435842239e-09	7.239483729e-09	3.397834701e-05	0.9999660019	5.078135918e-09	
4.600763707e-05	1.035927492e-08	4.889426946e-05	0.9999050805	7.266493521e-09	
7.409106217e-09	7.239468524e-09	3.397827467e-05	0.999966002	5.078125603e-09	
7.409107258e-09	7.239469505e-09	3.398655104e-05	0.9999659937	5.078126261e-09	
5.07360759e-09	5.018723906e-09	5.175925203e-09	0.9999999812	3.498878462e-09	
5.073607967e-09	5.018724758e-09	5.177354726e-09	0.9999999812	3.498879015e-09	
5.073648727e-09	5.069723802e-09	5.173588638e-09	0.9999999812	3.512833087e-09	
5.09089276e-09	5.01873256e-09	5.173555362e-09	0.9999999812	3.498884275e-09	
5.073595318e-09	5.018711852e-09	5.154606437e-09	0.9999999813	3.498870329e-09	
3.150603083e-05	7.18172375e-09	7.446490335e-09	0.9999684743	5.00683208e-09	
5.073606835e-09	5.01872322e-09	5.174664711e-09	0.9999999812	3.498877987e-09	
5.07360759e-09	5.018723941e-09	5.175925189e-09	0.9999999812	3.498878469e-09	
5.073643245e-09	5.076184549e-09	5.154655239e-09	0.9999999812	3.514580587e-09	
5.056338919e-09	4.968227909e-09	5.179682582e-09	0.9999999813	3.484973103e-09	
5.056379541e-09	5.018713816e-09	5.1759148e-09	0.9999999813	3.498871717e-09	
5.07356488e-09	4.968235632e-09	5.175881509e-09	0.9999999813	3.484978343e-09	
5.056326314e-09	4.968215132e-09	5.156924064e-09	0.9999999813	3.484964452e-09	
5.074583766e-09	4.96823682e-09	5.177002379e-09	0.9999999813	3.484979159e-09	
5.056337791e-09	4.968226386e-09	5.176991357e-09	0.9999999813	3.484972079e-09	
5.056338544e-09	4.9682271e-09	5.178252402e-09	0.9999999813	3.484972559e-09	
5.056379916e-09	5.018714668e-09	5.17734432e-09	0.9999999812	3.49887227e-09	
5.073565257e-09	4.968236475e-09	5.17731102e-09	0.9999999813	3.484978894e-09	
5.056326689e-09	4.968215975e-09	5.158348339e-09	0.9999999813	3.484965003e-09	
5.074584143e-09	4.968237664e-09	5.178432199e-09	0.9999999813	3.484979709e-09	
5.056338167e-09	4.968227229e-09	5.178421174e-09	0.9999999813	3.48497263e-09	
5.056374452e-09	5.025110409e-09	5.158397177e-09	0.9999999813	3.500612825e-09	
5.073606017e-09	5.01872247e-09	5.173544964e-09	0.9999999812	3.49887753e-09	
5.056367311e-09	5.018701762e-09	5.154596076e-09	0.9999999813	3.498863584e-09	
5.074624911e-09	5.01872367e-09	5.174665328e-09	0.9999999812	3.498878349e-09	
5.056378789e-09	5.01871313e-09	5.17465431e-09	0.9999999813	3.498871241e-09	
5.056379541e-09	5.018713851e-09	5.175914786e-09	0.9999999813	3.498871723e-09	
5.056415074e-09	5.076174343e-09	5.154644879e-09	0.9999999812	3.514573812e-09	
5.073552609e-09	4.968223699e-09	5.154562922e-09	0.9999999813	3.484970242e-09	
5.091872262e-09	4.968245387e-09	5.174632044e-09	0.9999999813	3.484984949e-09	
3.150576562e-05	7.109475737e-09	7.446427475e-09	0.9999684747	4.986941261e-09	
5.073564126e-09	4.968234952e-09	5.174621027e-09	0.9999999813	3.484977869e-09	
5.073564881e-09	4.968235666e-09	5.175881495e-09	0.9999999813	3.484978349e-09	
5.073600535e-09	5.025118221e-09	5.154611725e-09	0.9999999812	3.500618088e-09	
5.074571492e-09	4.968224887e-09	5.155679175e-09	0.9999999813	3.484971058e-09	
5.056325562e-09	4.968214453e-09	5.155668199e-09	0.9999999813	3.484963979e-09	
5.056326314e-09	4.968215166e-09	5.15692405e-09	0.9999999813	3.484964459e-09	
5.056361847e-09	5.025097487e-09	5.135732183e-09	0.9999999813	3.500604135e-09	
3.151209249e-05	7.109477393e-09	7.448039999e-09	0.9999684684	4.986942397e-09	
5.074583011e-09	4.968236141e-09	5.175741624e-09	0.9999999813	3.484978685e-09	
5.074583766e-09	4.968236855e-09	5.177002365e-09	0.9999999813	3.484979165e-09	
5.074619428e-09	5.025119423e-09	5.155727989e-09	0.9999999812	3.500618908e-09	
5.056337792e-09	4.96822642e-09	5.176991343e-09	0.9999999813	3.484972086e-09	
5.056373325e-09	5.025108869e-09	5.155717012e-09	0.9999999813	3.500611796e-09	
5.056374077e-09	5.025109591e-09	5.156972874e-09	0.9999999813	3.500612279e-09	
