4.616420481e-09	4.535976369e-09	0.9999999833	4.36537544e-09	3.181770014e-09	
4.616420481e-09	4.535976394e-09	0.9999999833	4.365375463e-09	3.181770018e-09	
4.616420481e-09	4.535976394e-09	0.9999999833	4.365375463e-09	3.181770018e-09	
4.616420481e-09	4.535976369e-09	0.9999999833	4.36537544e-09	3.181770014e-09	
4.61675249e-09	4.968574871e-09	0.9999999828	4.365686943e-09	3.276948119e-09	
4.616420481e-09	4.535976369e-09	0.9999999833	4.36537544e-09	3.181770014e-09	
4.616473899e-09	4.536028671e-09	0.9999999832	4.451558766e-09	3.181805379e-09	
4.616420481e-09	4.535976394e-09	0.9999999833	4.365375463e-09	3.181770018e-09	
4.616473899e-09	4.536028671e-09	0.9999999832	4.451558766e-09	3.181805379e-09	
4.616420481e-09	4.535976369e-09	0.9999999833	4.36537544e-09	3.181770014e-09	
4.616473899e-09	4.536028671e-09	0.9999999832	4.451558766e-09	3.181805379e-09	
4.616420481e-09	4.535976394e-09	0.9999999833	4.365375463e-09	3.181770018e-09	
4.616473899e-09	4.536028671e-09	0.9999999832	4.451558766e-09	3.181805379e-09	
1.498739508e-08	1.464424787e-08	0.9998587179	0.0001412421905	1.027220723e-08	
4.616367063e-09	4.535924093e-09	0.9999999834	4.280860667e-09	3.181734653e-09	
4.616367063e-09	4.535924093e-09	0.9999999834	4.280860667e-09	3.181734653e-09	
4.616367063e-09	4.535924069e-09	0.9999999834	4.280860645e-09	3.181734649e-09	
4.616699068e-09	4.968517582e-09	0.9999999829	4.281166117e-09	3.276911697e-09	
4.616367063e-09	4.535924069e-09	0.9999999834	4.280860645e-09	3.181734649e-09	
4.616420481e-09	4.535976369e-09	0.9999999833	4.36537544e-09	3.181770014e-09	
4.616367063e-09	4.535924093e-09	0.9999999834	4.280860667e-09	3.181734653e-09	
4.616420481e-09	4.535976369e-09	0.9999999833	4.36537544e-09	3.181770014e-09	
4.616367063e-09	4.535924069e-09	0.9999999834	4.280860645e-09	3.181734649e-09	
4.616420481e-09	4.535976369e-09	0.9999999833	4.36537544e-09	3.181770014e-09	
4.616367063e-09	4.535924093e-09	0.9999999834	4.280860667e-09	3.181734653e-09	
4.616420481e-09	4.535976369e-09	0.9999999833	4.36537544e-09	3.181770014e-09	
4.616367063e-09	4.535924118e-09	0.9999999834	4.28086069e-09	3.181734657e-09	
4.616367063e-09	4.535924093e-09	0.9999999834	4.280860667e-09	3.181734653e-09	
4.616699068e-09	4.968517609e-09	0.9999999829	4.28116614e-09	3.2769117e-09	
4.616367063e-09	4.535924093e-09	0.9999999834	4.280860667e-09	3.181734653e-09	
4.616420481e-09	4.535976394e-09	0.9999999833	4.365375463e-09	3.181770018e-09	
4.616367063e-09	4.535924118e-09	0.9999999834	4.28086069e-09	3.181734657e-09	
4.616420481e-09	4.535976394e-09	0.9999999833	4.365375463e-09	3.181770018e-09	
4.616367063e-09	4.535924093e-09	0.9999999834	4.280860667e-09	3.181734653e-09	
4.616420481e-09	4.535976394e-09	0.9999999833	4.365375463e-09	3.181770018e-09	
4.616420481e-09	4.535976394e-09	0.9999999833	4.365375463e-09	3.181770018e-09	
4.616367063e-09	4.535924093e-09	0.9999999834	4.280860667e-09	3.181734653e-09	
4.616699068e-09	4.968517609e-09	0.9999999829	4.28116614e-09	3.2769117e-09	
4.616367063e-09	4.535924093e-09	0.9999999834	4.280860667e-09	3.181734653e-09	
4.616420481e-09	4.535976394e-09	0.9999999833	4.365375463e-09	3.181770018e-09	
4.616420481e-09	4.535976394e-09	0.9999999833	4.365375463e-09	3.181770018e-09	
4.616367063e-09	4.535924093e-09	0.9999999834	4.280860667e-09	3.181734653e-09	
4.616420481e-09	4.535976394e-09	0.9999999833	4.365375463e-09	3.181770018e-09	
4.616367063e-09	4.535924118e-09	0.9999999834	4.28086069e-09	3.181734657e-09	
4.616420481e-09	4.535976394e-09	0.9999999833	4.365375463e-09	3.181770018e-09	
4.616699068e-09	4.968517582e-09	0.9999999829	4.281166117e-09	3.276911697e-09	
4.616367063e-09	4.535924069e-09	0.9999999834	4.280860645e-09	3.181734649e-09	
4.616420481e-09	4.535976369e-09	0.9999999833	4.36537544e-09	3.181770014e-09	
4.616367063e-09	4.535924093e-09	0.9999999834	4.280860667e-09	3.181734653e-09	
4.616420481e-09	4.535976369e-09	0.9999999833	4.36537544e-09	3.181770014e-09	
4.616367063e-09	4.535924069e-09	0.9999999834	4.280860645e-09	3.181734649e-09	
4.616420481e-09	4.535976369e-09	0.9999999833	4.36537544e-09	3.181770014e-09	
4.616367063e-09	4.535924093e-09	0.9999999834	4.280860667e-09	3.181734653e-09	
4.616420481e-09	4.535976369e-09	0.9999999833	4.36537544e-09	3.181770014e-09	
4.616699068e-09	4.968517582e-09	0.9999999829	4.281166117e-09	3.276911697e-09	
4.61675249e-09	4.968574871e-09	0.9999999828	4.365686943e-09	3.276948119e-09	
4.616699068e-09	4.968517609e-09	0.9999999829	4.28116614e-09	3.2769117e-09	
4.61675249e-09	4.968574871e-09	0.9999999828	4.365686943e-09	3.276948119e-09	
4.616699068e-09	4.968517582e-09	0.9999999829	4.281166117e-09	3.276911697e-09	
4.61675249e-09	4.968574871e-09	0.9999999828	4.365686943e-09	3.276948119e-09	
4.616699068e-09	4.968517609e-09	0.9999999829	4.28116614e-09	3.2769117e-09	
4.61675249e-09	4.968574871e-09	0.9999999828	4.365686943e-09	3.276948119e-09	
6.812495881e-08	0.0006666890449	0.9991201986	6.377834263e-08	0.0002129804577	
4.616420481e-09	4.535976369e-09	0.9999999833	4.36537544e-09	3.181770014e-09	
4.616367063e-09	4.535924093e-09	0.9999999834	4.280860667e-09	3.181734653e-09	
4.616420481e-09	4.535976369e-09	0.9999999833	4.36537544e-09	3.181770014e-09	
4.616367063e-09	4.535924069e-09	0.9999999834	4.280860645e-09	3.181734649e-09	
4.616420481e-09	4.535976369e-09	0.9999999833	4.36537544e-09	3.181770014e-09	
4.616367063e-09	4.535924093e-09	0.9999999834	4.280860667e-09	3.181734653e-09	
4.616420481e-09	4.535976369e-09	0.9999999833	4.36537544e-09	3.181770014e-09	
4.616420481e-09	4.535976394e-09	0.9999999833	4.365375463e-09	3.181770018e-09	
4.616473899e-09	4.536028671e-09	0.9999999832	4.451558766e-09	3.181805379e-09	
4.616420481e-09	4.535976369e-09	0.9999999833	4.36537544e-09	3.181770014e-09	
4.616473899e-09	4.536028671e-09	0.9999999832	4.451558766e-09	3.181805379e-09	
4.616420481e-09	4.535976394e-09	0.9999999833	4.365375463e-09	3.181770018e-09	
4.616473899e-09	4.536028671e-09	0.9999999832	4.451558766e-09	3.181805379e-09	
1.498739508e-08	1.464424787e-08	0.9998587179	0.0001412421905	1.027220723e-08	
4.616420481e-09	4.535976394e-09	0.9999999833	4.365375463e-09	3.181770018e-09	
4.616367063e-09	4.535924093e-09	0.9999999834	4.280860667e-09	3.181734653e-09	
4.616420481e-09	4.535976394e-09	0.9999999833	4.365375463e-09	3.181770018e-09	
4.616367063e-09	4.535924118e-09	0.9999999834	4.28086069e-09	3.181734657e-09	
4.616420481e-09	4.535976394e-09	0.9999999833	4.365375463e-09	3.181770018e-09	
4.616420481e-09	4.535976369e-09	0.9999999833	4.36537544e-09	3.181770014e-09	
4.616473899e-09	4.536028671e-09	0.9999999832	4.451558766e-09	3.181805379e-09	
4.616420481e-09	4.535976394e-09	0.9999999833	4.365375463e-09	3.181770018e-09	
4.616473899e-09	4.536028671e-09	0.9999999832	4.451558766e-09	3.181805379e-09	
1.498739508e-08	1.464424787e-08	0.9998587179	0.0001412421905	1.027220723e-08	
4.616420481e-09	4.535976369e-09	0.9999999833	4.36537544e-09	3.181770014e-09	
4.616367063e-09	4.535924093e-09	0.9999999834	4.280860667e-09	3.181734653e-09	
4.616420481e-09	4.535976369e-09	0.9999999833	4.36537544e-09	3.181770014e-09	
4.616420481e-09	4.535976394e-09	0.9999999833	4.365375463e-09	3.181770018e-09	
4.616473899e-09	4.536028671e-09	0.9999999832	4.451558766e-09	3.181805379e-09	
1.498739508e-08	1.464424787e-08	0.9998587179	0.0001412421905	1.027220723e-08	
4.616420481e-09	4.535976394e-09	0.9999999833	4.365375463e-09	3.181770018e-09	
1.498739508e-08	1.464424787e-08	0.9998587179	0.0001412421905	1.027220723e-08	
2.681035574e-08	0.0006348452356	2.737643024e-08	2.566368031e-08	0.9993650749	
8.214351482e-09	0.914062733	8.372450557e-09	7.699174696e-09	0.0859372427	
8.227334266e-09	0.9134284533	8.385703756e-09	7.711343249e-09	0.08657152238	
1.339123695e-08	0.8809169268	1.365758624e-08	6.060645263e-05	0.1190224397	
2.681035574e-08	0.0006348452387	2.737643024e-08	2.566368031e-08	0.9993650749	
8.586817605e-09	0.8958676997	8.748822979e-09	8.125285209e-09	0.1041322748	
9.713253587e-09	0.9348097908	7.937672033e-09	7.302090461e-09	0.06519018423	
9.250952698e-09	0.8959338471	9.306250309e-06	8.753753866e-09	0.1040568286	
8.249873103e-09	0.9123301895	8.408712341e-09	7.826115412e-09	0.08766978597	
8.052302527e-09	0.9219820942	8.205675032e-09	7.628736995e-09	0.07801788191	
8.391281883e-09	0.9054187255	8.554859961e-09	7.865008153e-09	0.09458124971	
2.425122893e-08	0.0005535181154	2.476831962e-08	2.296724727e-08	0.9994464099	
2.411170377e-08	0.0005490838364	2.46258798e-08	2.28351093e-08	0.9994508446	
2.854632214e-08	0.000385176506	2.917339025e-08	0.0001305427133	0.9994842231	
6.810213979e-09	3.307664214e-08	6.968165887e-09	6.586905315e-09	0.9999999466	
2.09235189e-08	0.0004477563285	2.136168956e-08	2.000531548e-08	0.9995521814	
3.779555287e-08	0.0007460957987	3.09494267e-08	2.870962282e-08	0.9992538067	
2.255764177e-08	0.0004481037164	2.273869032e-05	2.156780106e-08	0.9995291135	
2.38750563e-08	0.0005415574677	2.438428997e-08	2.28848298e-08	0.9994583714	
2.618430886e-08	0.0006149486966	2.673737875e-08	2.506559263e-08	0.9993849733	
2.251070959e-08	0.0004982022833	2.299626274e-08	2.131887851e-08	0.9995017309	
1.778038404e-08	0.0003478645279	1.815922016e-08	1.703866396e-08	0.9996520825	
8.428176017e-09	0.9019486023	8.592163284e-09	7.815617995e-09	0.09805137289	
2.425122893e-08	0.0005535181181	2.476831962e-08	2.296724727e-08	0.9994464099	
8.77406671e-09	0.8823591062	8.941427809e-09	8.214216456e-09	0.1176408678	
9.98135099e-09	0.9259353238	8.158424571e-09	7.423874883e-09	0.07406465062	
9.452784327e-09	0.8824335924	9.511227499e-06	8.849657332e-09	0.1175568781	
8.25912734e-09	0.9115266394	8.418155506e-09	7.741507812e-09	0.08847333623	
8.586141895e-09	0.8930011595	8.755303534e-09	7.962102475e-09	0.1069988152	
9.283331282e-09	0.853513295	9.463787384e-09	8.710694483e-09	0.1464866776	
2.411170377e-08	0.0005490838391	2.46258798e-08	2.28351093e-08	0.9994508446	
8.785685028e-09	0.8815211606	8.953289671e-09	8.225093447e-09	0.1184788134	
9.998085003e-09	0.9253815191	8.172122413e-09	7.436321223e-09	0.07461845533	
9.465307592e-09	0.8815961547	9.523851518e-06	8.861381569e-09	0.1183943031	
8.462361236e-09	0.8999985504	8.627071602e-09	7.942356466e-09	0.1000014246	
8.598250035e-09	0.8922297579	8.7676717e-09	7.973330604e-09	0.1077702168	
9.293459876e-09	0.8525042291	9.47413607e-09	8.720198308e-09	0.1474957434	
2.854632214e-08	0.0003851765078	2.917339025e-08	0.0001305427133	0.9994842231	
1.411512943e-08	0.8391524062	1.439344506e-08	6.38083264e-05	0.1607837569	
1.520736548e-08	0.8392431513	1.531104211e-05	6.87460844e-05	0.1606727763	
1.36982475e-08	0.8632053542	1.397364592e-08	6.207977029e-05	0.1367325383	
1.344985814e-08	0.8775349981	1.371748306e-08	6.087463578e-05	0.1224041001	
1.475738391e-08	0.8020978576	1.505374131e-08	6.686295809e-05	0.1978352497	
1.529054552e-08	9.379566453e-05	1.562963039e-08	0.9998693404	3.683305335e-05	
1.534263469e-08	9.373958539e-05	1.562627286e-08	0.999869405	3.682446865e-05	
1.529053692e-08	9.373939695e-05	1.562624145e-08	0.9998694053	3.682439767e-05	
1.529051829e-08	9.385884348e-05	1.556905311e-08	0.9998692676	3.684271133e-05	
2.09235189e-08	0.0004477563307	2.136168956e-08	2.000531549e-08	0.9995521814	
3.779555287e-08	0.0007460958023	3.09494267e-08	2.870962282e-08	0.9992538067	
2.255764177e-08	0.0004481037185	2.273869032e-05	2.156780106e-08	0.9995291135	
2.38750563e-08	0.0005415574703	2.438428997e-08	2.28848298e-08	0.9994583714	
2.618430886e-08	0.0006149486996	2.673737875e-08	2.506559263e-08	0.9993849733	
2.251070959e-08	0.0004982022857	2.299626274e-08	2.131887851e-08	0.9995017309	
1.778038404e-08	0.0003478645296	1.815922016e-08	1.703866396e-08	0.9996520825	
1.046271177e-08	0.910006524	8.548685068e-09	7.856354324e-09	0.08999344911	
9.809553266e-09	0.8585793372	9.866522978e-06	9.271530244e-09	0.1414107772	
8.805851192e-09	0.8800712606	8.973878851e-09	8.343814507e-09	0.1199287133	
8.628555026e-09	0.8928575919	8.791418136e-09	8.165164737e-09	0.1071423826	
8.931892013e-09	0.8709763141	9.104470455e-09	8.361970852e-09	0.1290236595	
9.570047786e-09	0.824953496	9.752440598e-09	9.065641131e-09	0.1750464756	
2.09183289e-08	0.0002187874182	2.134514414e-08	1.958359447e-08	0.9997811507	
1.127181037e-08	0.9100636362	9.09325999e-06	8.46392817e-09	0.08992725082	
1.002713944e-08	0.9244223476	8.195905585e-09	7.548253173e-09	0.07557762664	
9.772745932e-09	0.9328409784	7.986353035e-09	7.347161597e-09	0.06715899651	
1.020967987e-08	0.9183788858	8.34707632e-09	7.593699652e-09	0.08162108808	
1.115569852e-08	0.8870722937	9.118155809e-09	8.395707342e-09	0.1129276777	
0.001418628806	0.9983848989	8.587795802e-08	7.835417266e-08	0.0001963080193	
9.487044498e-09	0.8801471308	9.545763615e-06	8.989297025e-09	0.1198433049	
9.295940158e-09	0.8929256224	9.351581447e-06	8.796738708e-09	0.1070650079	
9.622903982e-09	0.8710576042	9.684746502e-06	9.00892212e-09	0.1289326924	
1.031080215e-08	0.8250602381	1.037438925e-05	9.767386316e-09	0.1749293674	
2.255205095e-08	0.0002189572065	2.272108292e-05	2.111314639e-08	0.999758278	
8.294378633e-09	0.9097480151	8.45414235e-09	7.868706354e-09	0.09025196023	
9.311040841e-09	0.8507593484	9.492099348e-09	8.842503737e-09	0.149240624	
8.434668261e-09	0.9026547053	8.599160855e-09	7.906046697e-09	0.09734526973	
9.156086375e-09	0.8661956636	9.332240616e-09	8.684013326e-09	0.1338043092	
1.777506528e-08	0.0001699685472	1.814422792e-08	1.667862894e-08	0.9998299789	
0.9999999829	4.614278982e-09	4.762501093e-09	4.447349739e-09	3.231723118e-09	
0.9999946493	5.337218049e-06	5.160507412e-09	4.71888694e-09	3.605503527e-09	
0.999999983	4.614484622e-09	4.762441691e-09	4.35461717e-09	3.231684497e-09	
0.999999983	4.614484622e-09	4.762441691e-09	4.35461717e-09	3.231684497e-09	
0.999999983	4.614791746e-09	4.762442056e-09	4.354890877e-09	3.231684739e-09	
0.999999983	4.614791746e-09	4.762442056e-09	4.354890877e-09	3.231684739e-09	
0.9999999829	4.614544574e-09	4.762503876e-09	4.451487026e-09	3.231724933e-09	
0.999999983	4.614791746e-09	4.762442056e-09	4.354890877e-09	3.231684739e-09	
0.999999983	4.610805556e-09	4.762439624e-09	4.354888675e-09	3.231683101e-09	
0.9999949464	5.000652115e-09	5.160648607e-09	5.039932905e-06	3.501886909e-09	
0.999999983	4.614484622e-09	4.762441691e-09	4.35461717e-09	3.231684497e-09	
0.999999983	4.614791746e-09	4.762442056e-09	4.354890877e-09	3.231684739e-09	
0.9999999829	4.614278982e-09	4.762501093e-09	4.447349739e-09	3.231723118e-09	
0.9999946494	5.336980203e-06	5.16057178e-09	4.819376719e-09	3.605546616e-09	
0.9999999829	4.614278982e-09	4.762501093e-09	4.447349739e-09	3.231723118e-09	
0.9999999829	4.614278982e-09	4.762501093e-09	4.447349739e-09	3.231723118e-09	
0.9999999829	4.614586093e-09	4.762501458e-09	4.447629276e-09	3.23172336e-09	
0.9999999829	4.614586093e-09	4.762501458e-09	4.447629276e-09	3.23172336e-09	
0.9999999828	4.614338931e-09	4.762563279e-09	4.546282462e-09	3.231763555e-09	
0.9999999829	4.614586093e-09	4.762501458e-09	4.447629276e-09	3.23172336e-09	
0.9999999829	4.61060008e-09	4.762499026e-09	4.447627027e-09	3.231721722e-09	
0.9999948391	5.000428731e-09	5.160712423e-09	5.147258878e-06	3.501928384e-09	
0.9999999829	4.614278982e-09	4.762501093e-09	4.447349739e-09	3.231723118e-09	
0.9999999829	4.614586093e-09	4.762501458e-09	4.447629276e-09	3.23172336e-09	
0.9999999828	4.614073352e-09	4.762560496e-09	4.54205707e-09	3.23176174e-09	
0.9998473585	1.551376371e-08	1.617760828e-08	0.0001525989066	1.087407523e-08	
0.9999946493	5.337218049e-06	5.160507412e-09	4.71888694e-09	3.605503527e-09	
0.9999946493	5.337218049e-06	5.160507412e-09	4.71888694e-09	3.605503527e-09	
0.9999946489	5.337573274e-06	5.160507806e-09	4.719183542e-09	3.605503795e-09	
0.9999946489	5.337573274e-06	5.160507806e-09	4.719183542e-09	3.605503795e-09	
0.9999946491	5.33728739e-06	5.160574794e-09	4.823860094e-09	3.60554864e-09	
0.9999946489	5.337573274e-06	5.160507806e-09	4.719183542e-09	3.605503795e-09	
0.9999887451	5.783863153e-06	5.591993354e-09	5.46152555e-06	3.906957706e-09	
0.9999946493	5.337218049e-06	5.160507412e-09	4.71888694e-09	3.605503527e-09	
0.9999946489	5.337573274e-06	5.160507806e-09	4.719183542e-09	3.605503795e-09	
0.9999946494	5.336980203e-06	5.16057178e-09	4.819376719e-09	3.605546616e-09	
0.999999983	4.614484622e-09	4.762441691e-09	4.35461717e-09	3.231684497e-09	
0.999999983	4.614791746e-09	4.762442056e-09	4.354890877e-09	3.231684739e-09	
0.999999983	4.614791746e-09	4.762442056e-09	4.354890877e-09	3.231684739e-09	
0.9999999829	4.614544574e-09	4.762503876e-09	4.451487026e-09	3.231724933e-09	
0.999999983	4.614791746e-09	4.762442056e-09	4.354890877e-09	3.231684739e-09	
0.999999983	4.610805556e-09	4.762439624e-09	4.354888675e-09	3.231683101e-09	
0.9999949464	5.000652115e-09	5.160648607e-09	5.039932905e-06	3.501886909e-09	
0.999999983	4.614484622e-09	4.762441691e-09	4.35461717e-09	3.231684497e-09	
0.999999983	4.614791746e-09	4.762442056e-09	4.354890877e-09	3.231684739e-09	
0.9999999829	4.614278982e-09	4.762501093e-09	4.447349739e-09	3.231723118e-09	
0.999999983	4.614791746e-09	4.762442056e-09	4.354890877e-09	3.231684739e-09	
0.999999983	4.614791746e-09	4.762442056e-09	4.354890877e-09	3.231684739e-09	
0.9999999829	4.614544574e-09	4.762503876e-09	4.451487026e-09	3.231724933e-09	
0.999999983	4.614791746e-09	4.762442056e-09	4.354890877e-09	3.231684739e-09	
0.999999983	4.610805556e-09	4.762439624e-09	4.354888675e-09	3.231683101e-09	
0.9999949464	5.000652115e-09	5.160648607e-09	5.039932905e-06	3.501886909e-09	
0.999999983	4.614484622e-09	4.762441691e-09	4.35461717e-09	3.231684497e-09	
0.999999983	4.614791746e-09	4.762442056e-09	4.354890877e-09	3.231684739e-09	
0.9999999829	4.614278982e-09	4.762501093e-09	4.447349739e-09	3.231723118e-09	
0.999999983	4.615098891e-09	4.762442422e-09	4.355164602e-09	3.23168498e-09	
0.9999999829	4.614851702e-09	4.762504241e-09	4.451766823e-09	3.231725175e-09	
0.999999983	4.615098891e-09	4.762442422e-09	4.355164602e-09	3.23168498e-09	
0.999999983	4.611112435e-09	4.762439989e-09	4.3551624e-09	3.231683342e-09	
0.9999949461	5.00098494e-09	5.160649002e-09	5.040249687e-06	3.50188717e-09	
0.999999983	4.614791746e-09	4.762442056e-09	4.354890877e-09	3.231684739e-09	
0.9999999829	4.614586093e-09	4.762501458e-09	4.447629276e-09	3.23172336e-09	
0.9999999829	4.614851702e-09	4.762504241e-09	4.451766823e-09	3.231725175e-09	
0.999999983	4.611112435e-09	4.762439989e-09	4.3551624e-09	3.231683342e-09	
0.9999949461	5.00098494e-09	5.160649002e-09	5.040249687e-06	3.50188717e-09	
0.999999983	4.614791746e-09	4.762442056e-09	4.354890877e-09	3.231684739e-09	
0.999999983	4.615098891e-09	4.762442422e-09	4.355164602e-09	3.23168498e-09	
0.9999999829	4.614586093e-09	4.762501458e-09	4.447629276e-09	3.23172336e-09	
0.9999999829	4.614851702e-09	4.762504241e-09	4.451766823e-09	3.231725175e-09	
0.9999999829	4.61086546e-09	4.762501809e-09	4.451764572e-09	3.231723537e-09	
0.9999999829	4.614544574e-09	4.762503876e-09	4.451487026e-09	3.231724933e-09	
0.9999999829	4.614851702e-09	4.762504241e-09	4.451766823e-09	3.231725175e-09	
0.9999999828	4.614338931e-09	4.762563279e-09	4.546282462e-09	3.231763555e-09	
0.9998472166	1.551465446e-08	1.617761543e-08	0.0001527408448	1.087407979e-08	
0.999999983	4.611112435e-09	4.762439989e-09	4.3551624e-09	3.231683342e-09	
0.9999949461	5.00098494e-09	5.160649002e-09	5.040249687e-06	3.50188717e-09	
0.999999983	4.614791746e-09	4.762442056e-09	4.354890877e-09	3.231684739e-09	
0.999999983	4.615098891e-09	4.762442422e-09	4.355164602e-09	3.23168498e-09	
0.9999999829	4.614586093e-09	4.762501458e-09	4.447629276e-09	3.23172336e-09	
0.9999949461	4.996665162e-09	5.160646366e-09	5.040247138e-06	3.501885395e-09	
0.999999983	4.610805556e-09	4.762439624e-09	4.354888675e-09	3.231683101e-09	
0.999999983	4.611112435e-09	4.762439989e-09	4.3551624e-09	3.231683342e-09	
0.9999999829	4.61060008e-09	4.762499026e-09	4.447627027e-09	3.231721722e-09	
0.9999949464	5.000652115e-09	5.160648607e-09	5.039932905e-06	3.501886909e-09	
0.9999949461	5.00098494e-09	5.160649002e-09	5.040249687e-06	3.50188717e-09	
0.9999948391	5.000428731e-09	5.160712423e-09	5.147258878e-06	3.501928384e-09	
0.001064016535	6.787143184e-08	7.009886554e-08	0.9989357979	4.756719535e-08	
0.999999983	4.614791746e-09	4.762442056e-09	4.354890877e-09	3.231684739e-09	
0.9999999829	4.614278982e-09	4.762501093e-09	4.447349739e-09	3.231723118e-09	
0.9999999829	4.614586093e-09	4.762501458e-09	4.447629276e-09	3.23172336e-09	
0.9998473585	1.551376371e-08	1.617760828e-08	0.0001525989066	1.087407523e-08	
6.80302618e-09	6.684478547e-09	6.909815814e-09	6.30859396e-09	0.9999999733	
6.80302618e-09	6.684478547e-09	6.909815814e-09	6.30859396e-09	0.9999999733	
6.80302618e-09	6.684478547e-09	6.909815814e-09	6.30859396e-09	0.9999999733	
6.80302618e-09	6.684478547e-09	6.909815814e-09	6.30859396e-09	0.9999999733	
6.80302618e-09	6.684478547e-09	6.909815814e-09	6.30859396e-09	0.9999999733	
6.803026179e-09	6.684478008e-09	6.909815793e-09	6.308593959e-09	0.9999999733	
6.80302618e-09	6.684478547e-09	6.909815814e-09	6.30859396e-09	0.9999999733	
6.803026179e-09	6.684478008e-09	6.909815793e-09	6.308593959e-09	0.9999999733	
6.803026179e-09	6.684478008e-09	6.909815793e-09	6.308593959e-09	0.9999999733	
6.80302618e-09	6.684478547e-09	6.909815814e-09	6.30859396e-09	0.9999999733	
6.80302618e-09	6.684478547e-09	6.909815814e-09	6.30859396e-09	0.9999999733	
6.80302618e-09	6.684478547e-09	6.909815814e-09	6.30859396e-09	0.9999999733	
6.80302618e-09	6.684478547e-09	6.909815814e-09	6.30859396e-09	0.9999999733	
6.803372397e-09	7.26399633e-09	6.931967228e-09	6.308912924e-09	0.9999999727	
6.80302618e-09	6.684478547e-09	6.909815814e-09	6.30859396e-09	0.9999999733	
6.80302618e-09	6.684478547e-09	6.909815814e-09	6.30859396e-09	0.9999999733	
6.80302618e-09	6.684478547e-09	6.909815814e-09	6.30859396e-09	0.9999999733	
6.80302618e-09	6.684478547e-09	6.909815814e-09	6.30859396e-09	0.9999999733	
6.803026179e-09	6.684478008e-09	6.909815793e-09	6.308593959e-09	0.9999999733	
6.80302618e-09	6.684478547e-09	6.909815814e-09	6.30859396e-09	0.9999999733	
6.803026179e-09	6.684478008e-09	6.909815793e-09	6.308593959e-09	0.9999999733	
6.803026179e-09	6.684478008e-09	6.909815793e-09	6.308593959e-09	0.9999999733	
6.80302618e-09	6.684478547e-09	6.909815814e-09	6.30859396e-09	0.9999999733	
6.80302618e-09	6.684478547e-09	6.909815814e-09	6.30859396e-09	0.9999999733	
6.80302618e-09	6.684478547e-09	6.909815814e-09	6.30859396e-09	0.9999999733	
6.80302618e-09	6.684478547e-09	6.909815814e-09	6.30859396e-09	0.9999999733	
6.803372397e-09	7.26399633e-09	6.931967228e-09	6.308912924e-09	0.9999999727	
6.80302618e-09	6.684478547e-09	6.909815814e-09	6.30859396e-09	0.9999999733	
6.80302618e-09	6.684478547e-09	6.909815814e-09	6.30859396e-09	0.9999999733	
6.80302618e-09	6.684478547e-09	6.909815814e-09	6.30859396e-09	0.9999999733	
6.803026179e-09	6.684478008e-09	6.909815793e-09	6.308593959e-09	0.9999999733	
6.80302618e-09	6.684478547e-09	6.909815814e-09	6.30859396e-09	0.9999999733	
6.803026179e-09	6.684478008e-09	6.909815793e-09	6.308593959e-09	0.9999999733	
6.803026179e-09	6.684478008e-09	6.909815793e-09	6.308593959e-09	0.9999999733	
6.80302618e-09	6.684478547e-09	6.909815814e-09	6.30859396e-09	0.9999999733	
6.80302618e-09	6.684478547e-09	6.909815814e-09	6.30859396e-09	0.9999999733	
6.80302618e-09	6.684478547e-09	6.909815814e-09	6.30859396e-09	0.9999999733	
6.80302618e-09	6.684478547e-09	6.909815814e-09	6.30859396e-09	0.9999999733	
6.803372397e-09	7.26399633e-09	6.931967228e-09	6.308912924e-09	0.9999999727	
6.80302618e-09	6.684478547e-09	6.909815814e-09	6.30859396e-09	0.9999999733	
6.80302618e-09	6.684478547e-09	6.909815814e-09	6.30859396e-09	0.9999999733	
6.803026179e-09	6.684478008e-09	6.909815793e-09	6.308593959e-09	0.9999999733	
6.80302618e-09	6.684478547e-09	6.909815814e-09	6.30859396e-09	0.9999999733	
6.803026179e-09	6.684478008e-09	6.909815793e-09	6.308593959e-09	0.9999999733	
6.803026179e-09	6.684478008e-09	6.909815793e-09	6.308593959e-09	0.9999999733	
6.80302618e-09	6.684478547e-09	6.909815814e-09	6.30859396e-09	0.9999999733	
6.80302618e-09	6.684478547e-09	6.909815814e-09	6.30859396e-09	0.9999999733	
6.80302618e-09	6.684478547e-09	6.909815814e-09	6.30859396e-09	0.9999999733	
6.80302618e-09	6.684478547e-09	6.909815814e-09	6.30859396e-09	0.9999999733	
6.803372397e-09	7.26399633e-09	6.931967228e-09	6.308912924e-09	0.9999999727	
6.80302618e-09	6.684478547e-09	6.909815814e-09	6.30859396e-09	0.9999999733	
6.803026179e-09	6.684478008e-09	6.909815793e-09	6.308593959e-09	0.9999999733	
6.80302618e-09	6.684478547e-09	6.909815814e-09	6.30859396e-09	0.9999999733	
6.803026179e-09	6.684478008e-09	6.909815793e-09	6.308593959e-09	0.9999999733	
6.803026179e-09	6.684478008e-09	6.909815793e-09	6.308593959e-09	0.9999999733	
6.80302618e-09	6.684478547e-09	6.909815814e-09	6.30859396e-09	0.9999999733	
6.80302618e-09	6.684478547e-09	6.909815814e-09	6.30859396e-09	0.9999999733	
6.80302618e-09	6.684478547e-09	6.909815814e-09	6.30859396e-09	0.9999999733	
6.80302618e-09	6.684478547e-09	6.909815814e-09	6.30859396e-09	0.9999999733	
6.803372397e-09	7.26399633e-09	6.931967228e-09	6.308912924e-09	0.9999999727	
6.803026179e-09	6.684478008e-09	6.909815793e-09	6.308593959e-09	0.9999999733	
6.80302618e-09	6.684478547e-09	6.909815814e-09	6.30859396e-09	0.9999999733	
6.803026179e-09	6.684478008e-09	6.909815793e-09	6.308593959e-09	0.9999999733	
6.803026179e-09	6.684478008e-09	6.909815793e-09	6.308593959e-09	0.9999999733	
6.80302618e-09	6.684478547e-09	6.909815814e-09	6.30859396e-09	0.9999999733	
6.80302618e-09	6.684478547e-09	6.909815814e-09	6.30859396e-09	0.9999999733	
6.80302618e-09	6.684478547e-09	6.909815814e-09	6.30859396e-09	0.9999999733	
6.80302618e-09	6.684478547e-09	6.909815814e-09	6.30859396e-09	0.9999999733	
6.803372397e-09	7.26399633e-09	6.931967228e-09	6.308912924e-09	0.9999999727	
6.803026179e-09	6.684478008e-09	6.909815793e-09	6.308593959e-09	0.9999999733	
6.803026179e-09	6.68447747e-09	6.909815771e-09	6.308593959e-09	0.9999999733	
6.803026179e-09	6.68447747e-09	6.909815771e-09	6.308593959e-09	0.9999999733	
6.803026179e-09	6.684478008e-09	6.909815793e-09	6.308593959e-09	0.9999999733	
6.803026179e-09	6.684478008e-09	6.909815793e-09	6.308593959e-09	0.9999999733	
6.803026179e-09	6.684478008e-09	6.909815793e-09	6.308593959e-09	0.9999999733	
6.803026179e-09	6.684478008e-09	6.909815793e-09	6.308593959e-09	0.9999999733	
6.803026179e-09	6.684478008e-09	6.909815793e-09	6.308593959e-09	0.9999999733	
6.803026179e-09	6.684478008e-09	6.909815793e-09	6.308593959e-09	0.9999999733	
6.80302618e-09	6.684478547e-09	6.909815814e-09	6.30859396e-09	0.9999999733	
6.80302618e-09	6.684478547e-09	6.909815814e-09	6.30859396e-09	0.9999999733	
6.80302618e-09	6.684478547e-09	6.909815814e-09	6.30859396e-09	0.9999999733	
6.80302618e-09	6.684478547e-09	6.909815814e-09	6.30859396e-09	0.9999999733	
6.803372397e-09	7.26399633e-09	6.931967228e-09	6.308912924e-09	0.9999999727	
6.803026179e-09	6.68447747e-09	6.909815771e-09	6.308593959e-09	0.9999999733	
6.803026179e-09	6.684478008e-09	6.909815793e-09	6.308593959e-09	0.9999999733	
6.803026179e-09	6.684478008e-09	6.909815793e-09	6.308593959e-09	0.9999999733	
6.803026179e-09	6.684478008e-09	6.909815793e-09	6.308593959e-09	0.9999999733	
6.803026179e-09	6.684478008e-09	6.909815793e-09	6.308593959e-09	0.9999999733	
6.803026179e-09	6.684478008e-09	6.909815793e-09	6.308593959e-09	0.9999999733	
6.803026179e-09	6.684478008e-09	6.909815793e-09	6.308593959e-09	0.9999999733	
6.803026179e-09	6.684478008e-09	6.909815793e-09	6.308593959e-09	0.9999999733	
6.803026179e-09	6.684478008e-09	6.909815793e-09	6.308593959e-09	0.9999999733	
6.80302618e-09	6.684478547e-09	6.909815814e-09	6.30859396e-09	0.9999999733	
6.80302618e-09	6.684478547e-09	6.909815814e-09	6.30859396e-09	0.9999999733	
6.80302618e-09	6.684478547e-09	6.909815814e-09	6.30859396e-09	0.9999999733	
6.803372397e-09	7.26399633e-09	6.931967228e-09	6.308912924e-09	0.9999999727	
6.80302618e-09	6.684478547e-09	6.909815814e-09	6.30859396e-09	0.9999999733	
6.80302618e-09	6.684478547e-09	6.909815814e-09	6.30859396e-09	0.9999999733	
6.803372397e-09	7.26399633e-09	6.931967228e-09	6.308912924e-09	0.9999999727	
6.80302618e-09	6.684478547e-09	6.909815814e-09	6.30859396e-09	0.9999999733	
6.803372397e-09	7.26399633e-09	6.931967228e-09	6.308912924e-09	0.9999999727	
6.803372397e-09	7.26399633e-09	6.931967228e-09	6.308912924e-09	0.9999999727	
5.056370517e-09	5.021714601e-09	5.155714321e-09	0.9999999813	3.499686221e-09	
5.07461651e-09	5.021725161e-09	5.155725247e-09	0.9999999812	3.499693333e-09	
5.784750301e-09	5.022113279e-09	5.156124984e-09	0.9999999805	3.499955528e-09	
5.056370517e-09	5.021714601e-09	5.155714321e-09	0.9999999813	3.499686221e-09	
5.07461651e-09	5.021725161e-09	5.155725247e-09	0.9999999812	3.499693333e-09	
7.409172037e-09	7.317426626e-09	3.397857857e-05	0.9999660016	5.099578159e-09	
5.073651909e-09	5.072767262e-09	5.174710994e-09	0.9999999812	3.513659008e-09	
5.056382712e-09	5.021726654e-09	5.177037661e-09	0.9999999812	3.499694355e-09	
5.056383088e-09	5.021727507e-09	5.178467491e-09	0.9999999812	3.499694908e-09	
5.05642371e-09	5.072757063e-09	5.174700594e-09	0.9999999812	3.513652234e-09	
5.0736092e-09	5.021735313e-09	5.17466731e-09	0.9999999812	3.499700169e-09	
5.056370483e-09	5.021714593e-09	5.155714312e-09	0.9999999813	3.49968622e-09	
5.074628094e-09	5.021736514e-09	5.175787917e-09	0.9999999812	3.499700989e-09	
5.05638196e-09	5.021725967e-09	5.175776898e-09	0.9999999812	3.499693879e-09	
5.056382712e-09	5.021726689e-09	5.177037647e-09	0.9999999812	3.499694361e-09	
5.056418246e-09	5.079221675e-09	5.155763126e-09	0.9999999812	3.515400142e-09	
5.075717985e-09	4.968226265e-09	5.156935742e-09	0.9999999813	3.484971973e-09	
5.074559943e-09	4.968213666e-09	5.13569446e-09	0.9999999813	3.484963426e-09	
5.784685817e-09	4.968597649e-09	5.136092645e-09	0.9999999806	3.485224517e-09	
5.074559943e-09	4.968213666e-09	5.13569446e-09	0.9999999813	3.484963426e-09	
5.073595353e-09	5.018711863e-09	5.154606445e-09	0.9999999813	3.498870321e-09	
5.056326348e-09	4.968215143e-09	5.156924072e-09	0.9999999813	3.484964444e-09	
5.056326724e-09	4.968215987e-09	5.158348347e-09	0.9999999813	3.484964994e-09	
5.056367345e-09	5.018701772e-09	5.154596085e-09	0.9999999813	3.498863576e-09	
5.073552644e-09	4.96822371e-09	5.154562931e-09	0.9999999813	3.484970234e-09	
5.056314119e-09	4.96820321e-09	5.135683568e-09	0.9999999814	3.484956343e-09	
5.074571527e-09	4.968224899e-09	5.155679184e-09	0.9999999813	3.484971049e-09	
5.056325596e-09	4.968214464e-09	5.155668207e-09	0.9999999813	3.48496397e-09	
5.056326348e-09	4.968215178e-09	5.156924058e-09	0.9999999813	3.48496445e-09	
5.056361882e-09	5.025097497e-09	5.135732192e-09	0.9999999813	3.500604127e-09	
5.094033794e-09	4.968236712e-09	5.156946671e-09	0.9999999813	3.484979055e-09	
5.075717985e-09	4.968226265e-09	5.156935742e-09	0.9999999813	3.484971973e-09	
5.094033794e-09	4.968236712e-09	5.156946671e-09	0.9999999813	3.484979055e-09	
7.4375221e-09	7.239485663e-09	3.398662804e-05	0.9999659936	5.078137207e-09	
5.093065503e-09	5.018735143e-09	5.175936916e-09	0.9999999812	3.498886012e-09	
5.075730227e-09	4.968238189e-09	5.178264134e-09	0.9999999813	3.484980072e-09	
5.075730604e-09	4.968239032e-09	5.179694303e-09	0.9999999813	3.484980623e-09	
5.075771382e-09	5.018725052e-09	5.175926513e-09	0.9999999812	3.498879266e-09	
5.093022629e-09	4.968246756e-09	5.175893222e-09	0.9999999813	3.484985862e-09	
5.075717951e-09	4.968226256e-09	5.156935734e-09	0.9999999813	3.484971971e-09	
5.094045423e-09	4.968247944e-09	5.177014094e-09	0.9999999813	3.484986678e-09	
3.151921155e-05	7.109479301e-09	7.449855206e-09	0.9999684612	4.986943668e-09	
5.075729472e-09	4.968237509e-09	5.177003072e-09	0.9999999813	3.484979599e-09	
5.075730227e-09	4.968238223e-09	5.17826412e-09	0.9999999813	3.484980079e-09	
5.075765897e-09	5.025120807e-09	5.156984559e-09	0.9999999812	3.500619825e-09	
5.805559948e-09	4.968608097e-09	5.136103529e-09	0.9999999806	3.485231599e-09	
5.074559943e-09	4.968213666e-09	5.13569446e-09	0.9999999813	3.484963426e-09	
5.092871573e-09	4.968224113e-09	5.135705344e-09	0.9999999813	3.484970508e-09	
5.091903502e-09	5.018722416e-09	5.154617369e-09	0.9999999812	3.498877431e-09	
5.074572182e-09	4.968225591e-09	5.156935001e-09	0.9999999813	3.484971525e-09	
5.074572559e-09	4.968226434e-09	5.158359279e-09	0.9999999813	3.484972076e-09	
5.074613327e-09	5.018712326e-09	5.154607009e-09	0.9999999813	3.498870686e-09	
5.091860639e-09	4.968234157e-09	5.154573854e-09	0.9999999813	3.484977315e-09	
5.074559908e-09	4.968213658e-09	5.135694452e-09	0.9999999813	3.484963424e-09	
5.092883199e-09	4.968235346e-09	5.15569011e-09	0.9999999813	3.484978131e-09	
3.151202056e-05	7.109461324e-09	7.419169502e-09	0.9999684685	4.986931474e-09	
5.074571427e-09	4.968224911e-09	5.155679133e-09	0.9999999813	3.484971052e-09	
5.074572182e-09	4.968225625e-09	5.156934987e-09	0.9999999813	3.484971532e-09	
5.074607844e-09	5.025108064e-09	5.135743075e-09	0.9999999813	3.50061124e-09	
5.784685817e-09	4.968597649e-09	5.136092645e-09	0.9999999806	3.485224517e-09	
5.805559948e-09	4.968608097e-09	5.136103529e-09	0.9999999806	3.485231599e-09	
5.804456407e-09	5.019110302e-09	5.15501702e-09	0.9999999805	3.499139564e-09	
5.784699769e-09	4.968609574e-09	5.157334832e-09	0.9999999806	3.485232617e-09	
5.784746672e-09	5.019100211e-09	5.155006659e-09	0.9999999805	3.499132819e-09	
5.804407545e-09	4.968618141e-09	5.154973503e-09	0.9999999806	3.485238407e-09	
5.784685778e-09	4.96859764e-09	5.136092636e-09	0.9999999806	3.485224516e-09	
5.805573201e-09	4.96861933e-09	5.156089845e-09	0.9999999806	3.485239223e-09	
5.784698909e-09	4.968608894e-09	5.156078867e-09	0.9999999806	3.485232143e-09	
5.784699769e-09	4.968609608e-09	5.157334818e-09	0.9999999806	3.485232624e-09	
5.784740421e-09	5.025496444e-09	5.136141264e-09	0.9999999806	3.500873504e-09	
5.074559943e-09	4.968213666e-09	5.13569446e-09	0.9999999813	3.484963426e-09	
5.073595353e-09	5.018711863e-09	5.154606445e-09	0.9999999813	3.498870321e-09	
5.056326348e-09	4.968215143e-09	5.156924072e-09	0.9999999813	3.484964444e-09	
5.056326724e-09	4.968215987e-09	5.158348347e-09	0.9999999813	3.484964994e-09	
5.056367345e-09	5.018701772e-09	5.154596085e-09	0.9999999813	3.498863576e-09	
5.073552644e-09	4.96822371e-09	5.154562931e-09	0.9999999813	3.484970234e-09	
5.056314119e-09	4.96820321e-09	5.135683568e-09	0.9999999814	3.484956343e-09	
5.074571527e-09	4.968224899e-09	5.155679184e-09	0.9999999813	3.484971049e-09	
5.056325596e-09	4.968214464e-09	5.155668207e-09	0.9999999813	3.48496397e-09	
5.056326348e-09	4.968215178e-09	5.156924058e-09	0.9999999813	3.48496445e-09	
5.056361882e-09	5.025097497e-09	5.135732192e-09	0.9999999813	3.500604127e-09	
5.091903502e-09	5.018722416e-09	5.154617369e-09	0.9999999812	3.498877431e-09	
5.074572182e-09	4.968225591e-09	5.156935001e-09	0.9999999813	3.484971525e-09	
5.074572559e-09	4.968226434e-09	5.158359279e-09	0.9999999813	3.484972076e-09	
5.074613327e-09	5.018712326e-09	5.154607009e-09	0.9999999813	3.498870686e-09	
5.091860639e-09	4.968234157e-09	5.154573854e-09	0.9999999813	3.484977315e-09	
5.074559908e-09	4.968213658e-09	5.135694452e-09	0.9999999813	3.484963424e-09	
5.092883199e-09	4.968235346e-09	5.15569011e-09	0.9999999813	3.484978131e-09	
3.151202056e-05	7.109461324e-09	7.419169502e-09	0.9999684685	4.986931474e-09	
5.074571427e-09	4.968224911e-09	5.155679133e-09	0.9999999813	3.484971052e-09	
5.074572182e-09	4.968225625e-09	5.156934987e-09	0.9999999813	3.484971532e-09	
5.074607844e-09	5.025108064e-09	5.135743075e-09	0.9999999813	3.50061124e-09	
7.43441189e-09	7.313051217e-09	3.39712774e-05	0.9999660089	5.098389304e-09	
7.409107257e-09	7.239469458e-09	3.398655113e-05	0.9999659937	5.078126236e-09	
7.409107738e-09	7.239470619e-09	3.399593745e-05	0.9999659843	5.078126991e-09	
7.409167444e-09	7.313036515e-09	3.397120912e-05	0.999966009	5.098379476e-09	
7.43434931e-09	7.239482054e-09	3.397099063e-05	0.9999660093	5.078134752e-09	
7.435842239e-09	7.239483732e-09	3.397834701e-05	0.9999660019	5.078135904e-09	
4.600763707e-05	1.035927492e-08	4.889426946e-05	0.9999050805	7.2664935e-09	
7.409106217e-09	7.239468528e-09	3.397827467e-05	0.999966002	5.078125588e-09	
7.409107258e-09	7.239469508e-09	3.398655104e-05	0.9999659937	5.078126246e-09	
5.07360759e-09	5.018723908e-09	5.175925203e-09	0.9999999812	3.498878452e-09	
5.073607967e-09	5.01872476e-09	5.177354726e-09	0.9999999812	3.498879005e-09	
5.073648727e-09	5.069723803e-09	5.173588638e-09	0.9999999812	3.512833078e-09	
5.09089276e-09	5.018732562e-09	5.173555362e-09	0.9999999812	3.498884265e-09	
5.073595318e-09	5.018711854e-09	5.154606437e-09	0.9999999813	3.498870319e-09	
3.150603083e-05	7.181723752e-09	7.446490335e-09	0.9999684743	5.006832066e-09	
5.073606835e-09	5.018723222e-09	5.174664711e-09	0.9999999812	3.498877977e-09	
5.07360759e-09	5.018723943e-09	5.175925189e-09	0.9999999812	3.498878459e-09	
5.073643245e-09	5.07618455e-09	5.154655239e-09	0.9999999812	3.514580578e-09	
5.056338919e-09	4.968227911e-09	5.179682582e-09	0.9999999813	3.484973093e-09	
5.056379541e-09	5.018713818e-09	5.1759148e-09	0.9999999813	3.498871707e-09	
5.07356488e-09	4.968235634e-09	5.175881509e-09	0.9999999813	3.484978333e-09	
5.056326314e-09	4.968215135e-09	5.156924064e-09	0.9999999813	3.484964442e-09	
5.074583766e-09	4.968236823e-09	5.177002379e-09	0.9999999813	3.484979149e-09	
5.056337791e-09	4.968226388e-09	5.176991357e-09	0.9999999813	3.484972069e-09	
5.056338544e-09	4.968227102e-09	5.178252402e-09	0.9999999813	3.484972549e-09	
5.056379916e-09	5.01871467e-09	5.17734432e-09	0.9999999812	3.49887226e-09	
5.073565257e-09	4.968236478e-09	5.17731102e-09	0.9999999813	3.484978883e-09	
5.056326689e-09	4.968215978e-09	5.158348339e-09	0.9999999813	3.484964993e-09	
5.074584143e-09	4.968237666e-09	5.178432199e-09	0.9999999813	3.484979699e-09	
5.056338167e-09	4.968227232e-09	5.178421174e-09	0.9999999813	3.48497262e-09	
5.056374452e-09	5.025110411e-09	5.158397177e-09	0.9999999813	3.500612815e-09	
5.073606017e-09	5.018722472e-09	5.173544964e-09	0.9999999812	3.49887752e-09	
5.056367311e-09	5.018701764e-09	5.154596076e-09	0.9999999813	3.498863574e-09	
5.074624911e-09	5.018723672e-09	5.174665328e-09	0.9999999812	3.498878339e-09	
5.056378789e-09	5.018713131e-09	5.17465431e-09	0.9999999813	3.498871232e-09	
5.056379541e-09	5.018713853e-09	5.175914786e-09	0.9999999813	3.498871714e-09	
5.056415074e-09	5.076174344e-09	5.154644879e-09	0.9999999812	3.514573803e-09	
5.073552609e-09	4.968223701e-09	5.154562922e-09	0.9999999813	3.484970232e-09	
5.091872262e-09	4.96824539e-09	5.174632044e-09	0.9999999813	3.484984939e-09	
3.150576562e-05	7.10947574e-09	7.446427475e-09	0.9999684747	4.986941247e-09	
5.073564126e-09	4.968234955e-09	5.174621027e-09	0.9999999813	3.484977859e-09	
5.073564881e-09	4.968235669e-09	5.175881495e-09	0.9999999813	3.484978339e-09	
5.073600535e-09	5.025118223e-09	5.154611725e-09	0.9999999812	3.500618078e-09	
5.074571492e-09	4.96822489e-09	5.155679175e-09	0.9999999813	3.484971048e-09	
5.056325562e-09	4.968214455e-09	5.155668199e-09	0.9999999813	3.484963969e-09	
5.056326314e-09	4.968215169e-09	5.15692405e-09	0.9999999813	3.484964449e-09	
5.056361847e-09	5.025097489e-09	5.135732183e-09	0.9999999813	3.500604125e-09	
3.151209249e-05	7.109477396e-09	7.448039999e-09	0.9999684684	4.986942382e-09	
5.074583011e-09	4.968236143e-09	5.175741624e-09	0.9999999813	3.484978675e-09	
5.074583766e-09	4.968236857e-09	5.177002365e-09	0.9999999813	3.484979155e-09	
5.074619428e-09	5.025119425e-09	5.155727989e-09	0.9999999812	3.500618898e-09	
5.056337792e-09	4.968226423e-09	5.176991343e-09	0.9999999813	3.484972076e-09	
5.056373325e-09	5.025108871e-09	5.155717012e-09	0.9999999813	3.500611787e-09	
5.056374077e-09	5.025109593e-09	5.156972874e-09	0.9999999813	3.500612269e-09	
