4.329035076e-09	2.640052366e-09	4.860732382e-09	4.451184962e-09	0.9999999837	
4.322793049e-09	2.659084272e-09	4.851585613e-09	4.459340066e-09	0.9999999837	
4.379918322e-09	2.260139851e-08	4.860348161e-09	4.470438863e-09	0.9999999637	
4.3286492e-09	2.639997316e-09	4.860163897e-09	4.462249068e-09	0.9999999837	
4.322768878e-09	2.640047449e-09	4.851558028e-09	4.45117634e-09	0.9999999837	
4.328302892e-09	2.640048377e-09	4.859654697e-09	4.461592852e-09	0.9999999837	
4.322798032e-09	2.657958293e-09	4.851591165e-09	4.469939388e-09	0.9999999837	
4.328015495e-09	2.656143946e-09	4.859227268e-09	4.467857371e-09	0.9999999837	
4.322776242e-09	2.640055836e-09	4.851566281e-09	4.463831482e-09	0.9999999837	
4.328302962e-09	2.640048375e-09	4.859654758e-09	4.46159186e-09	0.9999999837	
4.329035075e-09	2.640052369e-09	4.86072942e-09	4.45118496e-09	0.9999999837	
4.329041964e-09	2.640056306e-09	4.860737098e-09	4.462987744e-09	0.9999999837	
4.328015674e-09	2.656323474e-09	4.859227482e-09	4.467851873e-09	0.9999999837	
4.322775738e-09	2.640051382e-09	4.851565716e-09	4.462977618e-09	0.9999999837	
1.373965391e-05	3.70229658e-09	1.22695706e-05	6.240858051e-09	0.9999739808	
4.322793051e-09	2.65908427e-09	4.851588602e-09	4.459340067e-09	0.9999999837	
4.329041968e-09	2.640056292e-09	4.860740101e-09	4.462987973e-09	0.9999999837	
4.379918324e-09	2.26013985e-08	4.860351155e-09	4.470438864e-09	0.9999999637	
4.328649201e-09	2.639997314e-09	4.860166892e-09	4.462249069e-09	0.9999999837	
4.32276888e-09	2.640047447e-09	4.851561017e-09	4.451176342e-09	0.9999999837	
4.328302894e-09	2.640048375e-09	4.859657691e-09	4.461592854e-09	0.9999999837	
4.322798033e-09	2.657958291e-09	4.851594154e-09	4.469939389e-09	0.9999999837	
4.328015496e-09	2.656143944e-09	4.859230262e-09	4.467857373e-09	0.9999999837	
4.322776244e-09	2.640055834e-09	4.85156927e-09	4.463831483e-09	0.9999999837	
4.328302963e-09	2.640048373e-09	4.859657752e-09	4.461591862e-09	0.9999999837	
4.329035076e-09	2.640052366e-09	4.860732415e-09	4.451184962e-09	0.9999999837	
4.328015675e-09	2.656323472e-09	4.859230476e-09	4.467851874e-09	0.9999999837	
4.322775739e-09	2.640051379e-09	4.851568705e-09	4.462977619e-09	0.9999999837	
1.373965392e-05	3.702296577e-09	1.226957816e-05	6.240858053e-09	0.9999739808	
4.322799932e-09	2.659088226e-09	4.851593317e-09	4.471164701e-09	0.9999999837	
4.373602928e-09	2.276432999e-08	4.851205103e-09	4.478629243e-09	0.9999999635	
4.322407731e-09	2.659028823e-09	4.851021187e-09	4.470424444e-09	0.9999999837	
4.316535888e-09	2.659079318e-09	4.842431506e-09	4.45933143e-09	0.9999999837	
4.322061923e-09	2.659080252e-09	4.850512944e-09	4.469767026e-09	0.9999999837	
4.316565e-09	2.677119279e-09	4.842464581e-09	4.478128853e-09	0.9999999837	
4.321774939e-09	2.675291853e-09	4.850086319e-09	4.476043022e-09	0.9999999837	
4.322061992e-09	2.65908025e-09	4.850513005e-09	4.469766032e-09	0.9999999837	
4.32279305e-09	2.659084273e-09	4.851585645e-09	4.459340066e-09	0.9999999837	
4.322799929e-09	2.659088238e-09	4.851593309e-09	4.471164474e-09	0.9999999837	
4.321775119e-09	2.675472675e-09	4.850086533e-09	4.476037514e-09	0.9999999837	
4.316542738e-09	2.659083278e-09	4.84243918e-09	4.471154328e-09	0.9999999837	
1.154117509e-08	5.857047254e-05	1.284088751e-08	7.940882342e-06	0.9999334643	
4.379925296e-09	2.260143212e-08	4.860355879e-09	4.482292928e-09	0.9999999637	
4.328656092e-09	2.640001241e-09	4.860171615e-09	4.474081417e-09	0.9999999837	
4.322775761e-09	2.640051375e-09	4.851565732e-09	4.462979328e-09	0.9999999837	
4.328309784e-09	2.640052302e-09	4.859662414e-09	4.473423461e-09	0.9999999837	
4.328022385e-09	2.656147895e-09	4.859234985e-09	4.479704591e-09	0.9999999837	
4.322783125e-09	2.640059761e-09	4.851573985e-09	4.475668027e-09	0.9999999837	
4.328309853e-09	2.640052301e-09	4.859662475e-09	4.473422466e-09	0.9999999837	
4.329041967e-09	2.640056294e-09	4.860737139e-09	4.462987971e-09	0.9999999837	
4.329048856e-09	2.640060231e-09	4.860744817e-09	4.474822052e-09	0.9999999837	
4.328022565e-09	2.656327424e-09	4.859235199e-09	4.479699078e-09	0.9999999837	
5.853530988e-09	3.573905581e-09	6.532406291e-09	2.19588745e-05	0.9999780252	
4.32278262e-09	2.640055307e-09	4.851573421e-09	4.474811898e-09	0.9999999837	
1.373967579e-05	3.702302085e-09	1.226959008e-05	6.257406659e-09	0.9999739808	
4.373578473e-09	2.26013564e-08	4.85117752e-09	4.470430205e-09	0.9999999637	
4.379177534e-09	2.260136434e-08	4.859273555e-09	4.480891775e-09	0.9999999637	
4.373607969e-09	2.275469053e-08	4.851210654e-09	4.489274413e-09	0.9999999635	
4.378886758e-09	2.273915796e-08	4.858846159e-09	4.48718339e-09	0.9999999635	
4.373585924e-09	2.26014282e-08	4.851185773e-09	4.483140088e-09	0.9999999637	
4.379177604e-09	2.260136433e-08	4.859273616e-09	4.480890778e-09	0.9999999637	
4.379918323e-09	2.260139852e-08	4.860348193e-09	4.470438863e-09	0.9999999637	
4.379925293e-09	2.260143222e-08	4.86035587e-09	4.4822927e-09	0.9999999637	
4.378886939e-09	2.27406949e-08	4.858846373e-09	4.487177868e-09	0.9999999635	
5.922323391e-09	3.059603727e-08	6.531883296e-09	2.199553355e-05	0.9999779614	
4.373585414e-09	2.260139007e-08	4.851185208e-09	4.48228253e-09	0.9999999637	
7.029212316e-05	0.003527509772	6.270162692e-08	6.207918466e-08	0.9964020733	
4.322383562e-09	2.639992397e-09	4.850993605e-09	4.462240426e-09	0.9999999837	
4.327917083e-09	2.639993324e-09	4.859089332e-09	4.47268283e-09	0.9999999837	
4.322412713e-09	2.657902868e-09	4.851026738e-09	4.481050112e-09	0.9999999837	
4.327629711e-09	2.656088558e-09	4.858661953e-09	4.47896292e-09	0.9999999837	
4.322390926e-09	2.640000784e-09	4.851001857e-09	4.474927024e-09	0.9999999837	
4.327917152e-09	2.639993323e-09	4.859089393e-09	4.472681835e-09	0.9999999837	
4.3286492e-09	2.639997316e-09	4.86016393e-09	4.462249068e-09	0.9999999837	
4.328656089e-09	2.640001254e-09	4.860171607e-09	4.474081189e-09	0.9999999837	
4.32762989e-09	2.656268083e-09	4.858662167e-09	4.478957408e-09	0.9999999837	
5.852999928e-09	3.573825755e-09	6.531635972e-09	2.195523901e-05	0.9999780288	
4.322390421e-09	2.639996329e-09	4.851001292e-09	4.474071038e-09	0.9999999837	
1.373842925e-05	3.702219387e-09	1.226814321e-05	6.256370684e-09	0.9999739835	
4.322037756e-09	2.640043458e-09	4.850485365e-09	4.461584212e-09	0.9999999837	
4.316540863e-09	2.657953341e-09	4.842437047e-09	4.469930731e-09	0.9999999837	
4.321750774e-09	2.656138997e-09	4.850058743e-09	4.467848719e-09	0.9999999837	
4.316519106e-09	2.640050917e-09	4.84241221e-09	4.463822837e-09	0.9999999837	
4.322037825e-09	2.640043456e-09	4.850485426e-09	4.46158322e-09	0.9999999837	
4.322768879e-09	2.640047449e-09	4.85155806e-09	4.45117634e-09	0.9999999837	
4.322775758e-09	2.640051387e-09	4.851565723e-09	4.462979101e-09	0.9999999837	
4.321750953e-09	2.656318525e-09	4.850058956e-09	4.46784322e-09	0.9999999837	
4.316518602e-09	2.640046462e-09	4.842411647e-09	4.462968974e-09	0.9999999837	
4.322066904e-09	2.657954275e-09	4.850518495e-09	4.480391132e-09	0.9999999837	
4.327283485e-09	2.65613993e-09	4.85815291e-09	4.478304247e-09	0.9999999837	
4.322045119e-09	2.640051844e-09	4.850493617e-09	4.474268945e-09	0.9999999837	
4.327570903e-09	2.640044384e-09	4.858580305e-09	4.472024086e-09	0.9999999837	
4.328302893e-09	2.640048377e-09	4.85965473e-09	4.461592852e-09	0.9999999837	
4.328309781e-09	2.640052314e-09	4.859662406e-09	4.473423234e-09	0.9999999837	
4.327283664e-09	2.656319458e-09	4.858153124e-09	4.478298736e-09	0.9999999837	
5.852531685e-09	3.573894888e-09	6.530951672e-09	2.195201036e-05	0.999978032	
4.322044614e-09	2.64004739e-09	4.850493052e-09	4.473413084e-09	0.9999999837	
1.373733015e-05	3.702291001e-09	1.22668579e-05	6.255450641e-09	0.9999739859	
4.321779921e-09	2.674159011e-09	4.850091869e-09	4.486682045e-09	0.9999999837	
4.316548217e-09	2.657961785e-09	4.842445285e-09	4.482639194e-09	0.9999999837	
4.322066974e-09	2.657954273e-09	4.850518556e-09	4.480390135e-09	0.9999999837	
4.322798032e-09	2.657958294e-09	4.851591197e-09	4.469939388e-09	0.9999999837	
4.322804911e-09	2.657962258e-09	4.851598861e-09	4.481791901e-09	0.9999999837	
4.3217801e-09	2.674339757e-09	4.850092083e-09	4.486676524e-09	0.9999999837	
5.845088027e-09	3.598139811e-09	6.520114721e-09	2.199307623e-05	0.999977991	
4.316547713e-09	2.6579573e-09	4.842444721e-09	4.481781732e-09	0.9999999837	
1.154118846e-08	5.854567145e-05	1.284090228e-08	7.959756925e-06	0.9999334702	
4.321758137e-09	2.656147435e-09	4.850066993e-09	4.480551262e-09	0.9999999837	
4.327283554e-09	2.656139929e-09	4.858152971e-09	4.478303251e-09	0.9999999837	
4.328015495e-09	2.656143946e-09	4.859227301e-09	4.467857371e-09	0.9999999837	
4.328022383e-09	2.656147908e-09	4.859234976e-09	4.479704364e-09	0.9999999837	
4.326996334e-09	2.672514227e-09	4.857725827e-09	4.484586711e-09	0.9999999837	
5.852142899e-09	3.595683724e-09	6.530377043e-09	2.198283248e-05	0.9999780012	
4.321757632e-09	2.656142953e-09	4.850066429e-09	4.479694199e-09	0.9999999837	
1.373641803e-05	3.724862747e-09	1.2265779e-05	6.264233926e-09	0.9999739878	
1.155511877e-08	5.850571018e-05	1.286111362e-08	7.956049761e-06	0.9999335138	
4.322045188e-09	2.640051843e-09	4.850493677e-09	4.474267949e-09	0.9999999837	
4.322776243e-09	2.640055836e-09	4.851566313e-09	4.463831482e-09	0.9999999837	
4.322783122e-09	2.640059774e-09	4.851573977e-09	4.4756678e-09	0.9999999837	
4.321758316e-09	2.656326963e-09	4.850067207e-09	4.480545748e-09	0.9999999837	
5.84505874e-09	3.573904947e-09	6.520081475e-09	2.196302466e-05	0.999978021	
4.328302962e-09	2.640048375e-09	4.85965479e-09	4.46159186e-09	0.9999999837	
4.32830985e-09	2.640052313e-09	4.859662466e-09	4.473422239e-09	0.9999999837	
4.327283734e-09	2.656319457e-09	4.858153185e-09	4.47829774e-09	0.9999999837	
5.852531779e-09	3.573894886e-09	6.530951754e-09	2.195200548e-05	0.999978032	
4.322044684e-09	2.640047389e-09	4.850493113e-09	4.473412089e-09	0.9999999837	
1.373733038e-05	3.702290999e-09	1.226685805e-05	6.25544925e-09	0.9999739859	
4.328015675e-09	2.656323475e-09	4.859227515e-09	4.467851873e-09	0.9999999837	
4.322775738e-09	2.640051382e-09	4.851565749e-09	4.462977618e-09	0.9999999837	
1.373965391e-05	3.702296581e-09	1.226957068e-05	6.240858051e-09	0.9999739808	
4.328022562e-09	2.656327436e-09	4.85923519e-09	4.479698851e-09	0.9999999837	
5.853530984e-09	3.573905598e-09	6.532406279e-09	2.195887338e-05	0.9999780252	
4.322782617e-09	2.640055319e-09	4.851573412e-09	4.474811671e-09	0.9999999837	
1.373967578e-05	3.702302102e-09	1.226959006e-05	6.257406341e-09	0.9999739808	
5.852143142e-09	3.595926756e-09	6.530377331e-09	2.198280543e-05	0.9999780012	
4.321757811e-09	2.656322481e-09	4.850066642e-09	4.479688686e-09	0.9999999837	
1.37364186e-05	3.72511451e-09	1.226577954e-05	6.264226217e-09	0.9999739878	
1.15551192e-08	5.850966433e-05	1.286111414e-08	7.956039939e-06	0.9999335099	
5.845058082e-09	3.573898932e-09	6.520080744e-09	2.195882356e-05	0.9999780252	
1.504151498e-08	7.576660379e-05	1.664073887e-08	0.03753590877	0.9623882929	
1.76146513e-05	1.210684826e-08	1.686253364e-06	0.9997412687	0.0002394182795	
2.183759595e-05	1.219033466e-08	2.51262936e-08	0.9997363974	0.00024172771	
1.216572593e-05	1.205615235e-08	7.543507752e-06	0.9997408418	0.0002394369183	
1.051899229e-05	1.205692281e-08	9.390578371e-06	0.9997406082	0.0002394701606	
0.6154390894	1.94455886e-08	0.3841822923	3.270948877e-08	0.0003785661773	
0.4391958079	1.979714276e-08	0.560417341	3.337237825e-08	0.0003867979763	
0.6897713467	1.927265056e-08	0.3098542599	3.242978112e-08	0.0003743416821	
0.9915792608	9.78951424e-07	0.008044565995	3.147142115e-08	0.0003751628269	
2.213471492e-08	0.9046772841	3.177417464e-08	0.09519004826	0.0001326137616	
1.390064048e-08	0.9984188469	1.531616512e-08	0.001498427679	8.269618837e-05	
1.39869077e-08	0.9987273955	1.528462913e-08	0.001190123318	8.245187189e-05	
1.39181478e-08	0.99783068	1.537639031e-08	0.002086344366	8.294636305e-05	
1.197729206e-05	0.972863553	1.877197753e-08	0.02702196	0.0001024908853	
9.003558583e-07	0.9984090852	1.543133097e-08	0.0015068093	8.318969123e-05	
1.782795428e-06	0.9986852999	1.547768252e-08	0.001229457366	8.344442788e-05	
1.38766838e-08	0.9983816504	1.531991705e-08	0.001535603255	8.271719711e-05	
8.318672332e-06	0.9997752851	1.010087653e-08	0.0002163768652	9.228317438e-09	
4.409311832e-08	0.9999984151	8.749827723e-09	1.52361677e-06	8.47233393e-09	
8.044088304e-09	0.9997694321	8.863076214e-09	0.0002305422984	8.689857817e-09	
8.091893539e-09	0.9998169145	8.842514543e-09	0.0001830599037	8.661919257e-09	
8.030643242e-09	0.9997867055	8.855560825e-09	0.000213269085	8.574713028e-09	
8.058236617e-09	0.9996788173	8.902364904e-09	0.0003211569897	8.720493838e-09	
7.08449772e-06	0.9957433714	1.110332052e-08	0.004249522035	1.100831452e-08	
1.421315501e-06	0.9997940656	8.992669922e-09	0.0002044953841	8.706680086e-09	
8.075532778e-09	0.9996444306	8.916824688e-09	0.0003555437451	8.633228845e-09	
5.210263353e-07	0.9997676276	8.92979096e-09	0.0002318337105	8.741785639e-09	
1.031442905e-06	0.9998098341	8.954514448e-09	0.000189116738	8.766498899e-09	
8.030478114e-09	0.999763705	8.86552687e-09	0.0002362694379	8.692339498e-09	
8.048617485e-09	0.9997426842	8.874461288e-09	0.000257290255	8.593014669e-09	
1.442819408e-05	0.9867145257	2.279098459e-08	0.01327100703	1.629783985e-08	
4.559701496e-05	0.9999531164	9.956883857e-09	1.267484972e-06	9.096763684e-09	
8.319080353e-06	0.9997998606	1.008651907e-08	0.0001918008752	9.331026219e-09	
8.36845264e-06	0.9998393158	1.00630383e-08	0.0001522964247	9.300951566e-09	
8.305151667e-06	0.9998142457	1.007793716e-08	0.0001774298219	9.207359038e-09	
8.333839138e-06	0.9997244544	1.013138526e-08	0.0002671923086	9.364065153e-09	
0.00727838766	0.9892094815	1.255270538e-08	0.003512106525	1.174262514e-08	
0.001467754437	0.9983623438	1.021903538e-08	0.0001698822071	9.335417513e-09	
8.351774972e-06	0.9996958261	1.014789976e-08	0.0002958026899	9.270413428e-09	
0.0005385526182	0.9992686547	1.01570619e-08	0.0001927731431	9.381815078e-09	
0.001065569298	0.9987772417	1.017974473e-08	0.0001571693837	9.403313983e-09	
8.305013001e-06	0.9997951098	1.008931787e-08	0.0001965657909	9.333700122e-09	
8.323801749e-06	0.9997776019	1.009952108e-08	0.0002140549393	9.22707908e-09	
0.9987906768	0.0008318164042	0.0003642375566	1.316957131e-05	9.969736841e-08	
1.388875235e-08	0.9804261262	1.996064992e-08	0.01957382469	1.530431379e-08	
9.882393588e-06	0.7903722307	2.014893176e-08	0.2096178511	1.563592125e-08	
2.466960479e-06	0.9874461512	2.030516017e-08	0.01255134612	1.538770493e-08	
1.388992106e-08	0.9783749203	1.995192892e-08	0.02162503073	1.511998672e-08	
9.028492887e-07	0.9857932102	2.012996153e-08	0.01420585142	1.542429423e-08	
1.791927934e-06	0.9883799305	2.023780727e-08	0.01161824184	1.550783218e-08	
1.143648439e-05	0.0004101597314	4.263818587e-06	0.9995741271	1.282618614e-08	
1.06719466e-08	5.321390203e-05	1.624819285e-08	0.9999467475	1.163280588e-08	
1.324870219e-08	5.764718419e-05	1.832581265e-05	0.9999240011	1.26344896e-08	
3.698245155e-06	5.814677729e-05	1.396040606e-05	0.9999241818	1.27322786e-08	
4.409420478e-08	0.9999985881	8.737177401e-09	1.350532078e-06	8.566419721e-09	
4.435415815e-08	0.9999988661	8.716496253e-09	1.072326429e-06	8.538474877e-09	
4.401974869e-08	0.9999986895	8.729618828e-09	1.249322989e-06	8.452765363e-09	
4.417574013e-08	0.9999980569	8.776698821e-09	1.881528484e-06	8.597395227e-09	
3.898872166e-05	0.9999359963	1.098916749e-08	2.499307065e-05	1.089513847e-08	
7.790784279e-06	0.9999909939	8.864644508e-09	1.197908912e-06	8.58272638e-09	
4.427207267e-08	0.9999978554	8.791255118e-09	2.083057764e-06	8.511653134e-09	
2.856037595e-06	0.9999957684	8.802935541e-09	1.358095877e-06	8.617601172e-09	
5.653664035e-06	0.9999932211	8.826912684e-09	1.107807683e-06	8.64157653e-09	
4.40198503e-08	0.9999985546	8.739643017e-09	1.384089923e-06	8.56891495e-09	
4.412020527e-08	0.9999984314	8.748633442e-09	1.507263471e-06	8.471177526e-09	
8.092259809e-09	0.9998377069	8.829912313e-09	0.0001622674255	8.758291025e-09	
8.031034301e-09	0.9998109284	8.84297035e-09	0.0001890460086	8.670144303e-09	
8.058727792e-09	0.9997152907	8.889816842e-09	0.0002846835076	8.817655637e-09	
7.088092843e-06	0.9962242998	1.109262062e-08	0.003768589875	1.113593649e-08	
1.421383297e-06	0.9998172922	8.97987556e-09	0.0001812686428	8.803571297e-09	
8.076056557e-09	0.9996848081	8.90429103e-09	0.0003151662244	8.729452458e-09	
5.210528061e-07	0.9997939587	8.917113754e-09	0.0002055024996	8.83909497e-09	
1.031490302e-06	0.9998313143	8.94175875e-09	0.0001676364222	8.864040311e-09	
8.030890149e-09	0.9997905398	8.852945357e-09	0.0002094345315	8.789102847e-09	
8.049049674e-09	0.999771906	8.861888259e-09	0.0002280684001	8.688693081e-09	
8.078692896e-09	0.9998498656	8.822379905e-09	0.000150108889	8.642195245e-09	
8.106710445e-09	0.9997739215	8.869292058e-09	0.0002260527334	8.789404229e-09	
7.135417132e-06	0.9969982472	1.107495824e-08	0.002994595214	1.110822952e-08	
1.429815914e-06	0.9998546193	8.958951909e-09	0.0001439331672	8.775177991e-09	
8.124193405e-09	0.9997497152	8.883788616e-09	0.0002502590842	8.701538293e-09	
5.241466669e-07	0.9998362817	8.896380802e-09	0.000163176449	8.810631126e-09	
1.037606896e-06	0.9998658363	8.920898881e-09	0.0001331083695	8.835427188e-09	
8.07858182e-09	0.9998336756	8.832368783e-09	0.0001662987604	8.760807111e-09	
8.096880266e-09	0.999818879	8.841324838e-09	0.0001810954361	8.660753852e-09	
1.697510473e-06	0.9986362222	9.8121607e-09	0.00136206098	9.519912331e-09	
8.045290904e-09	0.9997366195	8.882314818e-09	0.0002633548721	8.700852769e-09	
7.078122477e-06	0.9965057441	1.10861543e-08	0.003487155679	1.099129443e-08	
1.41900233e-06	0.9998308767	8.972228022e-09	0.0001676866033	8.686887693e-09	
8.062609193e-09	0.99970842	8.896797116e-09	0.000291554474	8.613837649e-09	
5.201809315e-07	0.9998093572	8.909535833e-09	0.0001901050182	8.721956358e-09	
1.029761394e-06	0.9998438769	8.934134541e-09	0.0001550756548	8.746546302e-09	
8.017454464e-09	0.999806232	8.845424567e-09	0.0001937424956	8.672629296e-09	
8.035594828e-09	0.999788994	8.854372236e-09	0.0002109805026	8.573562137e-09	
1.684333691e-06	0.9984117721	9.824725851e-09	0.001586524301	9.422234592e-09	
7.090696803e-06	0.9947503444	1.112631624e-08	0.005242542605	1.115967344e-08	
1.423910871e-06	0.999746037	9.019856708e-09	0.0002525212061	8.834779334e-09	
8.08999195e-09	0.9995609464	8.943464878e-09	0.0004390277587	8.759936635e-09	
5.219743956e-07	0.9997131821	8.956730147e-09	0.0002862781114	8.870344439e-09	
1.033330088e-06	0.9997654171	8.981618334e-09	0.0002335317227	8.895510388e-09	
8.045082009e-09	0.999708219	8.892262929e-09	0.0002917552323	8.820161949e-09	
8.063214555e-09	0.9996822633	8.90118034e-09	0.0003177110342	8.719333477e-09	
0.001251343772	0.9954086425	1.124532224e-08	0.003339991361	1.114808414e-08	
7.10217251e-06	0.994192064	1.113851692e-08	0.005800811669	1.104217925e-08	
0.0004588889455	0.9957531739	1.117085259e-08	0.003787914755	1.119720373e-08	
0.0009086209524	0.9960007537	1.120409297e-08	0.003090602936	1.123117628e-08	
7.075478209e-06	0.9961310324	1.109471252e-08	0.003861869849	1.113813769e-08	
7.089173013e-06	0.995788786	1.110231116e-08	0.004204102688	1.100731381e-08	
0.2957447706	0.70416445	4.327450268e-08	9.069648775e-05	3.955439214e-08	
1.426977632e-06	0.9997189942	9.034573718e-09	0.0002795610806	8.746434969e-09	
9.205662146e-05	0.9997256578	9.046656604e-09	0.0001822676646	8.855382939e-09	
0.0001822206713	0.9996690925	9.070807432e-09	0.0001486688917	8.879540019e-09	
1.418980129e-06	0.9998127913	8.98236953e-09	0.0001857719524	8.806096255e-09	
1.42219173e-06	0.9997962592	8.991462076e-09	0.0002023009327	8.705510654e-09	
0.07742154969	0.9225726687	4.573316096e-08	5.695046194e-06	4.082158194e-08	
5.230967126e-07	0.9996825276	8.971311739e-09	0.0003169315171	8.781612703e-09	
1.035557739e-06	0.9997404079	8.996291258e-09	0.0002585387366	8.806576655e-09	
8.062375325e-09	0.9996769794	8.906734353e-09	0.000322994915	8.731927085e-09	
8.080524383e-09	0.9996482454	8.915641491e-09	0.0003517289559	8.632083281e-09	
6.680666684e-05	0.9997646109	9.008480984e-09	0.0001685645168	8.916430191e-09	
5.201715352e-07	0.9997888543	8.919584908e-09	0.0002106077307	8.841624779e-09	
5.213476969e-07	0.999770115	8.928594184e-09	0.0002293459574	8.740614062e-09	
0.0298455604	0.9701475592	4.775650706e-08	6.789519236e-06	4.310087546e-08	
1.029746684e-06	0.9998271513	8.944245158e-09	0.0001718011206	8.86658561e-09	
1.032078611e-06	0.9998118629	8.953310251e-09	0.0001870872849	8.765319988e-09	
0.05740275947	0.942591771	4.652654659e-08	5.380961937e-06	4.199326437e-08	
8.035431582e-09	0.9997662403	8.864339131e-09	0.0002337340973	8.691174963e-09	
0.657015062	5.54158443e-08	0.04735441358	0.2956303675	1.015834736e-07	
0.7332391696	5.022940559e-08	0.0006351928767	0.266125495	9.232764254e-08	
0.6178861242	3.351482747e-07	0.1336692949	0.2484441616	8.418253643e-08	
0.7161719579	5.309209772e-08	0.000671234716	0.2831566604	9.389663438e-08	
0.7316926077	5.048849245e-08	0.0006406499117	0.2676666026	8.926209678e-08	
0.0008689425805	5.718260121e-08	0.6974258198	0.3017050797	1.00666278e-07	
0.0008770001843	5.679217078e-08	0.6967487242	0.3023741179	1.008651156e-07	
0.09711820109	5.797936483e-08	0.59558441	0.3072972284	1.025011901e-07	
0.2255181007	5.36264965e-08	0.4939702532	0.2805114981	9.431926524e-08	
0.4720684361	5.74086378e-08	0.2203822608	0.30754914	1.056872328e-07	
0.4122665482	5.798851943e-08	0.2770975334	0.3106357537	1.067627726e-07	
0.4597109826	5.425360119e-08	0.2515894368	0.2886994299	9.6356505e-08	
0.005212389911	3.271717422e-09	5.176176545e-07	0.994787083	6.207320916e-09	
0.00470681698	2.339280854e-08	0.0001167246954	0.9951764289	6.064878288e-09	
4.411785134e-06	3.048529426e-09	4.467916367e-07	0.9999951328	5.525161435e-09	
0.00478689577	3.251569592e-09	5.143080144e-07	0.9952125807	5.935644726e-09	
0.005171660198	3.269792753e-09	5.190800145e-07	0.9948278115	5.966911721e-09	
5.474378954e-06	3.300913885e-09	0.0005036792069	0.9994908371	5.998035103e-09	
5.512925832e-06	3.271127284e-09	0.000502077628	0.9994924002	5.996594325e-09	
0.001525978435	3.324856645e-09	0.000383159864	0.9980908523	6.035991417e-09	
0.0001459150475	2.784637904e-05	6.956535747e-07	0.9998255338	9.134351497e-09	
0.002910077228	3.242674099e-09	0.0001557357821	0.9969341776	6.16173891e-09	
0.002517069812	3.244036214e-09	0.0001939376133	0.9972889832	6.164789066e-09	
0.003018499672	3.264084052e-09	0.0001893698693	0.9967921212	5.983682018e-09	
0.005829352091	2.353038838e-08	1.737522952e-06	0.9941688807	6.117210452e-09	
5.469491816e-06	3.069564535e-09	6.657520066e-09	0.9999945152	5.578480919e-09	
0.005927737378	3.270256293e-09	7.654786818e-09	0.9940722457	5.986062379e-09	
0.006403611164	3.288281214e-09	7.725099899e-09	0.9935963718	6.017040574e-09	
6.838003536e-06	3.295325872e-09	7.485018301e-06	0.9999856676	6.057455007e-09	
0.0007445540788	3.307876856e-09	6.291091283e-06	0.9992491455	6.052629576e-09	
0.0001808914311	2.803757171e-05	1.036539269e-08	0.9997910514	9.222188387e-09	
0.003605795557	3.263274751e-09	2.319315434e-06	0.9963918756	6.217821256e-09	
0.003119242089	3.265075801e-09	2.888621856e-06	0.9968778598	6.22171909e-09	
0.003740165471	3.284844159e-09	2.820235585e-06	0.996257005	6.038186825e-09	
4.937044293e-06	2.193880555e-08	1.500706568e-06	0.9999935349	5.448330866e-09	
0.00535376562	2.338666818e-08	1.726500677e-06	0.9946444786	5.849774339e-09	
6.118884399e-06	2.372692746e-08	0.001689777376	0.9983040741	5.907615553e-09	
6.161992673e-06	2.351291037e-08	0.001684410638	0.9983093979	5.906218755e-09	
0.000671174477	2.361047276e-08	0.001416212507	0.9979125835	5.903516162e-09	
0.003254227926	2.331936245e-08	0.0005227209892	0.9962230217	6.071731754e-09	
0.002814620937	2.332814808e-08	0.0006509157455	0.9965344339	6.074474389e-09	
0.003375161466	2.347116636e-08	0.0006355538858	0.9959892553	5.895732339e-09	
0.01124011674	0.003373064656	1.703952559e-05	0.9853697142	6.486087025e-08	
5.020864806e-06	3.049358675e-09	6.612126757e-09	0.9999949641	5.332048938e-09	
5.426531166e-06	3.067633326e-09	6.676055677e-09	0.9999945584	5.362207354e-09	
5.717363894e-09	3.082379251e-09	6.44775196e-06	0.9999935381	5.365023792e-09	
5.757612822e-09	3.054559936e-09	6.427239737e-06	0.9999935586	5.36372679e-09	
6.27378377e-07	3.068455152e-09	5.406021682e-06	0.9999939582	5.363406456e-09	
1.59594563e-06	3.109091627e-09	4.911826617e-06	0.9999934837	5.406546977e-09	
1.523375951e-07	2.599361281e-05	8.902118231e-09	0.999973837	8.167448522e-09	
3.047041963e-06	3.03576482e-09	1.998736996e-06	0.9999949457	5.525592895e-09	
2.634599541e-06	3.0359593e-09	2.488139465e-06	0.9999948687	5.52636091e-09	
3.161016079e-06	3.056242468e-09	2.430747086e-06	0.9999943998	5.366680617e-09	
0.005881450983	3.268350854e-09	7.676456068e-09	0.9941185323	5.754254856e-09	
6.233247023e-06	3.303449103e-09	7.457709534e-06	0.9999862999	5.791265351e-09	
6.277127394e-06	3.27363444e-09	7.433984033e-06	0.9999862798	5.789865069e-09	
0.0006835245937	3.286301636e-09	6.248575488e-06	0.9993102178	5.785602845e-09	
0.001736941124	3.326316507e-09	5.671379026e-06	0.9982573783	5.825997519e-09	
0.0001660564979	2.78534162e-05	1.029486784e-08	0.999806071	8.814922404e-09	
0.003311013326	3.242751443e-09	2.304182019e-06	0.9966866733	5.94490182e-09	
0.002864122416	3.244411659e-09	2.869659197e-06	0.9971329987	5.948391125e-09	
0.00343443606	3.264221196e-09	2.801864591e-06	0.996562753	5.773215769e-09	
6.736868007e-06	3.32324594e-09	7.529812635e-06	0.9999857242	5.824020135e-09	
6.784293711e-06	3.293252593e-09	7.505857725e-06	0.9999857007	5.822611914e-09	
0.0007387101826	3.305814847e-09	6.30864321e-06	0.9992549721	5.818007293e-09	
0.001877016455	3.345782582e-09	5.725410898e-06	0.9981172489	5.858129673e-09	
0.0001794708524	2.801997105e-05	1.039426613e-08	0.9997924899	8.86466336e-09	
0.003577574637	3.261313876e-09	2.325838541e-06	0.9964200903	5.976929926e-09	
0.003094817368	3.263101368e-09	2.89673507e-06	0.9969022767	5.980653883e-09	
0.00371089681	3.282873783e-09	2.828170518e-06	0.9962862659	5.804261024e-09	
7.096559555e-09	3.285317484e-09	0.007197113926	0.9928028699	5.783830673e-09	
7.741611161e-07	3.304036882e-09	0.006060494674	0.9939387221	5.790099742e-09	
1.970426599e-06	3.349646598e-09	0.005509518946	0.9944885014	5.839903589e-09	
3.774336357e-06	3.281357796e-09	0.002249294387	0.997746922	5.988038402e-09	
3.261654154e-06	3.279763596e-09	0.00279850766	0.9971982214	5.985577636e-09	
3.913613718e-06	3.30188815e-09	0.002734132199	0.9972619451	5.813002768e-09	
7.796260436e-07	3.274280091e-09	0.006041330755	0.9939578806	5.788811438e-09	
1.984332661e-06	3.31947319e-09	0.005492087596	0.9945059189	5.83859392e-09	
3.800933837e-06	3.251765761e-09	0.002242154649	0.9977540352	5.986633342e-09	
3.284644549e-06	3.250191629e-09	0.002789629487	0.9972070766	5.984183631e-09	
3.94119875e-06	3.272116011e-09	0.002725457684	0.997270592	5.811647738e-09	
0.0002163652091	3.336769082e-09	0.00462249657	0.995161129	5.842089301e-09	
2.075232277e-05	2.803170786e-05	8.418160633e-06	0.9999427889	8.867983932e-09	
0.0004141462426	3.266380008e-09	0.001885798013	0.9977000465	5.985949496e-09	
0.0003579429245	3.265264825e-09	0.002346594899	0.9972954529	5.98435416e-09	
0.0004294558518	3.287024345e-09	0.002292428642	0.9972781064	5.811342119e-09	
0.001053027508	3.30809441e-09	0.00171260759	0.9972343556	6.031283797e-09	
0.0009102396045	3.307391084e-09	0.002131359787	0.9969583913	6.030453295e-09	
0.001091969208	3.329047436e-09	0.002081921704	0.9968260999	5.855433265e-09	
0.0006060268146	0.9991274772	2.707460007e-08	0.0002368647201	2.960420744e-05	
0.0006012276725	0.9991895798	2.484773604e-08	0.0002091435897	2.411125105e-08	
1.196410981e-06	0.9998098206	2.24190492e-08	0.0001889387606	2.181798898e-08	
6.961312985e-05	0.8021555619	2.0287818e-08	0.1977747852	1.951578254e-08	
0.001738621397	3.230792775e-09	0.0008676775074	0.9973936917	6.165918941e-09	
0.002085331777	3.251314734e-09	0.0008473863063	0.9970672727	5.985802251e-09	
0.001803199793	3.251766436e-09	0.00105495278	0.9971418382	5.987082401e-09	
4.485095679e-08	0.9999999302	8.610951271e-09	7.931998789e-09	8.373402583e-09	
1.096821422e-06	0.9999988781	8.649785268e-09	7.970989082e-09	8.411981492e-09	
4.811656055e-05	0.9999404878	1.041113478e-08	1.029329798e-08	1.137491641e-05	
4.792780443e-05	0.9999520446	9.558445044e-09	8.778442616e-09	9.267138223e-09	
4.77331183e-05	0.999952239	9.554345753e-09	9.088178199e-09	9.263873807e-09	
7.444929997e-08	0.9999999007	8.613766502e-09	7.926559937e-09	8.35934997e-09	
9.493195494e-08	0.9999998799	8.615540083e-09	8.205490118e-09	8.377969831e-09	
6.884531607e-06	0.9999823909	9.717439854e-09	1.070546633e-05	9.340309087e-09	
3.238119744e-08	0.9999999427	8.60940494e-09	7.931222862e-09	8.371832963e-09	
3.683504248e-07	0.9999996066	8.64280888e-09	7.963855651e-09	8.403175023e-09	
1.615970375e-05	0.9999724562	1.040306279e-08	1.028440755e-08	1.136336306e-05	
1.609630875e-05	0.9999838761	9.551032858e-09	8.770859379e-09	9.257724441e-09	
1.088670262e-08	0.9999999642	8.602462825e-09	7.925641876e-09	8.364930816e-09	
1.603092234e-05	0.9999839412	9.546935511e-09	9.080326224e-09	9.254462145e-09	
2.500262314e-08	0.9999999501	8.606813321e-09	7.919460888e-09	8.35059293e-09	
3.188140018e-08	0.9999999429	8.608585587e-09	8.19814137e-09	8.369193399e-09	
2.312071833e-06	0.999986973	9.709639779e-09	1.069592697e-05	9.330566712e-09	
1.087471412e-08	0.9999999642	8.602455039e-09	7.924119415e-09	8.363062612e-09	
0.0003950330794	0.9995935347	1.044603008e-08	1.03310559e-08	1.141140388e-05	
0.0003934839584	0.9996064883	9.590495804e-09	8.810656081e-09	9.296877576e-09	
2.662324064e-07	0.9999997088	8.641265424e-09	7.964607267e-09	8.403477387e-09	
0.0003918861488	0.9996080858	9.586396223e-09	9.121541078e-09	9.29361573e-09	
6.114345687e-07	0.9999993636	8.645632681e-09	7.958393256e-09	8.389070653e-09	
7.796536753e-07	0.9999991951	8.647411545e-09	8.238442412e-09	8.407755473e-09	
5.653825729e-05	0.9999326947	9.752909537e-09	1.074793143e-05	9.373056652e-09	
2.659392299e-07	0.9999997091	8.641257605e-09	7.963077323e-09	8.401600577e-09	
0.01697620207	0.9830114119	1.135242535e-08	1.118936479e-08	1.236351244e-05	
1.167979011e-05	0.9999769357	1.040125052e-08	1.02854232e-08	1.136382168e-05	
0.01690840635	0.9830792107	1.134833712e-08	1.158496324e-08	1.236000732e-05	
3.420316455e-05	0.9999544064	1.040841927e-08	1.063881725e-08	1.136935652e-05	
0.002474390138	0.9974991074	1.171100172e-08	1.384631873e-05	1.264440081e-05	
1.166692844e-05	0.9999769511	1.040124126e-08	1.02834476e-08	1.136128389e-05	
0.9786531946	0.02126575536	8.024750719e-06	6.083996538e-08	7.296442321e-05	
1.163396975e-05	0.9999883385	9.549368847e-09	8.771725406e-09	9.258097922e-09	
0.01684321038	0.9831567593	1.041959037e-08	9.880679844e-09	1.007036919e-08	
2.671840939e-05	0.999973254	9.554054232e-09	8.764752491e-09	9.242089821e-09	
3.406898714e-05	0.9999659031	9.55595137e-09	9.07311158e-09	9.262608024e-09	
0.002464715045	0.9975234552	1.075198884e-08	1.180872027e-05	1.030151886e-08	
1.162115851e-05	0.9999883513	9.549360326e-09	8.770040531e-09	9.256030359e-09	
0.9786429611	0.02134953069	7.396448356e-06	5.209000359e-08	5.967756307e-08	
1.158671003e-05	0.9999883854	9.545272041e-09	9.081222643e-09	9.254835326e-09	
1.807112858e-08	0.9999999571	8.605275474e-09	7.920207561e-09	8.350892608e-09	
2.304289753e-08	0.9999999518	8.60704744e-09	8.198914333e-09	8.369493761e-09	
1.671095613e-06	0.9999876129	9.707911026e-09	1.069694219e-05	9.330907464e-09	
7.859909551e-09	0.9999999673	8.600917937e-09	7.924866496e-09	8.363362705e-09	
2.660987503e-05	0.9999733623	9.549956e-09	9.074004254e-09	9.238833432e-09	
3.39305946e-05	0.9999660412	9.55185261e-09	9.393243634e-09	9.259344682e-09	
1.157395083e-05	0.9999883982	9.545263522e-09	9.079478319e-09	9.252768491e-09	
0.9785577185	0.02143474468	7.422784169e-06	5.414316565e-08	5.989464123e-08	
5.292078733e-08	0.9999999219	8.611400119e-09	8.192520099e-09	8.355147922e-09	
1.805122856e-08	0.9999999571	8.605267685e-09	7.918686144e-09	8.349027539e-09	
2.301752257e-08	0.9999999518	8.607039649e-09	8.197339379e-09	8.367624538e-09	
1.6692554e-06	0.9999876168	9.707902277e-09	1.069488742e-05	9.328823558e-09	
0.9998823473	6.575507826e-09	0.0001176233485	1.107447415e-08	1.166581615e-08	
0.9999357682	4.909306565e-09	6.420945714e-05	8.250541972e-09	9.167782401e-09	
0.9999611166	4.110367612e-09	3.886511311e-05	6.910196722e-09	7.279178208e-09	
0.9999631553	4.04606955e-09	3.682666781e-05	6.802411033e-09	7.165637069e-09	
0.999989853	1.012576415e-05	8.501844817e-09	6.393130513e-09	6.350099358e-09	
0.9999596589	4.156347844e-09	4.032260941e-05	6.987263627e-09	7.360360273e-09	
0.9999606884	4.12387281e-09	3.929322429e-05	6.932833648e-09	7.303023883e-09	
0.9998687266	7.003245426e-09	0.0001312414415	1.179488337e-08	1.312515535e-08	
0.9999537734	4.341384521e-09	4.620690427e-05	7.298615517e-09	8.088694289e-09	
0.9999609135	4.116773483e-09	3.906817948e-05	6.920934118e-09	7.290488951e-09	
0.9999441251	4.646428236e-09	5.585420961e-05	7.80850456e-09	8.22545217e-09	
0.999972634	4.141963706e-09	2.734888944e-05	6.33875651e-09	6.63816242e-09	
0.9999990015	1.534070458e-07	8.345442676e-07	4.927313341e-09	5.639328471e-09	
0.9998427605	7.818110765e-09	0.0001572046519	1.316727096e-08	1.387036341e-08	
0.4987189042	5.601325681e-09	0.5012810703	9.424201043e-09	1.047192217e-08	
0.6217433448	5.846495803e-09	0.3782566291	9.840038117e-09	1.036546444e-08	
0.634328421	5.871518868e-09	0.3656715528	9.882603689e-09	1.04103028e-08	
0.6130468299	5.829214045e-09	0.3869531442	9.810624144e-09	1.033447992e-08	
0.6191634289	5.84136813e-09	0.3808365451	9.831312174e-09	1.035627258e-08	
0.3273754521	5.245530511e-09	0.672624524	8.844537229e-09	9.842058913e-09	
0.5802780403	5.76330244e-09	0.4197219334	9.700073731e-09	1.075011266e-08	
0.6205169361	5.844058185e-09	0.3794830379	9.835890089e-09	1.036109493e-08	
0.5335220307	5.671302376e-09	0.4664779441	9.541635667e-09	1.005112762e-08	
0.7002286731	6.635062368e-09	0.2997712995	1.016562727e-08	1.064579335e-08	
0.2889240574	5.168217267e-09	0.7110759196	8.714171613e-09	9.179482968e-09	
0.7506992076	5.270090895e-09	0.2493007685	8.850906537e-09	9.834890854e-09	
0.760645496	5.256373774e-09	0.2393544801	8.828271265e-09	9.809739071e-09	
0.9999100483	1.729210019e-05	7.263724265e-05	1.090670104e-08	1.142747312e-08	
0.743745554	5.279689539e-09	0.256254422	8.866730962e-09	9.852474592e-09	
0.748643259	5.272928106e-09	0.2513567171	8.855585287e-09	9.840089773e-09	
0.4713590998	5.638490503e-09	0.528640874	9.486741365e-09	1.113570484e-08	
0.7169343304	5.31596733e-09	0.2830656449	8.928005282e-09	1.043715717e-08	
0.7497226018	5.271438532e-09	0.2502773742	8.853129015e-09	9.83736042e-09	
0.6769258825	5.372039741e-09	0.323074093	9.018779187e-09	1.002142582e-08	
0.8105791075	5.734138469e-09	0.1894208683	8.766492374e-09	9.684105526e-09	
0.4267252099	5.698663455e-09	0.5732747641	9.587974404e-09	1.065390408e-08	
0.8400097315	4.860016704e-09	0.1599902469	8.165346379e-09	8.601348039e-09	
0.9999415371	1.447807835e-05	4.396660733e-05	9.134904457e-09	9.073418249e-09	
0.8274421866	4.917803425e-09	0.1725577915	8.261782012e-09	8.702933123e-09	
0.8311034926	4.90096433e-09	0.1688964856	8.233687559e-09	8.673338485e-09	
0.5956541593	5.965606992e-09	0.4043458135	1.004052144e-08	1.117292903e-08	
0.8071168894	5.010589965e-09	0.1928830878	8.417990295e-09	9.329241325e-09	
0.8319082488	4.897263549e-09	0.1680917294	8.227512372e-09	8.666833556e-09	
0.7758700178	5.15509377e-09	0.2241299592	8.657500548e-09	9.119781051e-09	
0.8760838041	5.188811871e-09	0.1239161745	7.935476856e-09	8.310301974e-09	
0.9957023238	2.184134405e-07	0.004297442731	7.010541401e-09	8.023590211e-09	
0.5515298732	6.166564131e-09	0.4484700993	1.037873755e-08	1.093293002e-08	
0.9999440699	1.425160628e-05	4.166061317e-05	8.992422078e-09	8.931894839e-09	
0.8349996492	4.88507901e-09	0.1650003291	8.20717964e-09	8.645415105e-09	
0.8385318935	4.867408693e-09	0.1614680848	8.177686079e-09	8.614346652e-09	
0.6085607647	5.99951582e-09	0.391439208	1.009805221e-08	1.123694825e-08	
0.8153658994	4.982608525e-09	0.1846340779	8.371361637e-09	9.277565025e-09	
0.8393080985	4.863526125e-09	0.1606918798	8.1712049e-09	8.607519392e-09	
0.7850995519	5.134806978e-09	0.2149004253	8.623823539e-09	9.084305739e-09	
0.8818152041	5.141047889e-09	0.1181847746	7.862787418e-09	8.234179055e-09	
0.9959268152	2.150448561e-07	0.004072954945	6.902732401e-09	7.900202358e-09	
0.5648159129	6.216313794e-09	0.4351840594	1.046294607e-08	1.102163494e-08	
0.9999397262	1.464003081e-05	4.561540072e-05	9.236779453e-09	9.174607589e-09	
0.9999410052	1.452564663e-05	4.445090843e-05	9.164828292e-09	9.103140685e-09	
0.9999324165	1.529176936e-05	5.227200032e-05	9.648355839e-09	1.008245351e-08	
0.9999412848	1.450064124e-05	4.419632633e-05	9.149098261e-09	9.087516523e-09	
0.9999204278	1.63661943e-05	6.318545841e-05	1.032237608e-08	1.025289646e-08	
0.9999544552	1.458939071e-05	3.093878987e-05	8.379503297e-09	8.274410476e-09	
0.8258723256	4.92460274e-09	0.1741276525	8.273124125e-09	8.714880882e-09	
0.5867564973	5.942240464e-09	0.4132434757	1.000085999e-08	1.112879449e-08	
0.8013203952	5.030260546e-09	0.1986795819	8.450755433e-09	9.365553358e-09	
0.8266968098	4.921031695e-09	0.1733031683	8.2671673e-09	8.708605974e-09	
0.7694027817	5.16931749e-09	0.2305971953	8.681098049e-09	9.144638633e-09	
0.8720312844	5.222593135e-09	0.127968694	7.986873291e-09	8.364126124e-09	
0.9955418731	2.208214338e-07	0.004457890892	7.087595445e-09	8.111778895e-09	
0.5424071614	6.13241421e-09	0.4575928113	1.032091628e-08	1.087202134e-08	
0.5930127804	5.958669487e-09	0.4069871925	1.002874749e-08	1.115982719e-08	
0.8054056037	5.016396535e-09	0.1945943735	8.427663499e-09	9.339961673e-09	
0.8303706888	4.904275284e-09	0.1696292894	8.239212014e-09	8.679157934e-09	
0.7739591455	5.159295697e-09	0.2260408315	8.664472922e-09	9.127125742e-09	
0.8748895549	5.198766217e-09	0.1251104237	7.950623051e-09	8.326163601e-09	
0.9956551892	2.191207896e-07	0.004344576573	7.033177103e-09	8.049496869e-09	
0.5488185829	6.156413802e-09	0.4511813896	1.036155297e-08	1.091482786e-08	
0.5533832911	5.853791911e-09	0.4466166816	9.852385469e-09	1.153448377e-08	
0.5943983446	5.962308542e-09	0.4056016283	1.003492364e-08	1.116669991e-08	
0.5061808889	5.730759107e-09	0.493819085	9.641679031e-09	1.0729103e-08	
0.6767382637	6.829702956e-09	0.3232617074	1.046384934e-08	1.157588263e-08	
0.2669446034	5.08574015e-09	0.7330553734	8.575115975e-09	9.542252436e-09	
0.8063042682	5.013347197e-09	0.193695709	8.422583717e-09	9.334331993e-09	
0.7443532841	5.223691091e-09	0.2556466922	8.772753591e-09	9.72240728e-09	
0.8560443243	5.355121185e-09	0.1439556532	8.189867846e-09	9.023326344e-09	
0.9948946117	2.305035912e-07	0.00510514148	7.398648254e-09	8.908725079e-09	
0.5084527889	6.004483054e-09	0.4915471838	1.010600217e-08	1.119998447e-08	
0.7749624572	5.157089379e-09	0.2250375198	8.66081205e-09	9.123269384e-09	
0.8755169287	5.193536832e-09	0.1244830499	7.942666317e-09	8.31783103e-09	
0.9956799659	2.18748963e-07	0.004319800321	7.021278481e-09	8.035878845e-09	
0.5502404927	6.16173695e-09	0.4497594798	1.037056526e-08	1.092432136e-08	
0.8310646394	5.564203768e-09	0.1689353376	8.506423849e-09	8.90821657e-09	
0.4611258813	5.828269948e-09	0.5388740927	9.805727595e-09	1.032932245e-08	
0.9969718887	2.20370458e-07	0.003027877129	6.438928563e-09	7.326265486e-09	
0.6360559814	7.166220632e-09	0.3639439889	1.097942222e-08	1.149802872e-08	
