4.616420481e-09	4.535976368e-09	0.9999999833	4.36537544e-09	3.18177002e-09	
4.616420481e-09	4.535976392e-09	0.9999999833	4.365375463e-09	3.181770024e-09	
4.616420481e-09	4.535976392e-09	0.9999999833	4.365375463e-09	3.181770024e-09	
4.616420481e-09	4.535976368e-09	0.9999999833	4.36537544e-09	3.18177002e-09	
4.61675249e-09	4.968574873e-09	0.9999999828	4.365686943e-09	3.276948124e-09	
4.616420481e-09	4.535976368e-09	0.9999999833	4.36537544e-09	3.18177002e-09	
4.616473899e-09	4.536028669e-09	0.9999999832	4.451558766e-09	3.181805385e-09	
4.616420481e-09	4.535976392e-09	0.9999999833	4.365375463e-09	3.181770024e-09	
4.616473899e-09	4.536028669e-09	0.9999999832	4.451558766e-09	3.181805385e-09	
4.616420481e-09	4.535976368e-09	0.9999999833	4.36537544e-09	3.18177002e-09	
4.616473899e-09	4.536028669e-09	0.9999999832	4.451558766e-09	3.181805385e-09	
4.616420481e-09	4.535976392e-09	0.9999999833	4.365375463e-09	3.181770024e-09	
4.616473899e-09	4.536028669e-09	0.9999999832	4.451558766e-09	3.181805385e-09	
1.498739508e-08	1.464424787e-08	0.9998587179	0.0001412421905	1.027220725e-08	
4.616367063e-09	4.535924092e-09	0.9999999834	4.280860667e-09	3.181734659e-09	
4.616367063e-09	4.535924092e-09	0.9999999834	4.280860667e-09	3.181734659e-09	
4.616367063e-09	4.535924067e-09	0.9999999834	4.280860645e-09	3.181734655e-09	
4.616699068e-09	4.968517584e-09	0.9999999829	4.281166117e-09	3.276911702e-09	
4.616367063e-09	4.535924067e-09	0.9999999834	4.280860645e-09	3.181734655e-09	
4.616420481e-09	4.535976368e-09	0.9999999833	4.36537544e-09	3.18177002e-09	
4.616367063e-09	4.535924092e-09	0.9999999834	4.280860667e-09	3.181734659e-09	
4.616420481e-09	4.535976368e-09	0.9999999833	4.36537544e-09	3.18177002e-09	
4.616367063e-09	4.535924067e-09	0.9999999834	4.280860645e-09	3.181734655e-09	
4.616420481e-09	4.535976368e-09	0.9999999833	4.36537544e-09	3.18177002e-09	
4.616367063e-09	4.535924092e-09	0.9999999834	4.280860667e-09	3.181734659e-09	
4.616420481e-09	4.535976368e-09	0.9999999833	4.36537544e-09	3.18177002e-09	
4.616367063e-09	4.535924116e-09	0.9999999834	4.28086069e-09	3.181734663e-09	
4.616367063e-09	4.535924092e-09	0.9999999834	4.280860667e-09	3.181734659e-09	
4.616699068e-09	4.968517611e-09	0.9999999829	4.28116614e-09	3.276911705e-09	
4.616367063e-09	4.535924092e-09	0.9999999834	4.280860667e-09	3.181734659e-09	
4.616420481e-09	4.535976392e-09	0.9999999833	4.365375463e-09	3.181770024e-09	
4.616367063e-09	4.535924116e-09	0.9999999834	4.28086069e-09	3.181734663e-09	
4.616420481e-09	4.535976392e-09	0.9999999833	4.365375463e-09	3.181770024e-09	
4.616367063e-09	4.535924092e-09	0.9999999834	4.280860667e-09	3.181734659e-09	
4.616420481e-09	4.535976392e-09	0.9999999833	4.365375463e-09	3.181770024e-09	
4.616420481e-09	4.535976392e-09	0.9999999833	4.365375463e-09	3.181770024e-09	
4.616367063e-09	4.535924092e-09	0.9999999834	4.280860667e-09	3.181734659e-09	
4.616699068e-09	4.968517611e-09	0.9999999829	4.28116614e-09	3.276911705e-09	
4.616367063e-09	4.535924092e-09	0.9999999834	4.280860667e-09	3.181734659e-09	
4.616420481e-09	4.535976392e-09	0.9999999833	4.365375463e-09	3.181770024e-09	
4.616420481e-09	4.535976392e-09	0.9999999833	4.365375463e-09	3.181770024e-09	
4.616367063e-09	4.535924092e-09	0.9999999834	4.280860667e-09	3.181734659e-09	
4.616420481e-09	4.535976392e-09	0.9999999833	4.365375463e-09	3.181770024e-09	
4.616367063e-09	4.535924116e-09	0.9999999834	4.28086069e-09	3.181734663e-09	
4.616420481e-09	4.535976392e-09	0.9999999833	4.365375463e-09	3.181770024e-09	
4.616699068e-09	4.968517584e-09	0.9999999829	4.281166117e-09	3.276911702e-09	
4.616367063e-09	4.535924067e-09	0.9999999834	4.280860645e-09	3.181734655e-09	
4.616420481e-09	4.535976368e-09	0.9999999833	4.36537544e-09	3.18177002e-09	
4.616367063e-09	4.535924092e-09	0.9999999834	4.280860667e-09	3.181734659e-09	
4.616420481e-09	4.535976368e-09	0.9999999833	4.36537544e-09	3.18177002e-09	
4.616367063e-09	4.535924067e-09	0.9999999834	4.280860645e-09	3.181734655e-09	
4.616420481e-09	4.535976368e-09	0.9999999833	4.36537544e-09	3.18177002e-09	
4.616367063e-09	4.535924092e-09	0.9999999834	4.280860667e-09	3.181734659e-09	
4.616420481e-09	4.535976368e-09	0.9999999833	4.36537544e-09	3.18177002e-09	
4.616699068e-09	4.968517584e-09	0.9999999829	4.281166117e-09	3.276911702e-09	
4.61675249e-09	4.968574873e-09	0.9999999828	4.365686943e-09	3.276948124e-09	
4.616699068e-09	4.968517611e-09	0.9999999829	4.28116614e-09	3.276911705e-09	
4.61675249e-09	4.968574873e-09	0.9999999828	4.365686943e-09	3.276948124e-09	
4.616699068e-09	4.968517584e-09	0.9999999829	4.281166117e-09	3.276911702e-09	
4.61675249e-09	4.968574873e-09	0.9999999828	4.365686943e-09	3.276948124e-09	
4.616699068e-09	4.968517611e-09	0.9999999829	4.28116614e-09	3.276911705e-09	
4.61675249e-09	4.968574873e-09	0.9999999828	4.365686943e-09	3.276948124e-09	
6.812495881e-08	0.0006666890489	0.9991201986	6.377834262e-08	0.0002129804556	
4.616420481e-09	4.535976368e-09	0.9999999833	4.36537544e-09	3.18177002e-09	
4.616367063e-09	4.535924092e-09	0.9999999834	4.280860667e-09	3.181734659e-09	
4.616420481e-09	4.535976368e-09	0.9999999833	4.36537544e-09	3.18177002e-09	
4.616367063e-09	4.535924067e-09	0.9999999834	4.280860645e-09	3.181734655e-09	
4.616420481e-09	4.535976368e-09	0.9999999833	4.36537544e-09	3.18177002e-09	
4.616367063e-09	4.535924092e-09	0.9999999834	4.280860667e-09	3.181734659e-09	
4.616420481e-09	4.535976368e-09	0.9999999833	4.36537544e-09	3.18177002e-09	
4.616420481e-09	4.535976392e-09	0.9999999833	4.365375463e-09	3.181770024e-09	
4.616473899e-09	4.536028669e-09	0.9999999832	4.451558766e-09	3.181805385e-09	
4.616420481e-09	4.535976368e-09	0.9999999833	4.36537544e-09	3.18177002e-09	
4.616473899e-09	4.536028669e-09	0.9999999832	4.451558766e-09	3.181805385e-09	
4.616420481e-09	4.535976392e-09	0.9999999833	4.365375463e-09	3.181770024e-09	
4.616473899e-09	4.536028669e-09	0.9999999832	4.451558766e-09	3.181805385e-09	
1.498739508e-08	1.464424787e-08	0.9998587179	0.0001412421905	1.027220725e-08	
4.616420481e-09	4.535976392e-09	0.9999999833	4.365375463e-09	3.181770024e-09	
4.616367063e-09	4.535924092e-09	0.9999999834	4.280860667e-09	3.181734659e-09	
4.616420481e-09	4.535976392e-09	0.9999999833	4.365375463e-09	3.181770024e-09	
4.616367063e-09	4.535924116e-09	0.9999999834	4.28086069e-09	3.181734663e-09	
4.616420481e-09	4.535976392e-09	0.9999999833	4.365375463e-09	3.181770024e-09	
4.616420481e-09	4.535976368e-09	0.9999999833	4.36537544e-09	3.18177002e-09	
4.616473899e-09	4.536028669e-09	0.9999999832	4.451558766e-09	3.181805385e-09	
4.616420481e-09	4.535976392e-09	0.9999999833	4.365375463e-09	3.181770024e-09	
4.616473899e-09	4.536028669e-09	0.9999999832	4.451558766e-09	3.181805385e-09	
1.498739508e-08	1.464424787e-08	0.9998587179	0.0001412421905	1.027220725e-08	
4.616420481e-09	4.535976368e-09	0.9999999833	4.36537544e-09	3.18177002e-09	
4.616367063e-09	4.535924092e-09	0.9999999834	4.280860667e-09	3.181734659e-09	
4.616420481e-09	4.535976368e-09	0.9999999833	4.36537544e-09	3.18177002e-09	
4.616420481e-09	4.535976392e-09	0.9999999833	4.365375463e-09	3.181770024e-09	
4.616473899e-09	4.536028669e-09	0.9999999832	4.451558766e-09	3.181805385e-09	
1.498739508e-08	1.464424787e-08	0.9998587179	0.0001412421905	1.027220725e-08	
4.616420481e-09	4.535976392e-09	0.9999999833	4.365375463e-09	3.181770024e-09	
1.498739508e-08	1.464424787e-08	0.9998587179	0.0001412421905	1.027220725e-08	
2.681035599e-08	0.000634845405	2.737643049e-08	2.566368056e-08	0.9993650747	
8.214351438e-09	0.9140627352	8.372450512e-09	7.699174654e-09	0.0859372405	
8.227334221e-09	0.9134284556	8.38570371e-09	7.711343206e-09	0.08657152012	
1.339123686e-08	0.8809169304	1.365758615e-08	6.060645219e-05	0.1190224361	
2.681035599e-08	0.0006348454256	2.737643049e-08	2.566368056e-08	0.9993650747	
8.586817554e-09	0.8958677025	8.748822926e-09	8.125285159e-09	0.1041322721	
9.713253533e-09	0.9348097923	7.937671996e-09	7.302090427e-09	0.06519018271	
9.250952643e-09	0.8959338499	9.306250253e-06	8.753753812e-09	0.1040568258	
8.249873055e-09	0.912330192	8.408712291e-09	7.826115364e-09	0.08766978353	
8.052302482e-09	0.9219820963	8.205674986e-09	7.628736951e-09	0.07801787977	
8.391281841e-09	0.9054187277	8.554859917e-09	7.865008112e-09	0.09458124747	
2.425122915e-08	0.0005535182633	2.476831985e-08	2.296724748e-08	0.9994464097	
2.4111704e-08	0.0005490839833	2.462588003e-08	2.283510952e-08	0.9994508444	
2.854632247e-08	0.0003851766112	2.91733906e-08	0.0001305427149	0.999484223	
6.810213969e-09	3.30766598e-08	6.968165877e-09	6.586905309e-09	0.9999999466	
2.092351911e-08	0.000447756449	2.136168977e-08	2.000531569e-08	0.9995521813	
3.779555312e-08	0.0007460959956	3.094942694e-08	2.870962305e-08	0.9992538065	
2.255764199e-08	0.0004481038369	2.273869055e-05	2.156780128e-08	0.9995291133	
2.387505656e-08	0.0005415576137	2.438429023e-08	2.288483005e-08	0.9994583712	
2.618430913e-08	0.0006149488619	2.673737903e-08	2.506559291e-08	0.9993849732	
2.251070976e-08	0.0004982024155	2.299626292e-08	2.131887868e-08	0.9995017308	
1.778038421e-08	0.0003478646222	1.815922034e-08	1.703866414e-08	0.9996520824	
8.42817597e-09	0.9019486048	8.592163236e-09	7.815617951e-09	0.09805137033	
2.425122915e-08	0.0005535182812	2.476831985e-08	2.296724748e-08	0.9994464097	
8.774066657e-09	0.8823591094	8.941427755e-09	8.214216406e-09	0.1176408647	
9.981350931e-09	0.9259353255	8.158424531e-09	7.423874847e-09	0.07406464889	
9.452784269e-09	0.8824335955	9.511227441e-06	8.849657278e-09	0.1175568749	
8.259127293e-09	0.9115266418	8.418155457e-09	7.741507767e-09	0.0884733338	
8.58614185e-09	0.893001162	8.755303488e-09	7.962102434e-09	0.1069988127	
9.283331221e-09	0.853513299	9.463787321e-09	8.710694425e-09	0.1464866735	
2.4111704e-08	0.0005490840011	2.462588003e-08	2.283510952e-08	0.9994508444	
8.785684974e-09	0.8815211638	8.953289616e-09	8.225093396e-09	0.1184788102	
9.998084943e-09	0.9253815208	8.172122373e-09	7.436321186e-09	0.07461845355	
9.465307534e-09	0.8815961579	9.52385146e-06	8.861381514e-09	0.1183942999	
8.462361185e-09	0.8999985532	8.627071549e-09	7.942356417e-09	0.1000014217	
8.598249989e-09	0.8922297605	8.767671653e-09	7.973330562e-09	0.1077702142	
9.293459814e-09	0.8525042332	9.474136006e-09	8.720198249e-09	0.1474957393	
2.854632247e-08	0.0003851766237	2.91733906e-08	0.0001305427149	0.9994842229	
1.411512933e-08	0.8391524111	1.439344496e-08	6.380832594e-05	0.160783752	
1.520736537e-08	0.8392431562	1.5311042e-05	6.87460839e-05	0.1606727714	
1.36982474e-08	0.8632053586	1.397364582e-08	6.207976983e-05	0.136732534	
1.344985804e-08	0.8775350019	1.371748296e-08	6.087463533e-05	0.1224040963	
1.475738381e-08	0.8020978636	1.50537412e-08	6.68629576e-05	0.1978352436	
1.529054552e-08	9.379566523e-05	1.562963039e-08	0.9998693404	3.683305292e-05	
1.534263469e-08	9.373958609e-05	1.562627286e-08	0.999869405	3.682446821e-05	
1.529053692e-08	9.373939765e-05	1.562624145e-08	0.9998694053	3.682439723e-05	
1.529051829e-08	9.385884418e-05	1.556905311e-08	0.9998692676	3.684271089e-05	
2.092351911e-08	0.0004477564635	2.136168977e-08	2.000531569e-08	0.9995521812	
3.779555312e-08	0.0007460960198	3.094942694e-08	2.870962305e-08	0.9992538065	
2.255764199e-08	0.0004481038515	2.273869055e-05	2.156780128e-08	0.9995291133	
2.387505656e-08	0.0005415576313	2.438429023e-08	2.288483005e-08	0.9994583712	
2.618430913e-08	0.0006149488818	2.673737903e-08	2.506559291e-08	0.9993849731	
2.251070976e-08	0.0004982024317	2.299626292e-08	2.131887868e-08	0.9995017307	
1.778038421e-08	0.0003478646335	1.815922034e-08	1.703866414e-08	0.9996520824	
1.046271171e-08	0.9100065262	8.54868502e-09	7.85635428e-09	0.08999344689	
9.809553203e-09	0.8585793411	9.866522916e-06	9.271530183e-09	0.1414107733	
8.805851136e-09	0.880071264	8.973878793e-09	8.343814452e-09	0.1199287099	
8.628554971e-09	0.8928575949	8.79141808e-09	8.165164684e-09	0.1071423795	
8.931891962e-09	0.8709763173	9.104470403e-09	8.361970803e-09	0.1290236563	
9.570047722e-09	0.824953501	9.752440533e-09	9.065641069e-09	0.1750464706	
2.09183291e-08	0.000218787422	2.134514435e-08	1.958359466e-08	0.9997811507	
1.12718103e-08	0.9100636384	9.093259939e-06	8.463928122e-09	0.0899272486	
1.002713937e-08	0.9244223495	8.195905541e-09	7.548253131e-09	0.0755776247	
9.772745873e-09	0.9328409801	7.986352995e-09	7.34716156e-09	0.06715899482	
1.020967981e-08	0.9183788875	8.347076282e-09	7.593699617e-09	0.08162108633	
1.115569844e-08	0.8870722966	9.11815575e-09	8.395707287e-09	0.1129276748	
0.001418628802	0.9983848989	8.587795781e-08	7.835417248e-08	0.0001963080172	
9.487044437e-09	0.8801471343	9.545763554e-06	8.989296965e-09	0.1198433015	
9.2959401e-09	0.8929256255	9.351581388e-06	8.796738651e-09	0.1070650048	
9.622903927e-09	0.8710576074	9.684746447e-06	9.008922068e-09	0.1289326892	
1.031080209e-08	0.8250602431	1.037438918e-05	9.767386249e-09	0.1749293625	
2.255205116e-08	0.0002189572102	2.272108314e-05	2.111314659e-08	0.999758278	
8.294378581e-09	0.9097480178	8.454142297e-09	7.868706303e-09	0.09025195757	
9.311040777e-09	0.8507593528	9.492099282e-09	8.842503674e-09	0.1492406196	
8.434668215e-09	0.9026547078	8.599160808e-09	7.906046653e-09	0.09734526725	
9.156086312e-09	0.8661956676	9.332240552e-09	8.684013264e-09	0.1338043053	
1.777506546e-08	0.0001699685505	1.81442281e-08	1.66786291e-08	0.9998299789	
0.9999999829	4.61427898e-09	4.762501093e-09	4.447349739e-09	3.231723124e-09	
0.9999946493	5.337218047e-06	5.160507412e-09	4.71888694e-09	3.605503532e-09	
0.999999983	4.61448462e-09	4.762441691e-09	4.35461717e-09	3.231684503e-09	
0.999999983	4.61448462e-09	4.762441691e-09	4.35461717e-09	3.231684503e-09	
0.999999983	4.614791744e-09	4.762442056e-09	4.354890877e-09	3.231684745e-09	
0.999999983	4.614791744e-09	4.762442056e-09	4.354890877e-09	3.231684745e-09	
0.9999999829	4.614544572e-09	4.762503876e-09	4.451487026e-09	3.231724939e-09	
0.999999983	4.614791744e-09	4.762442056e-09	4.354890877e-09	3.231684745e-09	
0.999999983	4.610805554e-09	4.762439624e-09	4.354888675e-09	3.231683107e-09	
0.9999949464	5.000652114e-09	5.160648607e-09	5.039932905e-06	3.501886916e-09	
0.999999983	4.61448462e-09	4.762441691e-09	4.35461717e-09	3.231684503e-09	
0.999999983	4.614791744e-09	4.762442056e-09	4.354890877e-09	3.231684745e-09	
0.9999999829	4.61427898e-09	4.762501093e-09	4.447349739e-09	3.231723124e-09	
0.9999946494	5.336980201e-06	5.16057178e-09	4.819376719e-09	3.605546622e-09	
0.9999999829	4.61427898e-09	4.762501093e-09	4.447349739e-09	3.231723124e-09	
0.9999999829	4.61427898e-09	4.762501093e-09	4.447349739e-09	3.231723124e-09	
0.9999999829	4.614586091e-09	4.762501458e-09	4.447629276e-09	3.231723366e-09	
0.9999999829	4.614586091e-09	4.762501458e-09	4.447629276e-09	3.231723366e-09	
0.9999999828	4.61433893e-09	4.762563279e-09	4.546282462e-09	3.231763561e-09	
0.9999999829	4.614586091e-09	4.762501458e-09	4.447629276e-09	3.231723366e-09	
0.9999999829	4.610600079e-09	4.762499026e-09	4.447627027e-09	3.231721728e-09	
0.9999948391	5.000428729e-09	5.160712423e-09	5.147258878e-06	3.501928391e-09	
0.9999999829	4.61427898e-09	4.762501093e-09	4.447349739e-09	3.231723124e-09	
0.9999999829	4.614586091e-09	4.762501458e-09	4.447629276e-09	3.231723366e-09	
0.9999999828	4.61407335e-09	4.762560496e-09	4.54205707e-09	3.231761746e-09	
0.9998473585	1.551376371e-08	1.617760828e-08	0.0001525989066	1.087407525e-08	
0.9999946493	5.337218047e-06	5.160507412e-09	4.71888694e-09	3.605503532e-09	
0.9999946493	5.337218047e-06	5.160507412e-09	4.71888694e-09	3.605503532e-09	
0.9999946489	5.337573272e-06	5.160507806e-09	4.719183542e-09	3.605503801e-09	
0.9999946489	5.337573272e-06	5.160507806e-09	4.719183542e-09	3.605503801e-09	
0.9999946491	5.337287388e-06	5.160574794e-09	4.823860094e-09	3.605548646e-09	
0.9999946489	5.337573272e-06	5.160507806e-09	4.719183542e-09	3.605503801e-09	
0.9999887451	5.783863151e-06	5.591993354e-09	5.46152555e-06	3.906957712e-09	
0.9999946493	5.337218047e-06	5.160507412e-09	4.71888694e-09	3.605503532e-09	
0.9999946489	5.337573272e-06	5.160507806e-09	4.719183542e-09	3.605503801e-09	
0.9999946494	5.336980201e-06	5.16057178e-09	4.819376719e-09	3.605546622e-09	
0.999999983	4.61448462e-09	4.762441691e-09	4.35461717e-09	3.231684503e-09	
0.999999983	4.614791744e-09	4.762442056e-09	4.354890877e-09	3.231684745e-09	
0.999999983	4.614791744e-09	4.762442056e-09	4.354890877e-09	3.231684745e-09	
0.9999999829	4.614544572e-09	4.762503876e-09	4.451487026e-09	3.231724939e-09	
0.999999983	4.614791744e-09	4.762442056e-09	4.354890877e-09	3.231684745e-09	
0.999999983	4.610805554e-09	4.762439624e-09	4.354888675e-09	3.231683107e-09	
0.9999949464	5.000652114e-09	5.160648607e-09	5.039932905e-06	3.501886916e-09	
0.999999983	4.61448462e-09	4.762441691e-09	4.35461717e-09	3.231684503e-09	
0.999999983	4.614791744e-09	4.762442056e-09	4.354890877e-09	3.231684745e-09	
0.9999999829	4.61427898e-09	4.762501093e-09	4.447349739e-09	3.231723124e-09	
0.999999983	4.614791744e-09	4.762442056e-09	4.354890877e-09	3.231684745e-09	
0.999999983	4.614791744e-09	4.762442056e-09	4.354890877e-09	3.231684745e-09	
0.9999999829	4.614544572e-09	4.762503876e-09	4.451487026e-09	3.231724939e-09	
0.999999983	4.614791744e-09	4.762442056e-09	4.354890877e-09	3.231684745e-09	
0.999999983	4.610805554e-09	4.762439624e-09	4.354888675e-09	3.231683107e-09	
0.9999949464	5.000652114e-09	5.160648607e-09	5.039932905e-06	3.501886916e-09	
0.999999983	4.61448462e-09	4.762441691e-09	4.35461717e-09	3.231684503e-09	
0.999999983	4.614791744e-09	4.762442056e-09	4.354890877e-09	3.231684745e-09	
0.9999999829	4.61427898e-09	4.762501093e-09	4.447349739e-09	3.231723124e-09	
0.999999983	4.615098889e-09	4.762442422e-09	4.355164602e-09	3.231684987e-09	
0.9999999829	4.6148517e-09	4.762504241e-09	4.451766823e-09	3.231725181e-09	
0.999999983	4.615098889e-09	4.762442422e-09	4.355164602e-09	3.231684987e-09	
0.999999983	4.611112434e-09	4.762439989e-09	4.3551624e-09	3.231683349e-09	
0.9999949461	5.000984938e-09	5.160649002e-09	5.040249687e-06	3.501887177e-09	
0.999999983	4.614791744e-09	4.762442056e-09	4.354890877e-09	3.231684745e-09	
0.9999999829	4.614586091e-09	4.762501458e-09	4.447629276e-09	3.231723366e-09	
0.9999999829	4.6148517e-09	4.762504241e-09	4.451766823e-09	3.231725181e-09	
0.999999983	4.611112434e-09	4.762439989e-09	4.3551624e-09	3.231683349e-09	
0.9999949461	5.000984938e-09	5.160649002e-09	5.040249687e-06	3.501887177e-09	
0.999999983	4.614791744e-09	4.762442056e-09	4.354890877e-09	3.231684745e-09	
0.999999983	4.615098889e-09	4.762442422e-09	4.355164602e-09	3.231684987e-09	
0.9999999829	4.614586091e-09	4.762501458e-09	4.447629276e-09	3.231723366e-09	
0.9999999829	4.6148517e-09	4.762504241e-09	4.451766823e-09	3.231725181e-09	
0.9999999829	4.610865458e-09	4.762501809e-09	4.451764572e-09	3.231723543e-09	
0.9999999829	4.614544572e-09	4.762503876e-09	4.451487026e-09	3.231724939e-09	
0.9999999829	4.6148517e-09	4.762504241e-09	4.451766823e-09	3.231725181e-09	
0.9999999828	4.61433893e-09	4.762563279e-09	4.546282462e-09	3.231763561e-09	
0.9998472166	1.551465446e-08	1.617761543e-08	0.0001527408448	1.087407981e-08	
0.999999983	4.611112434e-09	4.762439989e-09	4.3551624e-09	3.231683349e-09	
0.9999949461	5.000984938e-09	5.160649002e-09	5.040249687e-06	3.501887177e-09	
0.999999983	4.614791744e-09	4.762442056e-09	4.354890877e-09	3.231684745e-09	
0.999999983	4.615098889e-09	4.762442422e-09	4.355164602e-09	3.231684987e-09	
0.9999999829	4.614586091e-09	4.762501458e-09	4.447629276e-09	3.231723366e-09	
0.9999949461	4.99666516e-09	5.160646366e-09	5.040247138e-06	3.501885402e-09	
0.999999983	4.610805554e-09	4.762439624e-09	4.354888675e-09	3.231683107e-09	
0.999999983	4.611112434e-09	4.762439989e-09	4.3551624e-09	3.231683349e-09	
0.9999999829	4.610600079e-09	4.762499026e-09	4.447627027e-09	3.231721728e-09	
0.9999949464	5.000652114e-09	5.160648607e-09	5.039932905e-06	3.501886916e-09	
0.9999949461	5.000984938e-09	5.160649002e-09	5.040249687e-06	3.501887177e-09	
0.9999948391	5.000428729e-09	5.160712423e-09	5.147258878e-06	3.501928391e-09	
0.001064016535	6.787143182e-08	7.009886554e-08	0.9989357979	4.756719544e-08	
0.999999983	4.614791744e-09	4.762442056e-09	4.354890877e-09	3.231684745e-09	
0.9999999829	4.61427898e-09	4.762501093e-09	4.447349739e-09	3.231723124e-09	
0.9999999829	4.614586091e-09	4.762501458e-09	4.447629276e-09	3.231723366e-09	
0.9998473585	1.551376371e-08	1.617760828e-08	0.0001525989066	1.087407525e-08	
6.803026167e-09	6.684478531e-09	6.909815801e-09	6.308593948e-09	0.9999999733	
6.803026167e-09	6.684478531e-09	6.909815801e-09	6.308593948e-09	0.9999999733	
6.803026167e-09	6.684478531e-09	6.909815801e-09	6.308593948e-09	0.9999999733	
6.803026167e-09	6.684478531e-09	6.909815801e-09	6.308593948e-09	0.9999999733	
6.803026167e-09	6.684478531e-09	6.909815801e-09	6.308593948e-09	0.9999999733	
6.803026166e-09	6.684477993e-09	6.90981578e-09	6.308593947e-09	0.9999999733	
6.803026167e-09	6.684478531e-09	6.909815801e-09	6.308593948e-09	0.9999999733	
6.803026166e-09	6.684477993e-09	6.90981578e-09	6.308593947e-09	0.9999999733	
6.803026166e-09	6.684477993e-09	6.90981578e-09	6.308593947e-09	0.9999999733	
6.803026167e-09	6.684478531e-09	6.909815801e-09	6.308593948e-09	0.9999999733	
6.803026167e-09	6.684478531e-09	6.909815801e-09	6.308593948e-09	0.9999999733	
6.803026167e-09	6.684478531e-09	6.909815801e-09	6.308593948e-09	0.9999999733	
6.803026167e-09	6.684478531e-09	6.909815801e-09	6.308593948e-09	0.9999999733	
6.803372384e-09	7.263996328e-09	6.931967215e-09	6.308912911e-09	0.9999999727	
6.803026167e-09	6.684478531e-09	6.909815801e-09	6.308593948e-09	0.9999999733	
6.803026167e-09	6.684478531e-09	6.909815801e-09	6.308593948e-09	0.9999999733	
6.803026167e-09	6.684478531e-09	6.909815801e-09	6.308593948e-09	0.9999999733	
6.803026167e-09	6.684478531e-09	6.909815801e-09	6.308593948e-09	0.9999999733	
6.803026166e-09	6.684477993e-09	6.90981578e-09	6.308593947e-09	0.9999999733	
6.803026167e-09	6.684478531e-09	6.909815801e-09	6.308593948e-09	0.9999999733	
6.803026166e-09	6.684477993e-09	6.90981578e-09	6.308593947e-09	0.9999999733	
6.803026166e-09	6.684477993e-09	6.90981578e-09	6.308593947e-09	0.9999999733	
6.803026167e-09	6.684478531e-09	6.909815801e-09	6.308593948e-09	0.9999999733	
6.803026167e-09	6.684478531e-09	6.909815801e-09	6.308593948e-09	0.9999999733	
6.803026167e-09	6.684478531e-09	6.909815801e-09	6.308593948e-09	0.9999999733	
6.803026167e-09	6.684478531e-09	6.909815801e-09	6.308593948e-09	0.9999999733	
6.803372384e-09	7.263996328e-09	6.931967215e-09	6.308912911e-09	0.9999999727	
6.803026167e-09	6.684478531e-09	6.909815801e-09	6.308593948e-09	0.9999999733	
6.803026167e-09	6.684478531e-09	6.909815801e-09	6.308593948e-09	0.9999999733	
6.803026167e-09	6.684478531e-09	6.909815801e-09	6.308593948e-09	0.9999999733	
6.803026166e-09	6.684477993e-09	6.90981578e-09	6.308593947e-09	0.9999999733	
6.803026167e-09	6.684478531e-09	6.909815801e-09	6.308593948e-09	0.9999999733	
6.803026166e-09	6.684477993e-09	6.90981578e-09	6.308593947e-09	0.9999999733	
6.803026166e-09	6.684477993e-09	6.90981578e-09	6.308593947e-09	0.9999999733	
6.803026167e-09	6.684478531e-09	6.909815801e-09	6.308593948e-09	0.9999999733	
6.803026167e-09	6.684478531e-09	6.909815801e-09	6.308593948e-09	0.9999999733	
6.803026167e-09	6.684478531e-09	6.909815801e-09	6.308593948e-09	0.9999999733	
6.803026167e-09	6.684478531e-09	6.909815801e-09	6.308593948e-09	0.9999999733	
6.803372384e-09	7.263996328e-09	6.931967215e-09	6.308912911e-09	0.9999999727	
6.803026167e-09	6.684478531e-09	6.909815801e-09	6.308593948e-09	0.9999999733	
6.803026167e-09	6.684478531e-09	6.909815801e-09	6.308593948e-09	0.9999999733	
6.803026166e-09	6.684477993e-09	6.90981578e-09	6.308593947e-09	0.9999999733	
6.803026167e-09	6.684478531e-09	6.909815801e-09	6.308593948e-09	0.9999999733	
6.803026166e-09	6.684477993e-09	6.90981578e-09	6.308593947e-09	0.9999999733	
6.803026166e-09	6.684477993e-09	6.90981578e-09	6.308593947e-09	0.9999999733	
6.803026167e-09	6.684478531e-09	6.909815801e-09	6.308593948e-09	0.9999999733	
6.803026167e-09	6.684478531e-09	6.909815801e-09	6.308593948e-09	0.9999999733	
6.803026167e-09	6.684478531e-09	6.909815801e-09	6.308593948e-09	0.9999999733	
6.803026167e-09	6.684478531e-09	6.909815801e-09	6.308593948e-09	0.9999999733	
6.803372384e-09	7.263996328e-09	6.931967215e-09	6.308912911e-09	0.9999999727	
6.803026167e-09	6.684478531e-09	6.909815801e-09	6.308593948e-09	0.9999999733	
6.803026166e-09	6.684477993e-09	6.90981578e-09	6.308593947e-09	0.9999999733	
6.803026167e-09	6.684478531e-09	6.909815801e-09	6.308593948e-09	0.9999999733	
6.803026166e-09	6.684477993e-09	6.90981578e-09	6.308593947e-09	0.9999999733	
6.803026166e-09	6.684477993e-09	6.90981578e-09	6.308593947e-09	0.9999999733	
6.803026167e-09	6.684478531e-09	6.909815801e-09	6.308593948e-09	0.9999999733	
6.803026167e-09	6.684478531e-09	6.909815801e-09	6.308593948e-09	0.9999999733	
6.803026167e-09	6.684478531e-09	6.909815801e-09	6.308593948e-09	0.9999999733	
6.803026167e-09	6.684478531e-09	6.909815801e-09	6.308593948e-09	0.9999999733	
6.803372384e-09	7.263996328e-09	6.931967215e-09	6.308912911e-09	0.9999999727	
6.803026166e-09	6.684477993e-09	6.90981578e-09	6.308593947e-09	0.9999999733	
6.803026167e-09	6.684478531e-09	6.909815801e-09	6.308593948e-09	0.9999999733	
6.803026166e-09	6.684477993e-09	6.90981578e-09	6.308593947e-09	0.9999999733	
6.803026166e-09	6.684477993e-09	6.90981578e-09	6.308593947e-09	0.9999999733	
6.803026167e-09	6.684478531e-09	6.909815801e-09	6.308593948e-09	0.9999999733	
6.803026167e-09	6.684478531e-09	6.909815801e-09	6.308593948e-09	0.9999999733	
6.803026167e-09	6.684478531e-09	6.909815801e-09	6.308593948e-09	0.9999999733	
6.803026167e-09	6.684478531e-09	6.909815801e-09	6.308593948e-09	0.9999999733	
6.803372384e-09	7.263996328e-09	6.931967215e-09	6.308912911e-09	0.9999999727	
6.803026166e-09	6.684477993e-09	6.90981578e-09	6.308593947e-09	0.9999999733	
6.803026166e-09	6.684477455e-09	6.909815758e-09	6.308593947e-09	0.9999999733	
6.803026166e-09	6.684477455e-09	6.909815758e-09	6.308593947e-09	0.9999999733	
6.803026166e-09	6.684477993e-09	6.90981578e-09	6.308593947e-09	0.9999999733	
6.803026166e-09	6.684477993e-09	6.90981578e-09	6.308593947e-09	0.9999999733	
6.803026166e-09	6.684477993e-09	6.90981578e-09	6.308593947e-09	0.9999999733	
6.803026166e-09	6.684477993e-09	6.90981578e-09	6.308593947e-09	0.9999999733	
6.803026166e-09	6.684477993e-09	6.90981578e-09	6.308593947e-09	0.9999999733	
6.803026166e-09	6.684477993e-09	6.90981578e-09	6.308593947e-09	0.9999999733	
6.803026167e-09	6.684478531e-09	6.909815801e-09	6.308593948e-09	0.9999999733	
6.803026167e-09	6.684478531e-09	6.909815801e-09	6.308593948e-09	0.9999999733	
6.803026167e-09	6.684478531e-09	6.909815801e-09	6.308593948e-09	0.9999999733	
6.803026167e-09	6.684478531e-09	6.909815801e-09	6.308593948e-09	0.9999999733	
6.803372384e-09	7.263996328e-09	6.931967215e-09	6.308912911e-09	0.9999999727	
6.803026166e-09	6.684477455e-09	6.909815758e-09	6.308593947e-09	0.9999999733	
6.803026166e-09	6.684477993e-09	6.90981578e-09	6.308593947e-09	0.9999999733	
6.803026166e-09	6.684477993e-09	6.90981578e-09	6.308593947e-09	0.9999999733	
6.803026166e-09	6.684477993e-09	6.90981578e-09	6.308593947e-09	0.9999999733	
6.803026166e-09	6.684477993e-09	6.90981578e-09	6.308593947e-09	0.9999999733	
6.803026166e-09	6.684477993e-09	6.90981578e-09	6.308593947e-09	0.9999999733	
6.803026166e-09	6.684477993e-09	6.90981578e-09	6.308593947e-09	0.9999999733	
6.803026166e-09	6.684477993e-09	6.90981578e-09	6.308593947e-09	0.9999999733	
6.803026166e-09	6.684477993e-09	6.90981578e-09	6.308593947e-09	0.9999999733	
6.803026167e-09	6.684478531e-09	6.909815801e-09	6.308593948e-09	0.9999999733	
6.803026167e-09	6.684478531e-09	6.909815801e-09	6.308593948e-09	0.9999999733	
6.803026167e-09	6.684478531e-09	6.909815801e-09	6.308593948e-09	0.9999999733	
6.803372384e-09	7.263996328e-09	6.931967215e-09	6.308912911e-09	0.9999999727	
6.803026167e-09	6.684478531e-09	6.909815801e-09	6.308593948e-09	0.9999999733	
6.803026167e-09	6.684478531e-09	6.909815801e-09	6.308593948e-09	0.9999999733	
6.803372384e-09	7.263996328e-09	6.931967215e-09	6.308912911e-09	0.9999999727	
6.803026167e-09	6.684478531e-09	6.909815801e-09	6.308593948e-09	0.9999999733	
6.803372384e-09	7.263996328e-09	6.931967215e-09	6.308912911e-09	0.9999999727	
6.803372384e-09	7.263996328e-09	6.931967215e-09	6.308912911e-09	0.9999999727	
5.056370517e-09	5.0217146e-09	5.155714321e-09	0.9999999813	3.499686228e-09	
5.07461651e-09	5.02172516e-09	5.155725247e-09	0.9999999812	3.49969334e-09	
5.784750301e-09	5.022113278e-09	5.156124984e-09	0.9999999805	3.499955534e-09	
5.056370517e-09	5.0217146e-09	5.155714321e-09	0.9999999813	3.499686228e-09	
5.07461651e-09	5.02172516e-09	5.155725247e-09	0.9999999812	3.49969334e-09	
7.409172037e-09	7.317426624e-09	3.397857857e-05	0.9999660016	5.099578168e-09	
5.073651909e-09	5.072767261e-09	5.174710994e-09	0.9999999812	3.513659014e-09	
5.056382712e-09	5.021726653e-09	5.177037661e-09	0.9999999812	3.499694361e-09	
5.056383088e-09	5.021727505e-09	5.178467491e-09	0.9999999812	3.499694914e-09	
5.05642371e-09	5.072757062e-09	5.174700594e-09	0.9999999812	3.513652241e-09	
5.0736092e-09	5.021735312e-09	5.17466731e-09	0.9999999812	3.499700176e-09	
5.056370483e-09	5.021714591e-09	5.155714312e-09	0.9999999813	3.499686226e-09	
5.074628094e-09	5.021736513e-09	5.175787917e-09	0.9999999812	3.499700995e-09	
5.05638196e-09	5.021725966e-09	5.175776898e-09	0.9999999812	3.499693886e-09	
5.056382712e-09	5.021726688e-09	5.177037647e-09	0.9999999812	3.499694368e-09	
5.056418246e-09	5.079221674e-09	5.155763126e-09	0.9999999812	3.515400149e-09	
5.075717985e-09	4.968226263e-09	5.156935742e-09	0.9999999813	3.48497198e-09	
5.074559943e-09	4.968213664e-09	5.13569446e-09	0.9999999813	3.484963433e-09	
5.784685817e-09	4.968597647e-09	5.136092645e-09	0.9999999806	3.485224524e-09	
5.074559943e-09	4.968213664e-09	5.13569446e-09	0.9999999813	3.484963433e-09	
5.073595353e-09	5.018711861e-09	5.154606445e-09	0.9999999813	3.498870327e-09	
5.056326348e-09	4.968215142e-09	5.156924072e-09	0.9999999813	3.48496445e-09	
5.056326724e-09	4.968215985e-09	5.158348347e-09	0.9999999813	3.484965001e-09	
5.056367345e-09	5.018701771e-09	5.154596085e-09	0.9999999813	3.498863582e-09	
5.073552644e-09	4.968223708e-09	5.154562931e-09	0.9999999813	3.48497024e-09	
5.056314119e-09	4.968203209e-09	5.135683568e-09	0.9999999814	3.48495635e-09	
5.074571527e-09	4.968224897e-09	5.155679184e-09	0.9999999813	3.484971056e-09	
5.056325596e-09	4.968214462e-09	5.155668207e-09	0.9999999813	3.484963977e-09	
5.056326348e-09	4.968215176e-09	5.156924058e-09	0.9999999813	3.484964457e-09	
5.056361882e-09	5.025097496e-09	5.135732192e-09	0.9999999813	3.500604133e-09	
5.094033794e-09	4.96823671e-09	5.156946671e-09	0.9999999813	3.484979061e-09	
5.075717985e-09	4.968226263e-09	5.156935742e-09	0.9999999813	3.48497198e-09	
5.094033794e-09	4.96823671e-09	5.156946671e-09	0.9999999813	3.484979061e-09	
7.4375221e-09	7.239485661e-09	3.398662804e-05	0.9999659936	5.078137217e-09	
5.093065503e-09	5.018735141e-09	5.175936916e-09	0.9999999812	3.498886018e-09	
5.075730227e-09	4.968238187e-09	5.178264134e-09	0.9999999813	3.484980079e-09	
5.075730604e-09	4.968239031e-09	5.179694303e-09	0.9999999813	3.48498063e-09	
5.075771382e-09	5.018725051e-09	5.175926513e-09	0.9999999812	3.498879273e-09	
5.093022629e-09	4.968246754e-09	5.175893222e-09	0.9999999813	3.484985869e-09	
5.075717951e-09	4.968226254e-09	5.156935734e-09	0.9999999813	3.484971978e-09	
5.094045423e-09	4.968247942e-09	5.177014094e-09	0.9999999813	3.484986685e-09	
3.151921155e-05	7.109479298e-09	7.449855206e-09	0.9999684612	4.986943678e-09	
5.075729472e-09	4.968237508e-09	5.177003072e-09	0.9999999813	3.484979605e-09	
5.075730227e-09	4.968238222e-09	5.17826412e-09	0.9999999813	3.484980085e-09	
5.075765897e-09	5.025120806e-09	5.156984559e-09	0.9999999812	3.500619832e-09	
5.805559948e-09	4.968608095e-09	5.136103529e-09	0.9999999806	3.485231606e-09	
5.074559943e-09	4.968213664e-09	5.13569446e-09	0.9999999813	3.484963433e-09	
5.092871573e-09	4.968224112e-09	5.135705344e-09	0.9999999813	3.484970515e-09	
5.091903502e-09	5.018722415e-09	5.154617369e-09	0.9999999812	3.498877437e-09	
5.074572182e-09	4.968225589e-09	5.156935001e-09	0.9999999813	3.484971532e-09	
5.074572559e-09	4.968226432e-09	5.158359279e-09	0.9999999813	3.484972083e-09	
5.074613327e-09	5.018712324e-09	5.154607009e-09	0.9999999813	3.498870692e-09	
5.091860639e-09	4.968234155e-09	5.154573854e-09	0.9999999813	3.484977322e-09	
5.074559908e-09	4.968213656e-09	5.135694452e-09	0.9999999813	3.484963431e-09	
5.092883199e-09	4.968235344e-09	5.15569011e-09	0.9999999813	3.484978138e-09	
3.151202056e-05	7.109461321e-09	7.419169502e-09	0.9999684685	4.986931484e-09	
5.074571427e-09	4.968224909e-09	5.155679133e-09	0.9999999813	3.484971059e-09	
5.074572182e-09	4.968225623e-09	5.156934987e-09	0.9999999813	3.484971539e-09	
5.074607844e-09	5.025108063e-09	5.135743075e-09	0.9999999813	3.500611247e-09	
5.784685817e-09	4.968597647e-09	5.136092645e-09	0.9999999806	3.485224524e-09	
5.805559948e-09	4.968608095e-09	5.136103529e-09	0.9999999806	3.485231606e-09	
5.804456407e-09	5.019110301e-09	5.15501702e-09	0.9999999805	3.499139571e-09	
5.784699769e-09	4.968609572e-09	5.157334832e-09	0.9999999806	3.485232624e-09	
5.784746672e-09	5.01910021e-09	5.155006659e-09	0.9999999805	3.499132825e-09	
5.804407545e-09	4.968618139e-09	5.154973503e-09	0.9999999806	3.485238414e-09	
5.784685778e-09	4.968597638e-09	5.136092636e-09	0.9999999806	3.485224522e-09	
5.805573201e-09	4.968619328e-09	5.156089845e-09	0.9999999806	3.48523923e-09	
5.784698909e-09	4.968608893e-09	5.156078867e-09	0.9999999806	3.48523215e-09	
5.784699769e-09	4.968609607e-09	5.157334818e-09	0.9999999806	3.48523263e-09	
5.784740421e-09	5.025496443e-09	5.136141264e-09	0.9999999806	3.50087351e-09	
5.074559943e-09	4.968213664e-09	5.13569446e-09	0.9999999813	3.484963433e-09	
5.073595353e-09	5.018711861e-09	5.154606445e-09	0.9999999813	3.498870327e-09	
5.056326348e-09	4.968215142e-09	5.156924072e-09	0.9999999813	3.48496445e-09	
5.056326724e-09	4.968215985e-09	5.158348347e-09	0.9999999813	3.484965001e-09	
5.056367345e-09	5.018701771e-09	5.154596085e-09	0.9999999813	3.498863582e-09	
5.073552644e-09	4.968223708e-09	5.154562931e-09	0.9999999813	3.48497024e-09	
5.056314119e-09	4.968203209e-09	5.135683568e-09	0.9999999814	3.48495635e-09	
5.074571527e-09	4.968224897e-09	5.155679184e-09	0.9999999813	3.484971056e-09	
5.056325596e-09	4.968214462e-09	5.155668207e-09	0.9999999813	3.484963977e-09	
5.056326348e-09	4.968215176e-09	5.156924058e-09	0.9999999813	3.484964457e-09	
5.056361882e-09	5.025097496e-09	5.135732192e-09	0.9999999813	3.500604133e-09	
5.091903502e-09	5.018722415e-09	5.154617369e-09	0.9999999812	3.498877437e-09	
5.074572182e-09	4.968225589e-09	5.156935001e-09	0.9999999813	3.484971532e-09	
5.074572559e-09	4.968226432e-09	5.158359279e-09	0.9999999813	3.484972083e-09	
5.074613327e-09	5.018712324e-09	5.154607009e-09	0.9999999813	3.498870692e-09	
5.091860639e-09	4.968234155e-09	5.154573854e-09	0.9999999813	3.484977322e-09	
5.074559908e-09	4.968213656e-09	5.135694452e-09	0.9999999813	3.484963431e-09	
5.092883199e-09	4.968235344e-09	5.15569011e-09	0.9999999813	3.484978138e-09	
3.151202056e-05	7.109461321e-09	7.419169502e-09	0.9999684685	4.986931484e-09	
5.074571427e-09	4.968224909e-09	5.155679133e-09	0.9999999813	3.484971059e-09	
5.074572182e-09	4.968225623e-09	5.156934987e-09	0.9999999813	3.484971539e-09	
5.074607844e-09	5.025108063e-09	5.135743075e-09	0.9999999813	3.500611247e-09	
7.43441189e-09	7.313051216e-09	3.39712774e-05	0.9999660089	5.098389313e-09	
7.409107257e-09	7.239469456e-09	3.398655113e-05	0.9999659937	5.078126246e-09	
7.409107738e-09	7.239470617e-09	3.399593745e-05	0.9999659843	5.078127001e-09	
7.409167444e-09	7.313036513e-09	3.397120912e-05	0.999966009	5.098379485e-09	
7.43434931e-09	7.239482051e-09	3.397099063e-05	0.9999660093	5.078134762e-09	
7.435842239e-09	7.23948373e-09	3.397834701e-05	0.9999660019	5.078135913e-09	
4.600763707e-05	1.035927492e-08	4.889426946e-05	0.9999050805	7.266493514e-09	
7.409106217e-09	7.239468525e-09	3.397827467e-05	0.999966002	5.078125598e-09	
7.409107258e-09	7.239469506e-09	3.398655104e-05	0.9999659937	5.078126256e-09	
5.07360759e-09	5.018723907e-09	5.175925203e-09	0.9999999812	3.498878459e-09	
5.073607967e-09	5.018724759e-09	5.177354726e-09	0.9999999812	3.498879012e-09	
5.073648727e-09	5.069723803e-09	5.173588638e-09	0.9999999812	3.512833084e-09	
5.09089276e-09	5.018732561e-09	5.173555362e-09	0.9999999812	3.498884272e-09	
5.073595318e-09	5.018711853e-09	5.154606437e-09	0.9999999813	3.498870326e-09	
3.150603083e-05	7.181723751e-09	7.446490335e-09	0.9999684743	5.006832075e-09	
5.073606835e-09	5.01872322e-09	5.174664711e-09	0.9999999812	3.498877983e-09	
5.07360759e-09	5.018723942e-09	5.175925189e-09	0.9999999812	3.498878465e-09	
5.073643245e-09	5.076184549e-09	5.154655239e-09	0.9999999812	3.514580584e-09	
5.056338919e-09	4.968227909e-09	5.179682582e-09	0.9999999813	3.4849731e-09	
5.056379541e-09	5.018713817e-09	5.1759148e-09	0.9999999813	3.498871714e-09	
5.07356488e-09	4.968235633e-09	5.175881509e-09	0.9999999813	3.48497834e-09	
5.056326314e-09	4.968215133e-09	5.156924064e-09	0.9999999813	3.484964449e-09	
5.074583766e-09	4.968236821e-09	5.177002379e-09	0.9999999813	3.484979155e-09	
5.056337791e-09	4.968226386e-09	5.176991357e-09	0.9999999813	3.484972076e-09	
5.056338544e-09	4.9682271e-09	5.178252402e-09	0.9999999813	3.484972556e-09	
5.056379916e-09	5.018714669e-09	5.17734432e-09	0.9999999812	3.498872267e-09	
5.073565257e-09	4.968236476e-09	5.17731102e-09	0.9999999813	3.48497889e-09	
5.056326689e-09	4.968215976e-09	5.158348339e-09	0.9999999813	3.484964999e-09	
5.074584143e-09	4.968237665e-09	5.178432199e-09	0.9999999813	3.484979706e-09	
5.056338167e-09	4.96822723e-09	5.178421174e-09	0.9999999813	3.484972627e-09	
5.056374452e-09	5.02511041e-09	5.158397177e-09	0.9999999813	3.500612822e-09	
5.073606017e-09	5.01872247e-09	5.173544964e-09	0.9999999812	3.498877527e-09	
5.056367311e-09	5.018701762e-09	5.154596076e-09	0.9999999813	3.498863581e-09	
5.074624911e-09	5.018723671e-09	5.174665328e-09	0.9999999812	3.498878346e-09	
5.056378789e-09	5.01871313e-09	5.17465431e-09	0.9999999813	3.498871238e-09	
5.056379541e-09	5.018713851e-09	5.175914786e-09	0.9999999813	3.49887172e-09	
5.056415074e-09	5.076174343e-09	5.154644879e-09	0.9999999812	3.514573809e-09	
5.073552609e-09	4.968223699e-09	5.154562922e-09	0.9999999813	3.484970239e-09	
5.091872262e-09	4.968245388e-09	5.174632044e-09	0.9999999813	3.484984945e-09	
3.150576562e-05	7.109475738e-09	7.446427475e-09	0.9999684747	4.986941256e-09	
5.073564126e-09	4.968234953e-09	5.174621027e-09	0.9999999813	3.484977866e-09	
5.073564881e-09	4.968235667e-09	5.175881495e-09	0.9999999813	3.484978346e-09	
5.073600535e-09	5.025118222e-09	5.154611725e-09	0.9999999812	3.500618085e-09	
5.074571492e-09	4.968224888e-09	5.155679175e-09	0.9999999813	3.484971055e-09	
5.056325562e-09	4.968214453e-09	5.155668199e-09	0.9999999813	3.484963975e-09	
5.056326314e-09	4.968215167e-09	5.15692405e-09	0.9999999813	3.484964455e-09	
5.056361847e-09	5.025097487e-09	5.135732183e-09	0.9999999813	3.500604132e-09	
3.151209249e-05	7.109477394e-09	7.448039999e-09	0.9999684684	4.986942392e-09	
5.074583011e-09	4.968236142e-09	5.175741624e-09	0.9999999813	3.484978682e-09	
5.074583766e-09	4.968236856e-09	5.177002365e-09	0.9999999813	3.484979162e-09	
5.074619428e-09	5.025119424e-09	5.155727989e-09	0.9999999812	3.500618904e-09	
5.056337792e-09	4.968226421e-09	5.176991343e-09	0.9999999813	3.484972083e-09	
5.056373325e-09	5.02510887e-09	5.155717012e-09	0.9999999813	3.500611793e-09	
5.056374077e-09	5.025109592e-09	5.156972874e-09	0.9999999813	3.500612275e-09	
