4.616420481e-09	4.535976369e-09	0.9999999833	4.36537544e-09	3.181770015e-09	
4.616420481e-09	4.535976394e-09	0.9999999833	4.365375463e-09	3.181770019e-09	
4.616420481e-09	4.535976394e-09	0.9999999833	4.365375463e-09	3.181770019e-09	
4.616420481e-09	4.535976369e-09	0.9999999833	4.36537544e-09	3.181770015e-09	
4.61675249e-09	4.968574871e-09	0.9999999828	4.365686943e-09	3.27694812e-09	
4.616420481e-09	4.535976369e-09	0.9999999833	4.36537544e-09	3.181770015e-09	
4.616473899e-09	4.53602867e-09	0.9999999832	4.451558766e-09	3.18180538e-09	
4.616420481e-09	4.535976394e-09	0.9999999833	4.365375463e-09	3.181770019e-09	
4.616473899e-09	4.53602867e-09	0.9999999832	4.451558766e-09	3.18180538e-09	
4.616420481e-09	4.535976369e-09	0.9999999833	4.36537544e-09	3.181770015e-09	
4.616473899e-09	4.53602867e-09	0.9999999832	4.451558766e-09	3.18180538e-09	
4.616420481e-09	4.535976394e-09	0.9999999833	4.365375463e-09	3.181770019e-09	
4.616473899e-09	4.53602867e-09	0.9999999832	4.451558766e-09	3.18180538e-09	
1.498739508e-08	1.464424787e-08	0.9998587179	0.0001412421905	1.027220723e-08	
4.616367063e-09	4.535924093e-09	0.9999999834	4.280860667e-09	3.181734654e-09	
4.616367063e-09	4.535924093e-09	0.9999999834	4.280860667e-09	3.181734654e-09	
4.616367063e-09	4.535924068e-09	0.9999999834	4.280860645e-09	3.181734651e-09	
4.616699068e-09	4.968517583e-09	0.9999999829	4.281166117e-09	3.276911698e-09	
4.616367063e-09	4.535924068e-09	0.9999999834	4.280860645e-09	3.181734651e-09	
4.616420481e-09	4.535976369e-09	0.9999999833	4.36537544e-09	3.181770015e-09	
4.616367063e-09	4.535924093e-09	0.9999999834	4.280860667e-09	3.181734654e-09	
4.616420481e-09	4.535976369e-09	0.9999999833	4.36537544e-09	3.181770015e-09	
4.616367063e-09	4.535924068e-09	0.9999999834	4.280860645e-09	3.181734651e-09	
4.616420481e-09	4.535976369e-09	0.9999999833	4.36537544e-09	3.181770015e-09	
4.616367063e-09	4.535924093e-09	0.9999999834	4.280860667e-09	3.181734654e-09	
4.616420481e-09	4.535976369e-09	0.9999999833	4.36537544e-09	3.181770015e-09	
4.616367063e-09	4.535924117e-09	0.9999999834	4.28086069e-09	3.181734658e-09	
4.616367063e-09	4.535924093e-09	0.9999999834	4.280860667e-09	3.181734654e-09	
4.616699068e-09	4.968517609e-09	0.9999999829	4.28116614e-09	3.276911702e-09	
4.616367063e-09	4.535924093e-09	0.9999999834	4.280860667e-09	3.181734654e-09	
4.616420481e-09	4.535976394e-09	0.9999999833	4.365375463e-09	3.181770019e-09	
4.616367063e-09	4.535924117e-09	0.9999999834	4.28086069e-09	3.181734658e-09	
4.616420481e-09	4.535976394e-09	0.9999999833	4.365375463e-09	3.181770019e-09	
4.616367063e-09	4.535924093e-09	0.9999999834	4.280860667e-09	3.181734654e-09	
4.616420481e-09	4.535976394e-09	0.9999999833	4.365375463e-09	3.181770019e-09	
4.616420481e-09	4.535976394e-09	0.9999999833	4.365375463e-09	3.181770019e-09	
4.616367063e-09	4.535924093e-09	0.9999999834	4.280860667e-09	3.181734654e-09	
4.616699068e-09	4.968517609e-09	0.9999999829	4.28116614e-09	3.276911702e-09	
4.616367063e-09	4.535924093e-09	0.9999999834	4.280860667e-09	3.181734654e-09	
4.616420481e-09	4.535976394e-09	0.9999999833	4.365375463e-09	3.181770019e-09	
4.616420481e-09	4.535976394e-09	0.9999999833	4.365375463e-09	3.181770019e-09	
4.616367063e-09	4.535924093e-09	0.9999999834	4.280860667e-09	3.181734654e-09	
4.616420481e-09	4.535976394e-09	0.9999999833	4.365375463e-09	3.181770019e-09	
4.616367063e-09	4.535924117e-09	0.9999999834	4.28086069e-09	3.181734658e-09	
4.616420481e-09	4.535976394e-09	0.9999999833	4.365375463e-09	3.181770019e-09	
4.616699068e-09	4.968517583e-09	0.9999999829	4.281166117e-09	3.276911698e-09	
4.616367063e-09	4.535924068e-09	0.9999999834	4.280860645e-09	3.181734651e-09	
4.616420481e-09	4.535976369e-09	0.9999999833	4.36537544e-09	3.181770015e-09	
4.616367063e-09	4.535924093e-09	0.9999999834	4.280860667e-09	3.181734654e-09	
4.616420481e-09	4.535976369e-09	0.9999999833	4.36537544e-09	3.181770015e-09	
4.616367063e-09	4.535924068e-09	0.9999999834	4.280860645e-09	3.181734651e-09	
4.616420481e-09	4.535976369e-09	0.9999999833	4.36537544e-09	3.181770015e-09	
4.616367063e-09	4.535924093e-09	0.9999999834	4.280860667e-09	3.181734654e-09	
4.616420481e-09	4.535976369e-09	0.9999999833	4.36537544e-09	3.181770015e-09	
4.616699068e-09	4.968517583e-09	0.9999999829	4.281166117e-09	3.276911698e-09	
4.61675249e-09	4.968574871e-09	0.9999999828	4.365686943e-09	3.27694812e-09	
4.616699068e-09	4.968517609e-09	0.9999999829	4.28116614e-09	3.276911702e-09	
4.61675249e-09	4.968574871e-09	0.9999999828	4.365686943e-09	3.27694812e-09	
4.616699068e-09	4.968517583e-09	0.9999999829	4.281166117e-09	3.276911698e-09	
4.61675249e-09	4.968574871e-09	0.9999999828	4.365686943e-09	3.27694812e-09	
4.616699068e-09	4.968517609e-09	0.9999999829	4.28116614e-09	3.276911702e-09	
4.61675249e-09	4.968574871e-09	0.9999999828	4.365686943e-09	3.27694812e-09	
6.812495881e-08	0.0006666890458	0.9991201986	6.377834262e-08	0.0002129804572	
4.616420481e-09	4.535976369e-09	0.9999999833	4.36537544e-09	3.181770015e-09	
4.616367063e-09	4.535924093e-09	0.9999999834	4.280860667e-09	3.181734654e-09	
4.616420481e-09	4.535976369e-09	0.9999999833	4.36537544e-09	3.181770015e-09	
4.616367063e-09	4.535924068e-09	0.9999999834	4.280860645e-09	3.181734651e-09	
4.616420481e-09	4.535976369e-09	0.9999999833	4.36537544e-09	3.181770015e-09	
4.616367063e-09	4.535924093e-09	0.9999999834	4.280860667e-09	3.181734654e-09	
4.616420481e-09	4.535976369e-09	0.9999999833	4.36537544e-09	3.181770015e-09	
4.616420481e-09	4.535976394e-09	0.9999999833	4.365375463e-09	3.181770019e-09	
4.616473899e-09	4.53602867e-09	0.9999999832	4.451558766e-09	3.18180538e-09	
4.616420481e-09	4.535976369e-09	0.9999999833	4.36537544e-09	3.181770015e-09	
4.616473899e-09	4.53602867e-09	0.9999999832	4.451558766e-09	3.18180538e-09	
4.616420481e-09	4.535976394e-09	0.9999999833	4.365375463e-09	3.181770019e-09	
4.616473899e-09	4.53602867e-09	0.9999999832	4.451558766e-09	3.18180538e-09	
1.498739508e-08	1.464424787e-08	0.9998587179	0.0001412421905	1.027220723e-08	
4.616420481e-09	4.535976394e-09	0.9999999833	4.365375463e-09	3.181770019e-09	
4.616367063e-09	4.535924093e-09	0.9999999834	4.280860667e-09	3.181734654e-09	
4.616420481e-09	4.535976394e-09	0.9999999833	4.365375463e-09	3.181770019e-09	
4.616367063e-09	4.535924117e-09	0.9999999834	4.28086069e-09	3.181734658e-09	
4.616420481e-09	4.535976394e-09	0.9999999833	4.365375463e-09	3.181770019e-09	
4.616420481e-09	4.535976369e-09	0.9999999833	4.36537544e-09	3.181770015e-09	
4.616473899e-09	4.53602867e-09	0.9999999832	4.451558766e-09	3.18180538e-09	
4.616420481e-09	4.535976394e-09	0.9999999833	4.365375463e-09	3.181770019e-09	
4.616473899e-09	4.53602867e-09	0.9999999832	4.451558766e-09	3.18180538e-09	
1.498739508e-08	1.464424787e-08	0.9998587179	0.0001412421905	1.027220723e-08	
4.616420481e-09	4.535976369e-09	0.9999999833	4.36537544e-09	3.181770015e-09	
4.616367063e-09	4.535924093e-09	0.9999999834	4.280860667e-09	3.181734654e-09	
4.616420481e-09	4.535976369e-09	0.9999999833	4.36537544e-09	3.181770015e-09	
4.616420481e-09	4.535976394e-09	0.9999999833	4.365375463e-09	3.181770019e-09	
4.616473899e-09	4.53602867e-09	0.9999999832	4.451558766e-09	3.18180538e-09	
1.498739508e-08	1.464424787e-08	0.9998587179	0.0001412421905	1.027220723e-08	
4.616420481e-09	4.535976394e-09	0.9999999833	4.365375463e-09	3.181770019e-09	
1.498739508e-08	1.464424787e-08	0.9998587179	0.0001412421905	1.027220723e-08	
2.68103558e-08	0.0006348452735	2.737643029e-08	2.566368037e-08	0.9993650749	
8.214351472e-09	0.9140627335	8.372450547e-09	7.699174686e-09	0.08593724221	
8.227334256e-09	0.9134284538	8.385703746e-09	7.71134324e-09	0.08657152188	
1.339123693e-08	0.8809169276	1.365758622e-08	6.060645253e-05	0.1190224389	
2.68103558e-08	0.0006348452801	2.737643029e-08	2.566368037e-08	0.9993650749	
8.586817594e-09	0.8958677003	8.748822967e-09	8.125285198e-09	0.1041322742	
9.713253575e-09	0.9348097912	7.937672025e-09	7.302090454e-09	0.06519018389	
9.250952686e-09	0.8959338477	9.306250296e-06	8.753753854e-09	0.104056828	
8.249873092e-09	0.9123301901	8.40871233e-09	7.826115401e-09	0.08766978543	
8.052302517e-09	0.9219820947	8.205675022e-09	7.628736985e-09	0.07801788143	
8.391281874e-09	0.905418726	8.554859951e-09	7.865008144e-09	0.09458124922	
2.425122897e-08	0.0005535181485	2.476831967e-08	2.296724732e-08	0.9994464099	
2.411170382e-08	0.0005490838693	2.462587985e-08	2.283510934e-08	0.9994508446	
2.854632221e-08	0.0003851765295	2.917339033e-08	0.0001305427137	0.999484223	
6.810213977e-09	3.307664607e-08	6.968165885e-09	6.586905314e-09	0.9999999466	
2.092351895e-08	0.0004477563555	2.13616896e-08	2.000531553e-08	0.9995521814	
3.779555293e-08	0.0007460958427	3.094942675e-08	2.870962287e-08	0.9992538067	
2.255764182e-08	0.0004481037433	2.273869037e-05	2.156780111e-08	0.9995291134	
2.387505636e-08	0.0005415575004	2.438429003e-08	2.288482986e-08	0.9994583714	
2.618430892e-08	0.0006149487335	2.673737881e-08	2.506559269e-08	0.9993849733	
2.251070963e-08	0.0004982023129	2.299626278e-08	2.131887854e-08	0.9995017309	
1.778038407e-08	0.000347864549	1.81592202e-08	1.7038664e-08	0.9996520825	
8.428176006e-09	0.9019486028	8.592163274e-09	7.815617985e-09	0.09805137232	
2.425122897e-08	0.0005535181542	2.476831967e-08	2.296724732e-08	0.9994464099	
8.774066698e-09	0.8823591069	8.941427797e-09	8.214216445e-09	0.1176408671	
9.981350977e-09	0.9259353242	8.158424562e-09	7.423874875e-09	0.07406465024	
9.452784314e-09	0.8824335931	9.511227486e-06	8.84965732e-09	0.1175568774	
8.25912733e-09	0.9115266399	8.418155495e-09	7.741507802e-09	0.08847333569	
8.586141885e-09	0.89300116	8.755303524e-09	7.962102466e-09	0.1069988146	
9.283331269e-09	0.8535132959	9.46378737e-09	8.71069447e-09	0.1464866767	
2.411170382e-08	0.000549083875	2.462587985e-08	2.283510934e-08	0.9994508446	
8.785685016e-09	0.8815211613	8.953289659e-09	8.225093436e-09	0.1184788127	
9.998084989e-09	0.9253815195	8.172122404e-09	7.436321214e-09	0.07461845494	
9.46530758e-09	0.8815961554	9.523851505e-06	8.861381556e-09	0.1183943024	
8.462361225e-09	0.899998551	8.62707159e-09	7.942356455e-09	0.1000014239	
8.598250025e-09	0.8922297585	8.767671689e-09	7.973330595e-09	0.1077702162	
9.293459862e-09	0.85250423	9.474136056e-09	8.720198295e-09	0.1474957425	
2.854632221e-08	0.0003851765335	2.917339033e-08	0.0001305427137	0.999484223	
1.411512941e-08	0.8391524073	1.439344504e-08	6.38083263e-05	0.1607837558	
1.520736545e-08	0.8392431524	1.531104209e-05	6.874608429e-05	0.1606727752	
1.369824748e-08	0.8632053552	1.39736459e-08	6.207977019e-05	0.1367325374	
1.344985812e-08	0.8775349989	1.371748304e-08	6.087463568e-05	0.1224040993	
1.475738389e-08	0.8020978589	1.505374128e-08	6.686295798e-05	0.1978352483	
1.529054552e-08	9.379566469e-05	1.562963039e-08	0.9998693404	3.683305326e-05	
1.534263469e-08	9.373958555e-05	1.562627286e-08	0.999869405	3.682446855e-05	
1.529053692e-08	9.373939711e-05	1.562624145e-08	0.9998694053	3.682439757e-05	
1.529051829e-08	9.385884364e-05	1.556905311e-08	0.9998692676	3.684271123e-05	
2.092351895e-08	0.0004477563601	2.13616896e-08	2.000531553e-08	0.9995521813	
3.779555293e-08	0.0007460958505	3.094942675e-08	2.870962287e-08	0.9992538067	
2.255764182e-08	0.000448103748	2.273869037e-05	2.156780111e-08	0.9995291134	
2.387505636e-08	0.000541557506	2.438429003e-08	2.288482986e-08	0.9994583713	
2.618430892e-08	0.0006149487399	2.673737881e-08	2.506559269e-08	0.9993849733	
2.251070963e-08	0.0004982023181	2.299626278e-08	2.131887854e-08	0.9995017309	
1.778038407e-08	0.0003478645526	1.81592202e-08	1.7038664e-08	0.9996520825	
1.046271176e-08	0.9100065245	8.548685057e-09	7.856354315e-09	0.08999344862	
9.809553252e-09	0.858579338	9.866522965e-06	9.27153023e-09	0.1414107764	
8.80585118e-09	0.8800712613	8.973878838e-09	8.343814495e-09	0.1199287126	
8.628555014e-09	0.8928575925	8.791418124e-09	8.165164725e-09	0.1071423819	
8.931892001e-09	0.8709763148	9.104470444e-09	8.361970841e-09	0.1290236588	
9.570047772e-09	0.8249534971	9.752440584e-09	9.065641118e-09	0.1750464745	
2.091832894e-08	0.0002187874191	2.134514418e-08	1.958359451e-08	0.9997811507	
1.127181036e-08	0.9100636367	9.093259979e-06	8.463928159e-09	0.08992725033	
1.002713942e-08	0.924422348	8.195905575e-09	7.548253163e-09	0.07557762621	
9.772745919e-09	0.9328409788	7.986353026e-09	7.347161589e-09	0.06715899613	
1.020967986e-08	0.9183788862	8.347076312e-09	7.593699644e-09	0.08162108769	
1.11556985e-08	0.8870722943	9.118155796e-09	8.39570733e-09	0.112927677	
0.001418628805	0.9983848989	8.587795797e-08	7.835417262e-08	0.0001963080188	
9.487044485e-09	0.8801471316	9.545763602e-06	8.989297012e-09	0.1198433042	
9.295940145e-09	0.8929256231	9.351581434e-06	8.796738696e-09	0.1070650072	
9.62290397e-09	0.8710576049	9.68474649e-06	9.008922108e-09	0.1289326917	
1.031080214e-08	0.8250602392	1.037438924e-05	9.767386302e-09	0.1749293663	
2.255205099e-08	0.0002189572073	2.272108297e-05	2.111314643e-08	0.999758278	
8.294378621e-09	0.9097480157	8.454142338e-09	7.868706342e-09	0.09025195964	
9.311040827e-09	0.8507593493	9.492099334e-09	8.842503723e-09	0.149240623	
8.434668251e-09	0.9026547059	8.599160844e-09	7.906046687e-09	0.09734526918	
9.156086361e-09	0.8661956645	9.332240602e-09	8.684013312e-09	0.1338043083	
1.777506532e-08	0.000169968548	1.814422796e-08	1.667862897e-08	0.9998299789	
0.9999999829	4.614278982e-09	4.762501093e-09	4.447349739e-09	3.231723119e-09	
0.9999946493	5.337218049e-06	5.160507412e-09	4.71888694e-09	3.605503528e-09	
0.999999983	4.614484621e-09	4.762441691e-09	4.35461717e-09	3.231684498e-09	
0.999999983	4.614484621e-09	4.762441691e-09	4.35461717e-09	3.231684498e-09	
0.999999983	4.614791746e-09	4.762442056e-09	4.354890877e-09	3.23168474e-09	
0.999999983	4.614791746e-09	4.762442056e-09	4.354890877e-09	3.23168474e-09	
0.9999999829	4.614544573e-09	4.762503876e-09	4.451487026e-09	3.231724934e-09	
0.999999983	4.614791746e-09	4.762442056e-09	4.354890877e-09	3.23168474e-09	
0.999999983	4.610805555e-09	4.762439624e-09	4.354888675e-09	3.231683102e-09	
0.9999949464	5.000652115e-09	5.160648607e-09	5.039932905e-06	3.501886911e-09	
0.999999983	4.614484621e-09	4.762441691e-09	4.35461717e-09	3.231684498e-09	
0.999999983	4.614791746e-09	4.762442056e-09	4.354890877e-09	3.23168474e-09	
0.9999999829	4.614278982e-09	4.762501093e-09	4.447349739e-09	3.231723119e-09	
0.9999946494	5.336980202e-06	5.16057178e-09	4.819376719e-09	3.605546618e-09	
0.9999999829	4.614278982e-09	4.762501093e-09	4.447349739e-09	3.231723119e-09	
0.9999999829	4.614278982e-09	4.762501093e-09	4.447349739e-09	3.231723119e-09	
0.9999999829	4.614586092e-09	4.762501458e-09	4.447629276e-09	3.231723361e-09	
0.9999999829	4.614586092e-09	4.762501458e-09	4.447629276e-09	3.231723361e-09	
0.9999999828	4.614338931e-09	4.762563279e-09	4.546282462e-09	3.231763556e-09	
0.9999999829	4.614586092e-09	4.762501458e-09	4.447629276e-09	3.231723361e-09	
0.9999999829	4.61060008e-09	4.762499026e-09	4.447627027e-09	3.231721723e-09	
0.9999948391	5.00042873e-09	5.160712423e-09	5.147258878e-06	3.501928386e-09	
0.9999999829	4.614278982e-09	4.762501093e-09	4.447349739e-09	3.231723119e-09	
0.9999999829	4.614586092e-09	4.762501458e-09	4.447629276e-09	3.231723361e-09	
0.9999999828	4.614073351e-09	4.762560496e-09	4.54205707e-09	3.231761741e-09	
0.9998473585	1.551376371e-08	1.617760828e-08	0.0001525989066	1.087407523e-08	
0.9999946493	5.337218049e-06	5.160507412e-09	4.71888694e-09	3.605503528e-09	
0.9999946493	5.337218049e-06	5.160507412e-09	4.71888694e-09	3.605503528e-09	
0.9999946489	5.337573274e-06	5.160507806e-09	4.719183542e-09	3.605503797e-09	
0.9999946489	5.337573274e-06	5.160507806e-09	4.719183542e-09	3.605503797e-09	
0.9999946491	5.33728739e-06	5.160574794e-09	4.823860094e-09	3.605548641e-09	
0.9999946489	5.337573274e-06	5.160507806e-09	4.719183542e-09	3.605503797e-09	
0.9999887451	5.783863152e-06	5.591993354e-09	5.46152555e-06	3.906957707e-09	
0.9999946493	5.337218049e-06	5.160507412e-09	4.71888694e-09	3.605503528e-09	
0.9999946489	5.337573274e-06	5.160507806e-09	4.719183542e-09	3.605503797e-09	
0.9999946494	5.336980202e-06	5.16057178e-09	4.819376719e-09	3.605546618e-09	
0.999999983	4.614484621e-09	4.762441691e-09	4.35461717e-09	3.231684498e-09	
0.999999983	4.614791746e-09	4.762442056e-09	4.354890877e-09	3.23168474e-09	
0.999999983	4.614791746e-09	4.762442056e-09	4.354890877e-09	3.23168474e-09	
0.9999999829	4.614544573e-09	4.762503876e-09	4.451487026e-09	3.231724934e-09	
0.999999983	4.614791746e-09	4.762442056e-09	4.354890877e-09	3.23168474e-09	
0.999999983	4.610805555e-09	4.762439624e-09	4.354888675e-09	3.231683102e-09	
0.9999949464	5.000652115e-09	5.160648607e-09	5.039932905e-06	3.501886911e-09	
0.999999983	4.614484621e-09	4.762441691e-09	4.35461717e-09	3.231684498e-09	
0.999999983	4.614791746e-09	4.762442056e-09	4.354890877e-09	3.23168474e-09	
0.9999999829	4.614278982e-09	4.762501093e-09	4.447349739e-09	3.231723119e-09	
0.999999983	4.614791746e-09	4.762442056e-09	4.354890877e-09	3.23168474e-09	
0.999999983	4.614791746e-09	4.762442056e-09	4.354890877e-09	3.23168474e-09	
0.9999999829	4.614544573e-09	4.762503876e-09	4.451487026e-09	3.231724934e-09	
0.999999983	4.614791746e-09	4.762442056e-09	4.354890877e-09	3.23168474e-09	
0.999999983	4.610805555e-09	4.762439624e-09	4.354888675e-09	3.231683102e-09	
0.9999949464	5.000652115e-09	5.160648607e-09	5.039932905e-06	3.501886911e-09	
0.999999983	4.614484621e-09	4.762441691e-09	4.35461717e-09	3.231684498e-09	
0.999999983	4.614791746e-09	4.762442056e-09	4.354890877e-09	3.23168474e-09	
0.9999999829	4.614278982e-09	4.762501093e-09	4.447349739e-09	3.231723119e-09	
0.999999983	4.61509889e-09	4.762442422e-09	4.355164602e-09	3.231684982e-09	
0.9999999829	4.614851701e-09	4.762504241e-09	4.451766823e-09	3.231725176e-09	
0.999999983	4.61509889e-09	4.762442422e-09	4.355164602e-09	3.231684982e-09	
0.999999983	4.611112435e-09	4.762439989e-09	4.3551624e-09	3.231683344e-09	
0.9999949461	5.00098494e-09	5.160649002e-09	5.040249687e-06	3.501887172e-09	
0.999999983	4.614791746e-09	4.762442056e-09	4.354890877e-09	3.23168474e-09	
0.9999999829	4.614586092e-09	4.762501458e-09	4.447629276e-09	3.231723361e-09	
0.9999999829	4.614851701e-09	4.762504241e-09	4.451766823e-09	3.231725176e-09	
0.999999983	4.611112435e-09	4.762439989e-09	4.3551624e-09	3.231683344e-09	
0.9999949461	5.00098494e-09	5.160649002e-09	5.040249687e-06	3.501887172e-09	
0.999999983	4.614791746e-09	4.762442056e-09	4.354890877e-09	3.23168474e-09	
0.999999983	4.61509889e-09	4.762442422e-09	4.355164602e-09	3.231684982e-09	
0.9999999829	4.614586092e-09	4.762501458e-09	4.447629276e-09	3.231723361e-09	
0.9999999829	4.614851701e-09	4.762504241e-09	4.451766823e-09	3.231725176e-09	
0.9999999829	4.61086546e-09	4.762501809e-09	4.451764572e-09	3.231723538e-09	
0.9999999829	4.614544573e-09	4.762503876e-09	4.451487026e-09	3.231724934e-09	
0.9999999829	4.614851701e-09	4.762504241e-09	4.451766823e-09	3.231725176e-09	
0.9999999828	4.614338931e-09	4.762563279e-09	4.546282462e-09	3.231763556e-09	
0.9998472166	1.551465446e-08	1.617761543e-08	0.0001527408448	1.087407979e-08	
0.999999983	4.611112435e-09	4.762439989e-09	4.3551624e-09	3.231683344e-09	
0.9999949461	5.00098494e-09	5.160649002e-09	5.040249687e-06	3.501887172e-09	
0.999999983	4.614791746e-09	4.762442056e-09	4.354890877e-09	3.23168474e-09	
0.999999983	4.61509889e-09	4.762442422e-09	4.355164602e-09	3.231684982e-09	
0.9999999829	4.614586092e-09	4.762501458e-09	4.447629276e-09	3.231723361e-09	
0.9999949461	4.996665162e-09	5.160646366e-09	5.040247138e-06	3.501885397e-09	
0.999999983	4.610805555e-09	4.762439624e-09	4.354888675e-09	3.231683102e-09	
0.999999983	4.611112435e-09	4.762439989e-09	4.3551624e-09	3.231683344e-09	
0.9999999829	4.61060008e-09	4.762499026e-09	4.447627027e-09	3.231721723e-09	
0.9999949464	5.000652115e-09	5.160648607e-09	5.039932905e-06	3.501886911e-09	
0.9999949461	5.00098494e-09	5.160649002e-09	5.040249687e-06	3.501887172e-09	
0.9999948391	5.00042873e-09	5.160712423e-09	5.147258878e-06	3.501928386e-09	
0.001064016535	6.787143184e-08	7.009886554e-08	0.9989357979	4.756719537e-08	
0.999999983	4.614791746e-09	4.762442056e-09	4.354890877e-09	3.23168474e-09	
0.9999999829	4.614278982e-09	4.762501093e-09	4.447349739e-09	3.231723119e-09	
0.9999999829	4.614586092e-09	4.762501458e-09	4.447629276e-09	3.231723361e-09	
0.9998473585	1.551376371e-08	1.617760828e-08	0.0001525989066	1.087407523e-08	
6.803026177e-09	6.684478543e-09	6.909815812e-09	6.308593957e-09	0.9999999733	
6.803026177e-09	6.684478543e-09	6.909815812e-09	6.308593957e-09	0.9999999733	
6.803026177e-09	6.684478543e-09	6.909815812e-09	6.308593957e-09	0.9999999733	
6.803026177e-09	6.684478543e-09	6.909815812e-09	6.308593957e-09	0.9999999733	
6.803026177e-09	6.684478543e-09	6.909815812e-09	6.308593957e-09	0.9999999733	
6.803026177e-09	6.684478005e-09	6.90981579e-09	6.308593957e-09	0.9999999733	
6.803026177e-09	6.684478543e-09	6.909815812e-09	6.308593957e-09	0.9999999733	
6.803026177e-09	6.684478005e-09	6.90981579e-09	6.308593957e-09	0.9999999733	
6.803026177e-09	6.684478005e-09	6.90981579e-09	6.308593957e-09	0.9999999733	
6.803026177e-09	6.684478543e-09	6.909815812e-09	6.308593957e-09	0.9999999733	
6.803026177e-09	6.684478543e-09	6.909815812e-09	6.308593957e-09	0.9999999733	
6.803026177e-09	6.684478543e-09	6.909815812e-09	6.308593957e-09	0.9999999733	
6.803026177e-09	6.684478543e-09	6.909815812e-09	6.308593957e-09	0.9999999733	
6.803372394e-09	7.26399633e-09	6.931967225e-09	6.308912921e-09	0.9999999727	
6.803026177e-09	6.684478543e-09	6.909815812e-09	6.308593957e-09	0.9999999733	
6.803026177e-09	6.684478543e-09	6.909815812e-09	6.308593957e-09	0.9999999733	
6.803026177e-09	6.684478543e-09	6.909815812e-09	6.308593957e-09	0.9999999733	
6.803026177e-09	6.684478543e-09	6.909815812e-09	6.308593957e-09	0.9999999733	
6.803026177e-09	6.684478005e-09	6.90981579e-09	6.308593957e-09	0.9999999733	
6.803026177e-09	6.684478543e-09	6.909815812e-09	6.308593957e-09	0.9999999733	
6.803026177e-09	6.684478005e-09	6.90981579e-09	6.308593957e-09	0.9999999733	
6.803026177e-09	6.684478005e-09	6.90981579e-09	6.308593957e-09	0.9999999733	
6.803026177e-09	6.684478543e-09	6.909815812e-09	6.308593957e-09	0.9999999733	
6.803026177e-09	6.684478543e-09	6.909815812e-09	6.308593957e-09	0.9999999733	
6.803026177e-09	6.684478543e-09	6.909815812e-09	6.308593957e-09	0.9999999733	
6.803026177e-09	6.684478543e-09	6.909815812e-09	6.308593957e-09	0.9999999733	
6.803372394e-09	7.26399633e-09	6.931967225e-09	6.308912921e-09	0.9999999727	
6.803026177e-09	6.684478543e-09	6.909815812e-09	6.308593957e-09	0.9999999733	
6.803026177e-09	6.684478543e-09	6.909815812e-09	6.308593957e-09	0.9999999733	
6.803026177e-09	6.684478543e-09	6.909815812e-09	6.308593957e-09	0.9999999733	
6.803026177e-09	6.684478005e-09	6.90981579e-09	6.308593957e-09	0.9999999733	
6.803026177e-09	6.684478543e-09	6.909815812e-09	6.308593957e-09	0.9999999733	
6.803026177e-09	6.684478005e-09	6.90981579e-09	6.308593957e-09	0.9999999733	
6.803026177e-09	6.684478005e-09	6.90981579e-09	6.308593957e-09	0.9999999733	
6.803026177e-09	6.684478543e-09	6.909815812e-09	6.308593957e-09	0.9999999733	
6.803026177e-09	6.684478543e-09	6.909815812e-09	6.308593957e-09	0.9999999733	
6.803026177e-09	6.684478543e-09	6.909815812e-09	6.308593957e-09	0.9999999733	
6.803026177e-09	6.684478543e-09	6.909815812e-09	6.308593957e-09	0.9999999733	
6.803372394e-09	7.26399633e-09	6.931967225e-09	6.308912921e-09	0.9999999727	
6.803026177e-09	6.684478543e-09	6.909815812e-09	6.308593957e-09	0.9999999733	
6.803026177e-09	6.684478543e-09	6.909815812e-09	6.308593957e-09	0.9999999733	
6.803026177e-09	6.684478005e-09	6.90981579e-09	6.308593957e-09	0.9999999733	
6.803026177e-09	6.684478543e-09	6.909815812e-09	6.308593957e-09	0.9999999733	
6.803026177e-09	6.684478005e-09	6.90981579e-09	6.308593957e-09	0.9999999733	
6.803026177e-09	6.684478005e-09	6.90981579e-09	6.308593957e-09	0.9999999733	
6.803026177e-09	6.684478543e-09	6.909815812e-09	6.308593957e-09	0.9999999733	
6.803026177e-09	6.684478543e-09	6.909815812e-09	6.308593957e-09	0.9999999733	
6.803026177e-09	6.684478543e-09	6.909815812e-09	6.308593957e-09	0.9999999733	
6.803026177e-09	6.684478543e-09	6.909815812e-09	6.308593957e-09	0.9999999733	
6.803372394e-09	7.26399633e-09	6.931967225e-09	6.308912921e-09	0.9999999727	
6.803026177e-09	6.684478543e-09	6.909815812e-09	6.308593957e-09	0.9999999733	
6.803026177e-09	6.684478005e-09	6.90981579e-09	6.308593957e-09	0.9999999733	
6.803026177e-09	6.684478543e-09	6.909815812e-09	6.308593957e-09	0.9999999733	
6.803026177e-09	6.684478005e-09	6.90981579e-09	6.308593957e-09	0.9999999733	
6.803026177e-09	6.684478005e-09	6.90981579e-09	6.308593957e-09	0.9999999733	
6.803026177e-09	6.684478543e-09	6.909815812e-09	6.308593957e-09	0.9999999733	
6.803026177e-09	6.684478543e-09	6.909815812e-09	6.308593957e-09	0.9999999733	
6.803026177e-09	6.684478543e-09	6.909815812e-09	6.308593957e-09	0.9999999733	
6.803026177e-09	6.684478543e-09	6.909815812e-09	6.308593957e-09	0.9999999733	
6.803372394e-09	7.26399633e-09	6.931967225e-09	6.308912921e-09	0.9999999727	
6.803026177e-09	6.684478005e-09	6.90981579e-09	6.308593957e-09	0.9999999733	
6.803026177e-09	6.684478543e-09	6.909815812e-09	6.308593957e-09	0.9999999733	
6.803026177e-09	6.684478005e-09	6.90981579e-09	6.308593957e-09	0.9999999733	
6.803026177e-09	6.684478005e-09	6.90981579e-09	6.308593957e-09	0.9999999733	
6.803026177e-09	6.684478543e-09	6.909815812e-09	6.308593957e-09	0.9999999733	
6.803026177e-09	6.684478543e-09	6.909815812e-09	6.308593957e-09	0.9999999733	
6.803026177e-09	6.684478543e-09	6.909815812e-09	6.308593957e-09	0.9999999733	
6.803026177e-09	6.684478543e-09	6.909815812e-09	6.308593957e-09	0.9999999733	
6.803372394e-09	7.26399633e-09	6.931967225e-09	6.308912921e-09	0.9999999727	
6.803026177e-09	6.684478005e-09	6.90981579e-09	6.308593957e-09	0.9999999733	
6.803026176e-09	6.684477467e-09	6.909815768e-09	6.308593956e-09	0.9999999733	
6.803026176e-09	6.684477467e-09	6.909815768e-09	6.308593956e-09	0.9999999733	
6.803026177e-09	6.684478005e-09	6.90981579e-09	6.308593957e-09	0.9999999733	
6.803026177e-09	6.684478005e-09	6.90981579e-09	6.308593957e-09	0.9999999733	
6.803026177e-09	6.684478005e-09	6.90981579e-09	6.308593957e-09	0.9999999733	
6.803026177e-09	6.684478005e-09	6.90981579e-09	6.308593957e-09	0.9999999733	
6.803026177e-09	6.684478005e-09	6.90981579e-09	6.308593957e-09	0.9999999733	
6.803026177e-09	6.684478005e-09	6.90981579e-09	6.308593957e-09	0.9999999733	
6.803026177e-09	6.684478543e-09	6.909815812e-09	6.308593957e-09	0.9999999733	
6.803026177e-09	6.684478543e-09	6.909815812e-09	6.308593957e-09	0.9999999733	
6.803026177e-09	6.684478543e-09	6.909815812e-09	6.308593957e-09	0.9999999733	
6.803026177e-09	6.684478543e-09	6.909815812e-09	6.308593957e-09	0.9999999733	
6.803372394e-09	7.26399633e-09	6.931967225e-09	6.308912921e-09	0.9999999727	
6.803026176e-09	6.684477467e-09	6.909815768e-09	6.308593956e-09	0.9999999733	
6.803026177e-09	6.684478005e-09	6.90981579e-09	6.308593957e-09	0.9999999733	
6.803026177e-09	6.684478005e-09	6.90981579e-09	6.308593957e-09	0.9999999733	
6.803026177e-09	6.684478005e-09	6.90981579e-09	6.308593957e-09	0.9999999733	
6.803026177e-09	6.684478005e-09	6.90981579e-09	6.308593957e-09	0.9999999733	
6.803026177e-09	6.684478005e-09	6.90981579e-09	6.308593957e-09	0.9999999733	
6.803026177e-09	6.684478005e-09	6.90981579e-09	6.308593957e-09	0.9999999733	
6.803026177e-09	6.684478005e-09	6.90981579e-09	6.308593957e-09	0.9999999733	
6.803026177e-09	6.684478005e-09	6.90981579e-09	6.308593957e-09	0.9999999733	
6.803026177e-09	6.684478543e-09	6.909815812e-09	6.308593957e-09	0.9999999733	
6.803026177e-09	6.684478543e-09	6.909815812e-09	6.308593957e-09	0.9999999733	
6.803026177e-09	6.684478543e-09	6.909815812e-09	6.308593957e-09	0.9999999733	
6.803372394e-09	7.26399633e-09	6.931967225e-09	6.308912921e-09	0.9999999727	
6.803026177e-09	6.684478543e-09	6.909815812e-09	6.308593957e-09	0.9999999733	
6.803026177e-09	6.684478543e-09	6.909815812e-09	6.308593957e-09	0.9999999733	
6.803372394e-09	7.26399633e-09	6.931967225e-09	6.308912921e-09	0.9999999727	
6.803026177e-09	6.684478543e-09	6.909815812e-09	6.308593957e-09	0.9999999733	
6.803372394e-09	7.26399633e-09	6.931967225e-09	6.308912921e-09	0.9999999727	
6.803372394e-09	7.26399633e-09	6.931967225e-09	6.308912921e-09	0.9999999727	
5.056370517e-09	5.021714601e-09	5.155714321e-09	0.9999999813	3.499686223e-09	
5.07461651e-09	5.021725161e-09	5.155725247e-09	0.9999999812	3.499693335e-09	
5.784750301e-09	5.022113279e-09	5.156124984e-09	0.9999999805	3.499955529e-09	
5.056370517e-09	5.021714601e-09	5.155714321e-09	0.9999999813	3.499686223e-09	
5.07461651e-09	5.021725161e-09	5.155725247e-09	0.9999999812	3.499693335e-09	
7.409172037e-09	7.317426626e-09	3.397857857e-05	0.9999660016	5.099578161e-09	
5.073651909e-09	5.072767262e-09	5.174710994e-09	0.9999999812	3.513659009e-09	
5.056382712e-09	5.021726654e-09	5.177037661e-09	0.9999999812	3.499694356e-09	
5.056383088e-09	5.021727506e-09	5.178467491e-09	0.9999999812	3.499694909e-09	
5.05642371e-09	5.072757063e-09	5.174700594e-09	0.9999999812	3.513652236e-09	
5.0736092e-09	5.021735313e-09	5.17466731e-09	0.9999999812	3.499700171e-09	
5.056370483e-09	5.021714592e-09	5.155714312e-09	0.9999999813	3.499686221e-09	
5.074628094e-09	5.021736514e-09	5.175787917e-09	0.9999999812	3.49970099e-09	
5.05638196e-09	5.021725967e-09	5.175776898e-09	0.9999999812	3.499693881e-09	
5.056382712e-09	5.021726689e-09	5.177037647e-09	0.9999999812	3.499694363e-09	
5.056418246e-09	5.079221675e-09	5.155763126e-09	0.9999999812	3.515400144e-09	
5.075717985e-09	4.968226264e-09	5.156935742e-09	0.9999999813	3.484971974e-09	
5.074559943e-09	4.968213666e-09	5.13569446e-09	0.9999999813	3.484963428e-09	
5.784685817e-09	4.968597648e-09	5.136092645e-09	0.9999999806	3.485224519e-09	
5.074559943e-09	4.968213666e-09	5.13569446e-09	0.9999999813	3.484963428e-09	
5.073595353e-09	5.018711862e-09	5.154606445e-09	0.9999999813	3.498870322e-09	
5.056326348e-09	4.968215143e-09	5.156924072e-09	0.9999999813	3.484964445e-09	
5.056326724e-09	4.968215986e-09	5.158348347e-09	0.9999999813	3.484964996e-09	
5.056367345e-09	5.018701772e-09	5.154596085e-09	0.9999999813	3.498863577e-09	
5.073552644e-09	4.968223709e-09	5.154562931e-09	0.9999999813	3.484970235e-09	
5.056314119e-09	4.96820321e-09	5.135683568e-09	0.9999999814	3.484956344e-09	
5.074571527e-09	4.968224898e-09	5.155679184e-09	0.9999999813	3.484971051e-09	
5.056325596e-09	4.968214463e-09	5.155668207e-09	0.9999999813	3.484963972e-09	
5.056326348e-09	4.968215177e-09	5.156924058e-09	0.9999999813	3.484964452e-09	
5.056361882e-09	5.025097497e-09	5.135732192e-09	0.9999999813	3.500604128e-09	
5.094033794e-09	4.968236711e-09	5.156946671e-09	0.9999999813	3.484979056e-09	
5.075717985e-09	4.968226264e-09	5.156935742e-09	0.9999999813	3.484971974e-09	
5.094033794e-09	4.968236711e-09	5.156946671e-09	0.9999999813	3.484979056e-09	
7.4375221e-09	7.239485663e-09	3.398662804e-05	0.9999659936	5.078137209e-09	
5.093065503e-09	5.018735142e-09	5.175936916e-09	0.9999999812	3.498886013e-09	
5.075730227e-09	4.968238189e-09	5.178264134e-09	0.9999999813	3.484980074e-09	
5.075730604e-09	4.968239032e-09	5.179694303e-09	0.9999999813	3.484980624e-09	
5.075771382e-09	5.018725052e-09	5.175926513e-09	0.9999999812	3.498879268e-09	
5.093022629e-09	4.968246755e-09	5.175893222e-09	0.9999999813	3.484985864e-09	
5.075717951e-09	4.968226256e-09	5.156935734e-09	0.9999999813	3.484971973e-09	
5.094045423e-09	4.968247944e-09	5.177014094e-09	0.9999999813	3.484986679e-09	
3.151921155e-05	7.1094793e-09	7.449855206e-09	0.9999684612	4.986943671e-09	
5.075729472e-09	4.968237509e-09	5.177003072e-09	0.9999999813	3.4849796e-09	
5.075730227e-09	4.968238223e-09	5.17826412e-09	0.9999999813	3.48498008e-09	
5.075765897e-09	5.025120807e-09	5.156984559e-09	0.9999999812	3.500619827e-09	
5.805559948e-09	4.968608096e-09	5.136103529e-09	0.9999999806	3.485231601e-09	
5.074559943e-09	4.968213666e-09	5.13569446e-09	0.9999999813	3.484963428e-09	
5.092871573e-09	4.968224113e-09	5.135705344e-09	0.9999999813	3.484970509e-09	
5.091903502e-09	5.018722416e-09	5.154617369e-09	0.9999999812	3.498877432e-09	
5.074572182e-09	4.96822559e-09	5.156935001e-09	0.9999999813	3.484971527e-09	
5.074572559e-09	4.968226434e-09	5.158359279e-09	0.9999999813	3.484972077e-09	
5.074613327e-09	5.018712325e-09	5.154607009e-09	0.9999999813	3.498870687e-09	
5.091860639e-09	4.968234157e-09	5.154573854e-09	0.9999999813	3.484977317e-09	
5.074559908e-09	4.968213657e-09	5.135694452e-09	0.9999999813	3.484963426e-09	
5.092883199e-09	4.968235345e-09	5.15569011e-09	0.9999999813	3.484978133e-09	
3.151202056e-05	7.109461323e-09	7.419169502e-09	0.9999684685	4.986931476e-09	
5.074571427e-09	4.968224911e-09	5.155679133e-09	0.9999999813	3.484971053e-09	
5.074572182e-09	4.968225625e-09	5.156934987e-09	0.9999999813	3.484971533e-09	
5.074607844e-09	5.025108064e-09	5.135743075e-09	0.9999999813	3.500611242e-09	
5.784685817e-09	4.968597648e-09	5.136092645e-09	0.9999999806	3.485224519e-09	
5.805559948e-09	4.968608096e-09	5.136103529e-09	0.9999999806	3.485231601e-09	
5.804456407e-09	5.019110302e-09	5.15501702e-09	0.9999999805	3.499139566e-09	
5.784699769e-09	4.968609574e-09	5.157334832e-09	0.9999999806	3.485232618e-09	
5.784746672e-09	5.019100211e-09	5.155006659e-09	0.9999999805	3.49913282e-09	
5.804407545e-09	4.968618141e-09	5.154973503e-09	0.9999999806	3.485238409e-09	
5.784685778e-09	4.96859764e-09	5.136092636e-09	0.9999999806	3.485224517e-09	
5.805573201e-09	4.96861933e-09	5.156089845e-09	0.9999999806	3.485239225e-09	
5.784698909e-09	4.968608894e-09	5.156078867e-09	0.9999999806	3.485232145e-09	
5.784699769e-09	4.968609608e-09	5.157334818e-09	0.9999999806	3.485232625e-09	
5.784740421e-09	5.025496444e-09	5.136141264e-09	0.9999999806	3.500873505e-09	
5.074559943e-09	4.968213666e-09	5.13569446e-09	0.9999999813	3.484963428e-09	
5.073595353e-09	5.018711862e-09	5.154606445e-09	0.9999999813	3.498870322e-09	
5.056326348e-09	4.968215143e-09	5.156924072e-09	0.9999999813	3.484964445e-09	
5.056326724e-09	4.968215986e-09	5.158348347e-09	0.9999999813	3.484964996e-09	
5.056367345e-09	5.018701772e-09	5.154596085e-09	0.9999999813	3.498863577e-09	
5.073552644e-09	4.968223709e-09	5.154562931e-09	0.9999999813	3.484970235e-09	
5.056314119e-09	4.96820321e-09	5.135683568e-09	0.9999999814	3.484956344e-09	
5.074571527e-09	4.968224898e-09	5.155679184e-09	0.9999999813	3.484971051e-09	
5.056325596e-09	4.968214463e-09	5.155668207e-09	0.9999999813	3.484963972e-09	
5.056326348e-09	4.968215177e-09	5.156924058e-09	0.9999999813	3.484964452e-09	
5.056361882e-09	5.025097497e-09	5.135732192e-09	0.9999999813	3.500604128e-09	
5.091903502e-09	5.018722416e-09	5.154617369e-09	0.9999999812	3.498877432e-09	
5.074572182e-09	4.96822559e-09	5.156935001e-09	0.9999999813	3.484971527e-09	
5.074572559e-09	4.968226434e-09	5.158359279e-09	0.9999999813	3.484972077e-09	
5.074613327e-09	5.018712325e-09	5.154607009e-09	0.9999999813	3.498870687e-09	
5.091860639e-09	4.968234157e-09	5.154573854e-09	0.9999999813	3.484977317e-09	
5.074559908e-09	4.968213657e-09	5.135694452e-09	0.9999999813	3.484963426e-09	
5.092883199e-09	4.968235345e-09	5.15569011e-09	0.9999999813	3.484978133e-09	
3.151202056e-05	7.109461323e-09	7.419169502e-09	0.9999684685	4.986931476e-09	
5.074571427e-09	4.968224911e-09	5.155679133e-09	0.9999999813	3.484971053e-09	
5.074572182e-09	4.968225625e-09	5.156934987e-09	0.9999999813	3.484971533e-09	
5.074607844e-09	5.025108064e-09	5.135743075e-09	0.9999999813	3.500611242e-09	
7.43441189e-09	7.313051217e-09	3.39712774e-05	0.9999660089	5.098389306e-09	
7.409107257e-09	7.239469458e-09	3.398655113e-05	0.9999659937	5.078126238e-09	
7.409107738e-09	7.239470619e-09	3.399593745e-05	0.9999659843	5.078126993e-09	
7.409167444e-09	7.313036515e-09	3.397120912e-05	0.999966009	5.098379478e-09	
7.43434931e-09	7.239482053e-09	3.397099063e-05	0.9999660093	5.078134754e-09	
7.435842239e-09	7.239483732e-09	3.397834701e-05	0.9999660019	5.078135906e-09	
4.600763707e-05	1.035927492e-08	4.889426946e-05	0.9999050805	7.266493503e-09	
7.409106217e-09	7.239468527e-09	3.397827467e-05	0.999966002	5.078125591e-09	
7.409107258e-09	7.239469508e-09	3.398655104e-05	0.9999659937	5.078126248e-09	
5.07360759e-09	5.018723908e-09	5.175925203e-09	0.9999999812	3.498878454e-09	
5.073607967e-09	5.01872476e-09	5.177354726e-09	0.9999999812	3.498879007e-09	
5.073648727e-09	5.069723803e-09	5.173588638e-09	0.9999999812	3.512833079e-09	
5.09089276e-09	5.018732562e-09	5.173555362e-09	0.9999999812	3.498884267e-09	
5.073595318e-09	5.018711854e-09	5.154606437e-09	0.9999999813	3.49887032e-09	
3.150603083e-05	7.181723752e-09	7.446490335e-09	0.9999684743	5.006832068e-09	
5.073606835e-09	5.018723221e-09	5.174664711e-09	0.9999999812	3.498877978e-09	
5.07360759e-09	5.018723943e-09	5.175925189e-09	0.9999999812	3.49887846e-09	
5.073643245e-09	5.07618455e-09	5.154655239e-09	0.9999999812	3.514580579e-09	
5.056338919e-09	4.968227911e-09	5.179682582e-09	0.9999999813	3.484973095e-09	
5.056379541e-09	5.018713818e-09	5.1759148e-09	0.9999999813	3.498871709e-09	
5.07356488e-09	4.968235634e-09	5.175881509e-09	0.9999999813	3.484978334e-09	
5.056326314e-09	4.968215134e-09	5.156924064e-09	0.9999999813	3.484964443e-09	
5.074583766e-09	4.968236823e-09	5.177002379e-09	0.9999999813	3.48497915e-09	
5.056337791e-09	4.968226388e-09	5.176991357e-09	0.9999999813	3.484972071e-09	
5.056338544e-09	4.968227102e-09	5.178252402e-09	0.9999999813	3.484972551e-09	
5.056379916e-09	5.01871467e-09	5.17734432e-09	0.9999999812	3.498872261e-09	
5.073565257e-09	4.968236477e-09	5.17731102e-09	0.9999999813	3.484978885e-09	
5.056326689e-09	4.968215978e-09	5.158348339e-09	0.9999999813	3.484964994e-09	
5.074584143e-09	4.968237666e-09	5.178432199e-09	0.9999999813	3.484979701e-09	
5.056338167e-09	4.968227231e-09	5.178421174e-09	0.9999999813	3.484972621e-09	
5.056374452e-09	5.025110411e-09	5.158397177e-09	0.9999999813	3.500612817e-09	
5.073606017e-09	5.018722471e-09	5.173544964e-09	0.9999999812	3.498877522e-09	
5.056367311e-09	5.018701763e-09	5.154596076e-09	0.9999999813	3.498863575e-09	
5.074624911e-09	5.018723672e-09	5.174665328e-09	0.9999999812	3.498878341e-09	
5.056378789e-09	5.018713131e-09	5.17465431e-09	0.9999999813	3.498871233e-09	
5.056379541e-09	5.018713852e-09	5.175914786e-09	0.9999999813	3.498871715e-09	
5.056415074e-09	5.076174344e-09	5.154644879e-09	0.9999999812	3.514573804e-09	
5.073552609e-09	4.968223701e-09	5.154562922e-09	0.9999999813	3.484970233e-09	
5.091872262e-09	4.968245389e-09	5.174632044e-09	0.9999999813	3.48498494e-09	
3.150576562e-05	7.10947574e-09	7.446427475e-09	0.9999684747	4.986941249e-09	
5.073564126e-09	4.968234954e-09	5.174621027e-09	0.9999999813	3.484977861e-09	
5.073564881e-09	4.968235668e-09	5.175881495e-09	0.9999999813	3.484978341e-09	
5.073600535e-09	5.025118223e-09	5.154611725e-09	0.9999999812	3.50061808e-09	
5.074571492e-09	4.96822489e-09	5.155679175e-09	0.9999999813	3.484971049e-09	
5.056325562e-09	4.968214455e-09	5.155668199e-09	0.9999999813	3.48496397e-09	
5.056326314e-09	4.968215169e-09	5.15692405e-09	0.9999999813	3.48496445e-09	
5.056361847e-09	5.025097488e-09	5.135732183e-09	0.9999999813	3.500604127e-09	
3.151209249e-05	7.109477396e-09	7.448039999e-09	0.9999684684	4.986942385e-09	
5.074583011e-09	4.968236143e-09	5.175741624e-09	0.9999999813	3.484978677e-09	
5.074583766e-09	4.968236857e-09	5.177002365e-09	0.9999999813	3.484979157e-09	
5.074619428e-09	5.025119425e-09	5.155727989e-09	0.9999999812	3.500618899e-09	
5.056337792e-09	4.968226422e-09	5.176991343e-09	0.9999999813	3.484972077e-09	
5.056373325e-09	5.025108871e-09	5.155717012e-09	0.9999999813	3.500611788e-09	
5.056374077e-09	5.025109593e-09	5.156972874e-09	0.9999999813	3.50061227e-09	
