4.616420481e-09	4.535975795e-09	0.9999999833	4.36537544e-09	3.181772184e-09	
4.616420481e-09	4.535975819e-09	0.9999999833	4.365375463e-09	3.181772187e-09	
4.616420481e-09	4.535975819e-09	0.9999999833	4.365375463e-09	3.181772187e-09	
4.616420481e-09	4.535975795e-09	0.9999999833	4.36537544e-09	3.181772184e-09	
4.61675249e-09	4.968575564e-09	0.9999999828	4.365686943e-09	3.276949876e-09	
4.616420481e-09	4.535975795e-09	0.9999999833	4.36537544e-09	3.181772184e-09	
4.616473899e-09	4.536028096e-09	0.9999999832	4.451558766e-09	3.181807549e-09	
4.616420481e-09	4.535975819e-09	0.9999999833	4.365375463e-09	3.181772187e-09	
4.616473899e-09	4.536028096e-09	0.9999999832	4.451558766e-09	3.181807549e-09	
4.616420481e-09	4.535975795e-09	0.9999999833	4.36537544e-09	3.181772184e-09	
4.616473899e-09	4.536028096e-09	0.9999999832	4.451558766e-09	3.181807549e-09	
4.616420481e-09	4.535975819e-09	0.9999999833	4.365375463e-09	3.181772187e-09	
4.616473899e-09	4.536028096e-09	0.9999999832	4.451558766e-09	3.181807549e-09	
1.498739508e-08	1.464424602e-08	0.9998587179	0.0001412421905	1.027221423e-08	
4.616367063e-09	4.535923519e-09	0.9999999834	4.280860667e-09	3.181736823e-09	
4.616367063e-09	4.535923519e-09	0.9999999834	4.280860667e-09	3.181736823e-09	
4.616367063e-09	4.535923494e-09	0.9999999834	4.280860645e-09	3.181736819e-09	
4.616699069e-09	4.968518276e-09	0.9999999829	4.281166118e-09	3.276913453e-09	
4.616367063e-09	4.535923494e-09	0.9999999834	4.280860645e-09	3.181736819e-09	
4.616420481e-09	4.535975795e-09	0.9999999833	4.36537544e-09	3.181772184e-09	
4.616367063e-09	4.535923519e-09	0.9999999834	4.280860667e-09	3.181736823e-09	
4.616420481e-09	4.535975795e-09	0.9999999833	4.36537544e-09	3.181772184e-09	
4.616367063e-09	4.535923494e-09	0.9999999834	4.280860645e-09	3.181736819e-09	
4.616420481e-09	4.535975795e-09	0.9999999833	4.36537544e-09	3.181772184e-09	
4.616367063e-09	4.535923519e-09	0.9999999834	4.280860667e-09	3.181736823e-09	
4.616420481e-09	4.535975795e-09	0.9999999833	4.36537544e-09	3.181772184e-09	
4.616367063e-09	4.535923543e-09	0.9999999834	4.28086069e-09	3.181736827e-09	
4.616367063e-09	4.535923519e-09	0.9999999834	4.280860667e-09	3.181736823e-09	
4.616699069e-09	4.968518303e-09	0.9999999829	4.28116614e-09	3.276913457e-09	
4.616367063e-09	4.535923519e-09	0.9999999834	4.280860667e-09	3.181736823e-09	
4.616420481e-09	4.535975819e-09	0.9999999833	4.365375463e-09	3.181772187e-09	
4.616367063e-09	4.535923543e-09	0.9999999834	4.28086069e-09	3.181736827e-09	
4.616420481e-09	4.535975819e-09	0.9999999833	4.365375463e-09	3.181772187e-09	
4.616367063e-09	4.535923519e-09	0.9999999834	4.280860667e-09	3.181736823e-09	
4.616420481e-09	4.535975819e-09	0.9999999833	4.365375463e-09	3.181772187e-09	
4.616420481e-09	4.535975819e-09	0.9999999833	4.365375463e-09	3.181772187e-09	
4.616367063e-09	4.535923519e-09	0.9999999834	4.280860667e-09	3.181736823e-09	
4.616699069e-09	4.968518303e-09	0.9999999829	4.28116614e-09	3.276913457e-09	
4.616367063e-09	4.535923519e-09	0.9999999834	4.280860667e-09	3.181736823e-09	
4.616420481e-09	4.535975819e-09	0.9999999833	4.365375463e-09	3.181772187e-09	
4.616420481e-09	4.535975819e-09	0.9999999833	4.365375463e-09	3.181772187e-09	
4.616367063e-09	4.535923519e-09	0.9999999834	4.280860667e-09	3.181736823e-09	
4.616420481e-09	4.535975819e-09	0.9999999833	4.365375463e-09	3.181772187e-09	
4.616367063e-09	4.535923543e-09	0.9999999834	4.28086069e-09	3.181736827e-09	
4.616420481e-09	4.535975819e-09	0.9999999833	4.365375463e-09	3.181772187e-09	
4.616699069e-09	4.968518276e-09	0.9999999829	4.281166118e-09	3.276913453e-09	
4.616367063e-09	4.535923494e-09	0.9999999834	4.280860645e-09	3.181736819e-09	
4.616420481e-09	4.535975795e-09	0.9999999833	4.36537544e-09	3.181772184e-09	
4.616367063e-09	4.535923519e-09	0.9999999834	4.280860667e-09	3.181736823e-09	
4.616420481e-09	4.535975795e-09	0.9999999833	4.36537544e-09	3.181772184e-09	
4.616367063e-09	4.535923494e-09	0.9999999834	4.280860645e-09	3.181736819e-09	
4.616420481e-09	4.535975795e-09	0.9999999833	4.36537544e-09	3.181772184e-09	
4.616367063e-09	4.535923519e-09	0.9999999834	4.280860667e-09	3.181736823e-09	
4.616420481e-09	4.535975795e-09	0.9999999833	4.36537544e-09	3.181772184e-09	
4.616699069e-09	4.968518276e-09	0.9999999829	4.281166118e-09	3.276913453e-09	
4.61675249e-09	4.968575564e-09	0.9999999828	4.365686943e-09	3.276949876e-09	
4.616699069e-09	4.968518303e-09	0.9999999829	4.28116614e-09	3.276913457e-09	
4.61675249e-09	4.968575564e-09	0.9999999828	4.365686943e-09	3.276949876e-09	
4.616699069e-09	4.968518276e-09	0.9999999829	4.281166118e-09	3.276913453e-09	
4.61675249e-09	4.968575564e-09	0.9999999828	4.365686943e-09	3.276949876e-09	
4.616699069e-09	4.968518303e-09	0.9999999829	4.28116614e-09	3.276913457e-09	
4.61675249e-09	4.968575564e-09	0.9999999828	4.365686943e-09	3.276949876e-09	
6.812495883e-08	0.0006666904652	0.9991201979	6.377834049e-08	0.0002129796968	
4.616420481e-09	4.535975795e-09	0.9999999833	4.36537544e-09	3.181772184e-09	
4.616367063e-09	4.535923519e-09	0.9999999834	4.280860667e-09	3.181736823e-09	
4.616420481e-09	4.535975795e-09	0.9999999833	4.36537544e-09	3.181772184e-09	
4.616367063e-09	4.535923494e-09	0.9999999834	4.280860645e-09	3.181736819e-09	
4.616420481e-09	4.535975795e-09	0.9999999833	4.36537544e-09	3.181772184e-09	
4.616367063e-09	4.535923519e-09	0.9999999834	4.280860667e-09	3.181736823e-09	
4.616420481e-09	4.535975795e-09	0.9999999833	4.36537544e-09	3.181772184e-09	
4.616420481e-09	4.535975819e-09	0.9999999833	4.365375463e-09	3.181772187e-09	
4.616473899e-09	4.536028096e-09	0.9999999832	4.451558766e-09	3.181807549e-09	
4.616420481e-09	4.535975795e-09	0.9999999833	4.36537544e-09	3.181772184e-09	
4.616473899e-09	4.536028096e-09	0.9999999832	4.451558766e-09	3.181807549e-09	
4.616420481e-09	4.535975819e-09	0.9999999833	4.365375463e-09	3.181772187e-09	
4.616473899e-09	4.536028096e-09	0.9999999832	4.451558766e-09	3.181807549e-09	
1.498739508e-08	1.464424602e-08	0.9998587179	0.0001412421905	1.027221423e-08	
4.616420481e-09	4.535975819e-09	0.9999999833	4.365375463e-09	3.181772187e-09	
4.616367063e-09	4.535923519e-09	0.9999999834	4.280860667e-09	3.181736823e-09	
4.616420481e-09	4.535975819e-09	0.9999999833	4.365375463e-09	3.181772187e-09	
4.616367063e-09	4.535923543e-09	0.9999999834	4.28086069e-09	3.181736827e-09	
4.616420481e-09	4.535975819e-09	0.9999999833	4.365375463e-09	3.181772187e-09	
4.616420481e-09	4.535975795e-09	0.9999999833	4.36537544e-09	3.181772184e-09	
4.616473899e-09	4.536028096e-09	0.9999999832	4.451558766e-09	3.181807549e-09	
4.616420481e-09	4.535975819e-09	0.9999999833	4.365375463e-09	3.181772187e-09	
4.616473899e-09	4.536028096e-09	0.9999999832	4.451558766e-09	3.181807549e-09	
1.498739508e-08	1.464424602e-08	0.9998587179	0.0001412421905	1.027221423e-08	
4.616420481e-09	4.535975795e-09	0.9999999833	4.36537544e-09	3.181772184e-09	
4.616367063e-09	4.535923519e-09	0.9999999834	4.280860667e-09	3.181736823e-09	
4.616420481e-09	4.535975795e-09	0.9999999833	4.36537544e-09	3.181772184e-09	
4.616420481e-09	4.535975819e-09	0.9999999833	4.365375463e-09	3.181772187e-09	
4.616473899e-09	4.536028096e-09	0.9999999832	4.451558766e-09	3.181807549e-09	
1.498739508e-08	1.464424602e-08	0.9998587179	0.0001412421905	1.027221423e-08	
4.616420481e-09	4.535975819e-09	0.9999999833	4.365375463e-09	3.181772187e-09	
1.498739508e-08	1.464424602e-08	0.9998587179	0.0001412421905	1.027221423e-08	
2.681044342e-08	0.0006348962387	2.737652012e-08	2.566376649e-08	0.9993650239	
8.214335906e-09	0.9140635106	8.372434594e-09	7.699159804e-09	0.08593646508	
8.227318366e-09	0.9134292497	8.385687463e-09	7.711328055e-09	0.086570726	
1.339120336e-08	0.8809181884	1.365755179e-08	6.060629828e-05	0.1190211782	
2.681044346e-08	0.0006349092606	2.737652016e-08	2.566376653e-08	0.9993650109	
8.586799477e-09	0.8958686872	8.748804425e-09	8.125267472e-09	0.1041312873	
9.713234429e-09	0.9348103264	7.93765911e-09	7.302078361e-09	0.06518964868	
9.25093316e-09	0.8959348345	9.306230599e-06	8.753734749e-09	0.1040558413	
8.24985599e-09	0.9123310504	8.408694807e-09	7.826098533e-09	0.08766892514	
8.052286662e-09	0.9219828488	8.205658783e-09	7.628721375e-09	0.0780171273	
8.391266826e-09	0.9054195182	8.554844518e-09	7.864993742e-09	0.09458045696	
2.425130683e-08	0.0005535626485	2.476839949e-08	2.296732393e-08	0.9994463654	
2.411178399e-08	0.000549128107	2.462596202e-08	2.283518813e-08	0.9994508003	
2.854644093e-08	0.0003852083208	2.917351192e-08	0.0001305432729	0.9994841907	
6.810210167e-09	3.308231534e-08	6.968162233e-09	6.586903282e-09	0.9999999466	
2.092359089e-08	0.0004477926636	2.136176333e-08	2.000538614e-08	0.999552145	
3.779563934e-08	0.0007461549853	3.094950887e-08	2.870970226e-08	0.9992537476	
2.255771947e-08	0.0004481400817	2.273876903e-05	2.156787733e-08	0.999529077	
2.387514715e-08	0.0005416015062	2.438438304e-08	2.288491873e-08	0.9994583273	
2.618440722e-08	0.0006149985324	2.673747952e-08	2.506568895e-08	0.9993849235	
2.251076929e-08	0.0004982420484	2.2996324e-08	2.131893772e-08	0.9995016911	
1.778044656e-08	0.0003478929971	1.815928423e-08	1.70387253e-08	0.999652054	
8.428159334e-09	0.9019495025	8.592146182e-09	7.815602524e-09	0.09805047263	
2.42513069e-08	0.0005535740032	2.476839957e-08	2.2967324e-08	0.999446354	
8.774048033e-09	0.8823602163	8.941408686e-09	8.214198693e-09	0.1176397577	
9.981330433e-09	0.9259359339	8.158410573e-09	7.423862216e-09	0.07406404049	
9.452764197e-09	0.8824347023	9.511207183e-06	8.849638187e-09	0.1175557682	
8.259110623e-09	0.9115274942	8.418138377e-09	7.741491837e-09	0.08847248143	
8.586126088e-09	0.8930020544	8.755287316e-09	7.962087817e-09	0.1069979203	
9.283309612e-09	0.8535147174	9.463765183e-09	8.710673782e-09	0.1464852551	
2.411178406e-08	0.0005491393708	2.46259621e-08	2.28351882e-08	0.9994507891	
8.78566608e-09	0.8815222955	8.95327027e-09	8.225075429e-09	0.1184776785	
9.998064015e-09	0.9253821452	8.172108067e-09	7.436308239e-09	0.07461782916	
9.46528717e-09	0.8815972894	9.523830907e-06	8.861362149e-09	0.1183931685	
8.462343091e-09	0.8999995443	8.627053004e-09	7.942339083e-09	0.1000004307	
8.598233933e-09	0.892230675	8.76765518e-09	7.973315673e-09	0.1077692997	
9.29343799e-09	0.8525056812	9.474113648e-09	8.720177405e-09	0.1474942913	
2.854644112e-08	0.0003852162235	2.917351211e-08	0.0001305432738	0.9994841828	
1.411509389e-08	0.8391541369	1.439340862e-08	6.380816354e-05	0.1607820264	
1.520732716e-08	0.8392448817	1.531100339e-05	6.874590886e-05	0.1606710461	
1.369821179e-08	0.8632068891	1.397360929e-08	6.207960568e-05	0.1367310036	
1.34498232e-08	0.8775363657	1.371744724e-08	6.087447526e-05	0.1224027327	
1.475734669e-08	0.8021000014	1.505370311e-08	6.686278662e-05	0.197833106	
1.529054552e-08	9.379591121e-05	1.562963025e-08	0.9998693403	3.683289996e-05	
1.534263469e-08	9.373983171e-05	1.562627272e-08	0.9998694049	3.682431534e-05	
1.529053692e-08	9.373964328e-05	1.562624132e-08	0.9998694052	3.682424436e-05	
1.529051829e-08	9.385909057e-05	1.556905298e-08	0.9998692675	3.684255784e-05	
2.0923591e-08	0.0004478018497	2.136176344e-08	2.000538625e-08	0.9995521359	
3.779563931e-08	0.0007461702875	3.094950885e-08	2.870970224e-08	0.9992537323	
2.255771959e-08	0.000448149275	2.273876915e-05	2.156787744e-08	0.9995290678	
2.387514723e-08	0.0005416126157	2.438438312e-08	2.288491881e-08	0.9994583162	
2.618440727e-08	0.0006150111464	2.673747957e-08	2.5065689e-08	0.9993849109	
2.251076938e-08	0.0004982522689	2.29963241e-08	2.131893781e-08	0.9995016809	
1.778044669e-08	0.0003479001345	1.815928437e-08	1.703872543e-08	0.9996520469	
1.046268747e-08	0.9100073088	8.548668159e-09	7.856338587e-09	0.08999266431	
9.809531256e-09	0.8585807196	9.866500786e-06	9.271508813e-09	0.1414093948	
8.805831189e-09	0.8800724804	8.973858372e-09	8.3437949e-09	0.1199274935	
8.628535877e-09	0.8928586715	8.79139854e-09	8.165146018e-09	0.1071413029	
8.931874036e-09	0.8709774437	9.104452035e-09	8.361953739e-09	0.1290225299	
9.57002524e-09	0.8249552381	9.752417519e-09	9.065619085e-09	0.1750447335	
2.091840048e-08	0.0002187887292	2.13452174e-08	1.958366082e-08	0.9997811494	
1.127178418e-08	0.9100644209	9.09324203e-06	8.463911208e-09	0.08992646615	
1.002711686e-08	0.9244230295	8.195889943e-09	7.548238506e-09	0.07557694476	
9.772725184e-09	0.9328415728	7.986338828e-09	7.347148305e-09	0.0671584021	
1.020965978e-08	0.9183795045	8.347062761e-09	7.593687392e-09	0.08162046932	
1.115566907e-08	0.887073322	9.118134866e-09	8.39568779e-09	0.1129266493	
0.001418627109	0.9983849014	8.587788528e-08	7.835410662e-08	0.0001963073053	
9.487022938e-09	0.8801483505	9.545741857e-06	8.989275892e-09	0.1198420853	
9.29591952e-09	0.8929267018	9.351560629e-06	8.796718533e-09	0.1070639285	
9.622884606e-09	0.8710587338	9.684726935e-06	9.008903675e-09	0.1289315629	
1.031077785e-08	0.8250619799	1.037436473e-05	9.767362553e-09	0.1749276256	
2.255212821e-08	0.0002189585194	2.272116109e-05	2.111321801e-08	0.9997582767	
8.294360399e-09	0.9097489563	8.454123672e-09	7.868688395e-09	0.09025101909	
9.311018074e-09	0.8507609025	9.492076024e-09	8.842481349e-09	0.1492390699	
8.434652104e-09	0.9026555803	8.599144288e-09	7.906031241e-09	0.09734439479	
9.156064023e-09	0.8661970508	9.332217729e-09	8.683991418e-09	0.1338029221	
1.777512733e-08	0.0001699696817	1.814429142e-08	1.667868645e-08	0.9998299777	
0.9999999829	4.614278396e-09	4.762501093e-09	4.447349739e-09	3.231725322e-09	
0.9999946493	5.337217392e-06	5.160507413e-09	4.718886941e-09	3.605505455e-09	
0.999999983	4.614484036e-09	4.762441691e-09	4.35461717e-09	3.2316867e-09	
0.999999983	4.614484036e-09	4.762441691e-09	4.35461717e-09	3.2316867e-09	
0.999999983	4.61479116e-09	4.762442056e-09	4.354890877e-09	3.231686942e-09	
0.999999983	4.61479116e-09	4.762442056e-09	4.354890877e-09	3.231686942e-09	
0.9999999829	4.614543988e-09	4.762503876e-09	4.451487026e-09	3.231727137e-09	
0.999999983	4.61479116e-09	4.762442056e-09	4.354890877e-09	3.231686942e-09	
0.999999983	4.610804971e-09	4.762439623e-09	4.354888675e-09	3.231685304e-09	
0.9999949464	5.000651481e-09	5.160648607e-09	5.039932905e-06	3.501889297e-09	
0.999999983	4.614484036e-09	4.762441691e-09	4.35461717e-09	3.2316867e-09	
0.999999983	4.61479116e-09	4.762442056e-09	4.354890877e-09	3.231686942e-09	
0.9999999829	4.614278396e-09	4.762501093e-09	4.447349739e-09	3.231725322e-09	
0.9999946494	5.336979546e-06	5.160571781e-09	4.81937672e-09	3.605548545e-09	
0.9999999829	4.614278396e-09	4.762501093e-09	4.447349739e-09	3.231725322e-09	
0.9999999829	4.614278396e-09	4.762501093e-09	4.447349739e-09	3.231725322e-09	
0.9999999829	4.614585507e-09	4.762501458e-09	4.447629275e-09	3.231725564e-09	
0.9999999829	4.614585507e-09	4.762501458e-09	4.447629275e-09	3.231725564e-09	
0.9999999828	4.614338346e-09	4.762563279e-09	4.546282462e-09	3.231765759e-09	
0.9999999829	4.614585507e-09	4.762501458e-09	4.447629275e-09	3.231725564e-09	
0.9999999829	4.610599496e-09	4.762499026e-09	4.447627026e-09	3.231723926e-09	
0.9999948391	5.000428096e-09	5.160712423e-09	5.147258878e-06	3.501930772e-09	
0.9999999829	4.614278396e-09	4.762501093e-09	4.447349739e-09	3.231725322e-09	
0.9999999829	4.614585507e-09	4.762501458e-09	4.447629275e-09	3.231725564e-09	
0.9999999828	4.614072766e-09	4.762560496e-09	4.54205707e-09	3.231763944e-09	
0.9998473585	1.551376174e-08	1.617760828e-08	0.0001525989066	1.087408264e-08	
0.9999946493	5.337217392e-06	5.160507413e-09	4.718886941e-09	3.605505455e-09	
0.9999946493	5.337217392e-06	5.160507413e-09	4.718886941e-09	3.605505455e-09	
0.9999946489	5.337572617e-06	5.160507807e-09	4.719183543e-09	3.605505723e-09	
0.9999946489	5.337572617e-06	5.160507807e-09	4.719183543e-09	3.605505723e-09	
0.9999946491	5.337286733e-06	5.160574795e-09	4.823860095e-09	3.605550568e-09	
0.9999946489	5.337572617e-06	5.160507807e-09	4.719183543e-09	3.605505723e-09	
0.9999887451	5.783862441e-06	5.591993355e-09	5.461525551e-06	3.906959795e-09	
0.9999946493	5.337217392e-06	5.160507413e-09	4.718886941e-09	3.605505455e-09	
0.9999946489	5.337572617e-06	5.160507807e-09	4.719183543e-09	3.605505723e-09	
0.9999946494	5.336979546e-06	5.160571781e-09	4.81937672e-09	3.605548545e-09	
0.999999983	4.614484036e-09	4.762441691e-09	4.35461717e-09	3.2316867e-09	
0.999999983	4.61479116e-09	4.762442056e-09	4.354890877e-09	3.231686942e-09	
0.999999983	4.61479116e-09	4.762442056e-09	4.354890877e-09	3.231686942e-09	
0.9999999829	4.614543988e-09	4.762503876e-09	4.451487026e-09	3.231727137e-09	
0.999999983	4.61479116e-09	4.762442056e-09	4.354890877e-09	3.231686942e-09	
0.999999983	4.610804971e-09	4.762439623e-09	4.354888675e-09	3.231685304e-09	
0.9999949464	5.000651481e-09	5.160648607e-09	5.039932905e-06	3.501889297e-09	
0.999999983	4.614484036e-09	4.762441691e-09	4.35461717e-09	3.2316867e-09	
0.999999983	4.61479116e-09	4.762442056e-09	4.354890877e-09	3.231686942e-09	
0.9999999829	4.614278396e-09	4.762501093e-09	4.447349739e-09	3.231725322e-09	
0.999999983	4.61479116e-09	4.762442056e-09	4.354890877e-09	3.231686942e-09	
0.999999983	4.61479116e-09	4.762442056e-09	4.354890877e-09	3.231686942e-09	
0.9999999829	4.614543988e-09	4.762503876e-09	4.451487026e-09	3.231727137e-09	
0.999999983	4.61479116e-09	4.762442056e-09	4.354890877e-09	3.231686942e-09	
0.999999983	4.610804971e-09	4.762439623e-09	4.354888675e-09	3.231685304e-09	
0.9999949464	5.000651481e-09	5.160648607e-09	5.039932905e-06	3.501889297e-09	
0.999999983	4.614484036e-09	4.762441691e-09	4.35461717e-09	3.2316867e-09	
0.999999983	4.61479116e-09	4.762442056e-09	4.354890877e-09	3.231686942e-09	
0.9999999829	4.614278396e-09	4.762501093e-09	4.447349739e-09	3.231725322e-09	
0.999999983	4.615098305e-09	4.762442421e-09	4.355164602e-09	3.231687184e-09	
0.9999999829	4.614851116e-09	4.762504241e-09	4.451766823e-09	3.231727379e-09	
0.999999983	4.615098305e-09	4.762442421e-09	4.355164602e-09	3.231687184e-09	
0.999999983	4.61111185e-09	4.762439989e-09	4.3551624e-09	3.231685546e-09	
0.9999949461	5.000984305e-09	5.160649002e-09	5.040249687e-06	3.501889558e-09	
0.999999983	4.61479116e-09	4.762442056e-09	4.354890877e-09	3.231686942e-09	
0.9999999829	4.614585507e-09	4.762501458e-09	4.447629275e-09	3.231725564e-09	
0.9999999829	4.614851116e-09	4.762504241e-09	4.451766823e-09	3.231727379e-09	
0.999999983	4.61111185e-09	4.762439989e-09	4.3551624e-09	3.231685546e-09	
0.9999949461	5.000984305e-09	5.160649002e-09	5.040249687e-06	3.501889558e-09	
0.999999983	4.61479116e-09	4.762442056e-09	4.354890877e-09	3.231686942e-09	
0.999999983	4.615098305e-09	4.762442421e-09	4.355164602e-09	3.231687184e-09	
0.9999999829	4.614585507e-09	4.762501458e-09	4.447629275e-09	3.231725564e-09	
0.9999999829	4.614851116e-09	4.762504241e-09	4.451766823e-09	3.231727379e-09	
0.9999999829	4.610864875e-09	4.762501809e-09	4.451764571e-09	3.231725741e-09	
0.9999999829	4.614543988e-09	4.762503876e-09	4.451487026e-09	3.231727137e-09	
0.9999999829	4.614851116e-09	4.762504241e-09	4.451766823e-09	3.231727379e-09	
0.9999999828	4.614338346e-09	4.762563279e-09	4.546282462e-09	3.231765759e-09	
0.9998472166	1.551465249e-08	1.617761543e-08	0.0001527408448	1.08740872e-08	
0.999999983	4.61111185e-09	4.762439989e-09	4.3551624e-09	3.231685546e-09	
0.9999949461	5.000984305e-09	5.160649002e-09	5.040249687e-06	3.501889558e-09	
0.999999983	4.61479116e-09	4.762442056e-09	4.354890877e-09	3.231686942e-09	
0.999999983	4.615098305e-09	4.762442421e-09	4.355164602e-09	3.231687184e-09	
0.9999999829	4.614585507e-09	4.762501458e-09	4.447629275e-09	3.231725564e-09	
0.9999949461	4.996664528e-09	5.160646366e-09	5.040247138e-06	3.501887783e-09	
0.999999983	4.610804971e-09	4.762439623e-09	4.354888675e-09	3.231685304e-09	
0.999999983	4.61111185e-09	4.762439989e-09	4.3551624e-09	3.231685546e-09	
0.9999999829	4.610599496e-09	4.762499026e-09	4.447627026e-09	3.231723926e-09	
0.9999949464	5.000651481e-09	5.160648607e-09	5.039932905e-06	3.501889297e-09	
0.9999949461	5.000984305e-09	5.160649002e-09	5.040249687e-06	3.501889558e-09	
0.9999948391	5.000428096e-09	5.160712423e-09	5.147258878e-06	3.501930772e-09	
0.001064016535	6.787142324e-08	7.009886554e-08	0.9989357979	4.756722779e-08	
0.999999983	4.61479116e-09	4.762442056e-09	4.354890877e-09	3.231686942e-09	
0.9999999829	4.614278396e-09	4.762501093e-09	4.447349739e-09	3.231725322e-09	
0.9999999829	4.614585507e-09	4.762501458e-09	4.447629275e-09	3.231725564e-09	
0.9998473585	1.551376174e-08	1.617760828e-08	0.0001525989066	1.087408264e-08	
6.803021541e-09	6.684473141e-09	6.909811102e-09	6.308589658e-09	0.9999999733	
6.803021541e-09	6.684473141e-09	6.909811102e-09	6.308589658e-09	0.9999999733	
6.803021541e-09	6.684473141e-09	6.909811102e-09	6.308589658e-09	0.9999999733	
6.803021541e-09	6.684473141e-09	6.909811102e-09	6.308589658e-09	0.9999999733	
6.803021541e-09	6.684473141e-09	6.909811102e-09	6.308589658e-09	0.9999999733	
6.80302154e-09	6.684472603e-09	6.909811081e-09	6.308589657e-09	0.9999999733	
6.803021541e-09	6.684473141e-09	6.909811102e-09	6.308589658e-09	0.9999999733	
6.80302154e-09	6.684472603e-09	6.909811081e-09	6.308589657e-09	0.9999999733	
6.80302154e-09	6.684472603e-09	6.909811081e-09	6.308589657e-09	0.9999999733	
6.803021541e-09	6.684473141e-09	6.909811102e-09	6.308589658e-09	0.9999999733	
6.803021541e-09	6.684473141e-09	6.909811102e-09	6.308589658e-09	0.9999999733	
6.803021541e-09	6.684473141e-09	6.909811102e-09	6.308589658e-09	0.9999999733	
6.803021541e-09	6.684473141e-09	6.909811102e-09	6.308589658e-09	0.9999999733	
6.80336776e-09	7.263995591e-09	6.931962609e-09	6.308908624e-09	0.9999999727	
6.803021541e-09	6.684473141e-09	6.909811102e-09	6.308589658e-09	0.9999999733	
6.803021541e-09	6.684473141e-09	6.909811102e-09	6.308589658e-09	0.9999999733	
6.803021541e-09	6.684473141e-09	6.909811102e-09	6.308589658e-09	0.9999999733	
6.803021541e-09	6.684473141e-09	6.909811102e-09	6.308589658e-09	0.9999999733	
6.80302154e-09	6.684472603e-09	6.909811081e-09	6.308589657e-09	0.9999999733	
6.803021541e-09	6.684473141e-09	6.909811102e-09	6.308589658e-09	0.9999999733	
6.80302154e-09	6.684472603e-09	6.909811081e-09	6.308589657e-09	0.9999999733	
6.80302154e-09	6.684472603e-09	6.909811081e-09	6.308589657e-09	0.9999999733	
6.803021541e-09	6.684473141e-09	6.909811102e-09	6.308589658e-09	0.9999999733	
6.803021541e-09	6.684473141e-09	6.909811102e-09	6.308589658e-09	0.9999999733	
6.803021541e-09	6.684473141e-09	6.909811102e-09	6.308589658e-09	0.9999999733	
6.803021541e-09	6.684473141e-09	6.909811102e-09	6.308589658e-09	0.9999999733	
6.80336776e-09	7.263995591e-09	6.931962609e-09	6.308908624e-09	0.9999999727	
6.803021541e-09	6.684473141e-09	6.909811102e-09	6.308589658e-09	0.9999999733	
6.803021541e-09	6.684473141e-09	6.909811102e-09	6.308589658e-09	0.9999999733	
6.803021541e-09	6.684473141e-09	6.909811102e-09	6.308589658e-09	0.9999999733	
6.80302154e-09	6.684472603e-09	6.909811081e-09	6.308589657e-09	0.9999999733	
6.803021541e-09	6.684473141e-09	6.909811102e-09	6.308589658e-09	0.9999999733	
6.80302154e-09	6.684472603e-09	6.909811081e-09	6.308589657e-09	0.9999999733	
6.80302154e-09	6.684472603e-09	6.909811081e-09	6.308589657e-09	0.9999999733	
6.803021541e-09	6.684473141e-09	6.909811102e-09	6.308589658e-09	0.9999999733	
6.803021541e-09	6.684473141e-09	6.909811102e-09	6.308589658e-09	0.9999999733	
6.803021541e-09	6.684473141e-09	6.909811102e-09	6.308589658e-09	0.9999999733	
6.803021541e-09	6.684473141e-09	6.909811102e-09	6.308589658e-09	0.9999999733	
6.80336776e-09	7.263995591e-09	6.931962609e-09	6.308908624e-09	0.9999999727	
6.803021541e-09	6.684473141e-09	6.909811102e-09	6.308589658e-09	0.9999999733	
6.803021541e-09	6.684473141e-09	6.909811102e-09	6.308589658e-09	0.9999999733	
6.80302154e-09	6.684472603e-09	6.909811081e-09	6.308589657e-09	0.9999999733	
6.803021541e-09	6.684473141e-09	6.909811102e-09	6.308589658e-09	0.9999999733	
6.80302154e-09	6.684472603e-09	6.909811081e-09	6.308589657e-09	0.9999999733	
6.80302154e-09	6.684472603e-09	6.909811081e-09	6.308589657e-09	0.9999999733	
6.803021541e-09	6.684473141e-09	6.909811102e-09	6.308589658e-09	0.9999999733	
6.803021541e-09	6.684473141e-09	6.909811102e-09	6.308589658e-09	0.9999999733	
6.803021541e-09	6.684473141e-09	6.909811102e-09	6.308589658e-09	0.9999999733	
6.803021541e-09	6.684473141e-09	6.909811102e-09	6.308589658e-09	0.9999999733	
6.80336776e-09	7.263995591e-09	6.931962609e-09	6.308908624e-09	0.9999999727	
6.803021541e-09	6.684473141e-09	6.909811102e-09	6.308589658e-09	0.9999999733	
6.80302154e-09	6.684472603e-09	6.909811081e-09	6.308589657e-09	0.9999999733	
6.803021541e-09	6.684473141e-09	6.909811102e-09	6.308589658e-09	0.9999999733	
6.80302154e-09	6.684472603e-09	6.909811081e-09	6.308589657e-09	0.9999999733	
6.80302154e-09	6.684472603e-09	6.909811081e-09	6.308589657e-09	0.9999999733	
6.803021541e-09	6.684473141e-09	6.909811102e-09	6.308589658e-09	0.9999999733	
6.803021541e-09	6.684473141e-09	6.909811102e-09	6.308589658e-09	0.9999999733	
6.803021541e-09	6.684473141e-09	6.909811102e-09	6.308589658e-09	0.9999999733	
6.803021541e-09	6.684473141e-09	6.909811102e-09	6.308589658e-09	0.9999999733	
6.80336776e-09	7.263995591e-09	6.931962609e-09	6.308908624e-09	0.9999999727	
6.80302154e-09	6.684472603e-09	6.909811081e-09	6.308589657e-09	0.9999999733	
6.803021541e-09	6.684473141e-09	6.909811102e-09	6.308589658e-09	0.9999999733	
6.80302154e-09	6.684472603e-09	6.909811081e-09	6.308589657e-09	0.9999999733	
6.80302154e-09	6.684472603e-09	6.909811081e-09	6.308589657e-09	0.9999999733	
6.803021541e-09	6.684473141e-09	6.909811102e-09	6.308589658e-09	0.9999999733	
6.803021541e-09	6.684473141e-09	6.909811102e-09	6.308589658e-09	0.9999999733	
6.803021541e-09	6.684473141e-09	6.909811102e-09	6.308589658e-09	0.9999999733	
6.803021541e-09	6.684473141e-09	6.909811102e-09	6.308589658e-09	0.9999999733	
6.80336776e-09	7.263995591e-09	6.931962609e-09	6.308908624e-09	0.9999999727	
6.80302154e-09	6.684472603e-09	6.909811081e-09	6.308589657e-09	0.9999999733	
6.80302154e-09	6.684472065e-09	6.909811059e-09	6.308589657e-09	0.9999999733	
6.80302154e-09	6.684472065e-09	6.909811059e-09	6.308589657e-09	0.9999999733	
6.80302154e-09	6.684472603e-09	6.909811081e-09	6.308589657e-09	0.9999999733	
6.80302154e-09	6.684472603e-09	6.909811081e-09	6.308589657e-09	0.9999999733	
6.80302154e-09	6.684472603e-09	6.909811081e-09	6.308589657e-09	0.9999999733	
6.80302154e-09	6.684472603e-09	6.909811081e-09	6.308589657e-09	0.9999999733	
6.80302154e-09	6.684472603e-09	6.909811081e-09	6.308589657e-09	0.9999999733	
6.80302154e-09	6.684472603e-09	6.909811081e-09	6.308589657e-09	0.9999999733	
6.803021541e-09	6.684473141e-09	6.909811102e-09	6.308589658e-09	0.9999999733	
6.803021541e-09	6.684473141e-09	6.909811102e-09	6.308589658e-09	0.9999999733	
6.803021541e-09	6.684473141e-09	6.909811102e-09	6.308589658e-09	0.9999999733	
6.803021541e-09	6.684473141e-09	6.909811102e-09	6.308589658e-09	0.9999999733	
6.80336776e-09	7.263995591e-09	6.931962609e-09	6.308908624e-09	0.9999999727	
6.80302154e-09	6.684472065e-09	6.909811059e-09	6.308589657e-09	0.9999999733	
6.80302154e-09	6.684472603e-09	6.909811081e-09	6.308589657e-09	0.9999999733	
6.80302154e-09	6.684472603e-09	6.909811081e-09	6.308589657e-09	0.9999999733	
6.80302154e-09	6.684472603e-09	6.909811081e-09	6.308589657e-09	0.9999999733	
6.80302154e-09	6.684472603e-09	6.909811081e-09	6.308589657e-09	0.9999999733	
6.80302154e-09	6.684472603e-09	6.909811081e-09	6.308589657e-09	0.9999999733	
6.80302154e-09	6.684472603e-09	6.909811081e-09	6.308589657e-09	0.9999999733	
6.80302154e-09	6.684472603e-09	6.909811081e-09	6.308589657e-09	0.9999999733	
6.80302154e-09	6.684472603e-09	6.909811081e-09	6.308589657e-09	0.9999999733	
6.803021541e-09	6.684473141e-09	6.909811102e-09	6.308589658e-09	0.9999999733	
6.803021541e-09	6.684473141e-09	6.909811102e-09	6.308589658e-09	0.9999999733	
6.803021541e-09	6.684473141e-09	6.909811102e-09	6.308589658e-09	0.9999999733	
6.80336776e-09	7.263995591e-09	6.931962609e-09	6.308908624e-09	0.9999999727	
6.803021541e-09	6.684473141e-09	6.909811102e-09	6.308589658e-09	0.9999999733	
6.803021541e-09	6.684473141e-09	6.909811102e-09	6.308589658e-09	0.9999999733	
6.80336776e-09	7.263995591e-09	6.931962609e-09	6.308908624e-09	0.9999999727	
6.803021541e-09	6.684473141e-09	6.909811102e-09	6.308589658e-09	0.9999999733	
6.80336776e-09	7.263995591e-09	6.931962609e-09	6.308908624e-09	0.9999999727	
6.80336776e-09	7.263995591e-09	6.931962609e-09	6.308908624e-09	0.9999999727	
5.056370517e-09	5.021714162e-09	5.155714321e-09	0.9999999813	3.499688523e-09	
5.07461651e-09	5.021724722e-09	5.155725247e-09	0.9999999812	3.499695634e-09	
5.784750301e-09	5.02211284e-09	5.156124985e-09	0.9999999805	3.499957829e-09	
5.056370517e-09	5.021714162e-09	5.155714321e-09	0.9999999813	3.499688523e-09	
5.07461651e-09	5.021724722e-09	5.155725247e-09	0.9999999812	3.499695634e-09	
7.409172037e-09	7.317425986e-09	3.397857857e-05	0.9999660016	5.099581512e-09	
5.07365191e-09	5.072767006e-09	5.174710995e-09	0.9999999812	3.513661237e-09	
5.056382712e-09	5.021726215e-09	5.177037661e-09	0.9999999812	3.499696656e-09	
5.056383088e-09	5.021727068e-09	5.178467491e-09	0.9999999812	3.499697209e-09	
5.05642371e-09	5.072756807e-09	5.174700594e-09	0.9999999812	3.513654464e-09	
5.0736092e-09	5.021734874e-09	5.17466731e-09	0.9999999812	3.49970247e-09	
5.056370483e-09	5.021714154e-09	5.155714312e-09	0.9999999813	3.499688521e-09	
5.074628094e-09	5.021736075e-09	5.175787917e-09	0.9999999812	3.49970329e-09	
5.05638196e-09	5.021725528e-09	5.175776898e-09	0.9999999812	3.49969618e-09	
5.056382712e-09	5.02172625e-09	5.177037647e-09	0.9999999812	3.499696663e-09	
5.056418246e-09	5.079221443e-09	5.155763126e-09	0.9999999812	3.515402362e-09	
5.075717985e-09	4.968225635e-09	5.156935742e-09	0.9999999813	3.48497435e-09	
5.074559943e-09	4.968213037e-09	5.13569446e-09	0.9999999813	3.484965803e-09	
5.784685817e-09	4.968597019e-09	5.136092645e-09	0.9999999806	3.485226894e-09	
5.074559943e-09	4.968213037e-09	5.13569446e-09	0.9999999813	3.484965803e-09	
5.073595353e-09	5.018711413e-09	5.154606445e-09	0.9999999813	3.498872626e-09	
5.056326348e-09	4.968214514e-09	5.156924072e-09	0.9999999813	3.48496682e-09	
5.056326724e-09	4.968215357e-09	5.158348347e-09	0.9999999813	3.484967371e-09	
5.056367345e-09	5.018701322e-09	5.154596085e-09	0.9999999813	3.498865881e-09	
5.073552644e-09	4.968223081e-09	5.154562931e-09	0.9999999813	3.48497261e-09	
5.056314119e-09	4.968202581e-09	5.135683568e-09	0.9999999814	3.484958719e-09	
5.074571527e-09	4.968224269e-09	5.155679184e-09	0.9999999813	3.484973426e-09	
5.056325596e-09	4.968213834e-09	5.155668207e-09	0.9999999813	3.484966347e-09	
5.056326348e-09	4.968214548e-09	5.156924058e-09	0.9999999813	3.484966827e-09	
5.056361882e-09	5.02509707e-09	5.135732192e-09	0.9999999813	3.500606423e-09	
5.094033794e-09	4.968236083e-09	5.156946671e-09	0.9999999813	3.484981431e-09	
5.075717985e-09	4.968225635e-09	5.156935742e-09	0.9999999813	3.48497435e-09	
5.094033794e-09	4.968236083e-09	5.156946671e-09	0.9999999813	3.484981431e-09	
7.4375221e-09	7.239484746e-09	3.398662804e-05	0.9999659936	5.07814067e-09	
5.093065503e-09	5.018734693e-09	5.175936916e-09	0.9999999812	3.498888317e-09	
5.075730227e-09	4.96823756e-09	5.178264134e-09	0.9999999813	3.484982449e-09	
5.075730604e-09	4.968238403e-09	5.179694303e-09	0.9999999813	3.484982999e-09	
5.075771382e-09	5.018724602e-09	5.175926513e-09	0.9999999812	3.498881572e-09	
5.093022629e-09	4.968246126e-09	5.175893222e-09	0.9999999813	3.484988239e-09	
5.075717951e-09	4.968225627e-09	5.156935734e-09	0.9999999813	3.484974348e-09	
5.094045423e-09	4.968247315e-09	5.177014094e-09	0.9999999813	3.484989055e-09	
3.151921155e-05	7.1094784e-09	7.449855206e-09	0.9999684612	4.986947069e-09	
5.075729472e-09	4.96823688e-09	5.177003072e-09	0.9999999813	3.484981975e-09	
5.075730227e-09	4.968237594e-09	5.17826412e-09	0.9999999813	3.484982455e-09	
5.075765897e-09	5.02512038e-09	5.156984559e-09	0.9999999812	3.500622122e-09	
5.805559948e-09	4.968607467e-09	5.136103529e-09	0.9999999806	3.485233976e-09	
5.074559943e-09	4.968213037e-09	5.13569446e-09	0.9999999813	3.484965803e-09	
5.092871573e-09	4.968223484e-09	5.135705344e-09	0.9999999813	3.484972884e-09	
5.091903502e-09	5.018721966e-09	5.154617369e-09	0.9999999812	3.498879736e-09	
5.074572182e-09	4.968224961e-09	5.156935001e-09	0.9999999813	3.484973902e-09	
5.074572559e-09	4.968225805e-09	5.158359279e-09	0.9999999813	3.484974453e-09	
5.074613327e-09	5.018711876e-09	5.154607009e-09	0.9999999813	3.498872991e-09	
5.091860639e-09	4.968233528e-09	5.154573854e-09	0.9999999813	3.484979692e-09	
5.074559908e-09	4.968213028e-09	5.135694452e-09	0.9999999813	3.484965801e-09	
5.092883199e-09	4.968234717e-09	5.15569011e-09	0.9999999813	3.484980508e-09	
3.151202056e-05	7.109460423e-09	7.419169502e-09	0.9999684685	4.986934875e-09	
5.074571427e-09	4.968224282e-09	5.155679133e-09	0.9999999813	3.484973428e-09	
5.074572182e-09	4.968224996e-09	5.156934987e-09	0.9999999813	3.484973909e-09	
5.074607844e-09	5.025107637e-09	5.135743075e-09	0.9999999813	3.500613537e-09	
5.784685817e-09	4.968597019e-09	5.136092645e-09	0.9999999806	3.485226894e-09	
5.805559948e-09	4.968607467e-09	5.136103529e-09	0.9999999806	3.485233976e-09	
5.804456407e-09	5.019109852e-09	5.15501702e-09	0.9999999805	3.49914187e-09	
5.78469977e-09	4.968608945e-09	5.157334832e-09	0.9999999806	3.485234994e-09	
5.784746672e-09	5.019099761e-09	5.155006659e-09	0.9999999805	3.499135124e-09	
5.804407545e-09	4.968617512e-09	5.154973503e-09	0.9999999806	3.485240784e-09	
5.784685778e-09	4.968597011e-09	5.136092636e-09	0.9999999806	3.485226892e-09	
5.805573201e-09	4.968618701e-09	5.156089845e-09	0.9999999806	3.4852416e-09	
5.784698909e-09	4.968608265e-09	5.156078867e-09	0.9999999806	3.48523452e-09	
5.78469977e-09	4.968608979e-09	5.157334818e-09	0.9999999806	3.485235e-09	
5.784740422e-09	5.025496017e-09	5.136141264e-09	0.9999999806	3.5008758e-09	
5.074559943e-09	4.968213037e-09	5.13569446e-09	0.9999999813	3.484965803e-09	
5.073595353e-09	5.018711413e-09	5.154606445e-09	0.9999999813	3.498872626e-09	
5.056326348e-09	4.968214514e-09	5.156924072e-09	0.9999999813	3.48496682e-09	
5.056326724e-09	4.968215357e-09	5.158348347e-09	0.9999999813	3.484967371e-09	
5.056367345e-09	5.018701322e-09	5.154596085e-09	0.9999999813	3.498865881e-09	
5.073552644e-09	4.968223081e-09	5.154562931e-09	0.9999999813	3.48497261e-09	
5.056314119e-09	4.968202581e-09	5.135683568e-09	0.9999999814	3.484958719e-09	
5.074571527e-09	4.968224269e-09	5.155679184e-09	0.9999999813	3.484973426e-09	
5.056325596e-09	4.968213834e-09	5.155668207e-09	0.9999999813	3.484966347e-09	
5.056326348e-09	4.968214548e-09	5.156924058e-09	0.9999999813	3.484966827e-09	
5.056361882e-09	5.02509707e-09	5.135732192e-09	0.9999999813	3.500606423e-09	
5.091903502e-09	5.018721966e-09	5.154617369e-09	0.9999999812	3.498879736e-09	
5.074572182e-09	4.968224961e-09	5.156935001e-09	0.9999999813	3.484973902e-09	
5.074572559e-09	4.968225805e-09	5.158359279e-09	0.9999999813	3.484974453e-09	
5.074613327e-09	5.018711876e-09	5.154607009e-09	0.9999999813	3.498872991e-09	
5.091860639e-09	4.968233528e-09	5.154573854e-09	0.9999999813	3.484979692e-09	
5.074559908e-09	4.968213028e-09	5.135694452e-09	0.9999999813	3.484965801e-09	
5.092883199e-09	4.968234717e-09	5.15569011e-09	0.9999999813	3.484980508e-09	
3.151202056e-05	7.109460423e-09	7.419169502e-09	0.9999684685	4.986934875e-09	
5.074571427e-09	4.968224282e-09	5.155679133e-09	0.9999999813	3.484973428e-09	
5.074572182e-09	4.968224996e-09	5.156934987e-09	0.9999999813	3.484973909e-09	
5.074607844e-09	5.025107637e-09	5.135743075e-09	0.9999999813	3.500613537e-09	
7.43441189e-09	7.313050562e-09	3.39712774e-05	0.9999660089	5.098392663e-09	
7.409107258e-09	7.239468541e-09	3.398655113e-05	0.9999659937	5.078129699e-09	
7.409107738e-09	7.239469702e-09	3.399593745e-05	0.9999659843	5.078130454e-09	
7.409167445e-09	7.313035859e-09	3.397120912e-05	0.999966009	5.098382835e-09	
7.43434931e-09	7.239481137e-09	3.397099063e-05	0.9999660093	5.078138215e-09	
7.43584224e-09	7.239482816e-09	3.397834701e-05	0.9999660019	5.078139367e-09	
4.600763707e-05	1.035927361e-08	4.889426946e-05	0.9999050805	7.266498456e-09	
7.409106217e-09	7.239467611e-09	3.397827467e-05	0.999966002	5.078129052e-09	
7.409107258e-09	7.239468591e-09	3.398655104e-05	0.9999659937	5.078129709e-09	
5.07360759e-09	5.018723458e-09	5.175925203e-09	0.9999999812	3.498880758e-09	
5.073607967e-09	5.01872431e-09	5.177354726e-09	0.9999999812	3.49888131e-09	
5.073648727e-09	5.069723537e-09	5.173588638e-09	0.9999999812	3.512835311e-09	
5.090892761e-09	5.018732112e-09	5.173555362e-09	0.9999999812	3.498886571e-09	
5.073595319e-09	5.018711404e-09	5.154606437e-09	0.9999999813	3.498872624e-09	
3.150603083e-05	7.181723109e-09	7.446490335e-09	0.9999684743	5.006835365e-09	
5.073606835e-09	5.018722772e-09	5.174664711e-09	0.9999999812	3.498880282e-09	
5.07360759e-09	5.018723493e-09	5.175925189e-09	0.9999999812	3.498880764e-09	
5.073643245e-09	5.076184307e-09	5.15465524e-09	0.9999999812	3.514582802e-09	
5.056338919e-09	4.968227282e-09	5.179682582e-09	0.9999999813	3.48497547e-09	
5.056379541e-09	5.018713368e-09	5.1759148e-09	0.9999999813	3.498874012e-09	
5.073564881e-09	4.968235005e-09	5.175881509e-09	0.9999999813	3.484980709e-09	
5.056326314e-09	4.968214505e-09	5.156924064e-09	0.9999999813	3.484966819e-09	
5.074583766e-09	4.968236194e-09	5.177002379e-09	0.9999999813	3.484981525e-09	
5.056337792e-09	4.968225759e-09	5.176991357e-09	0.9999999813	3.484974446e-09	
5.056338544e-09	4.968226473e-09	5.178252402e-09	0.9999999813	3.484974926e-09	
5.056379916e-09	5.01871422e-09	5.17734432e-09	0.9999999812	3.498874565e-09	
5.073565257e-09	4.968235848e-09	5.17731102e-09	0.9999999813	3.48498126e-09	
5.056326689e-09	4.968215349e-09	5.158348339e-09	0.9999999813	3.484967369e-09	
5.074584143e-09	4.968237037e-09	5.1784322e-09	0.9999999813	3.484982076e-09	
5.056338167e-09	4.968226602e-09	5.178421174e-09	0.9999999813	3.484974997e-09	
5.056374452e-09	5.025109984e-09	5.158397177e-09	0.9999999813	3.500615112e-09	
5.073606017e-09	5.018722022e-09	5.173544964e-09	0.9999999812	3.498879826e-09	
5.056367311e-09	5.018701314e-09	5.154596076e-09	0.9999999813	3.498865879e-09	
5.074624911e-09	5.018723222e-09	5.174665328e-09	0.9999999812	3.498880645e-09	
5.056378789e-09	5.018712682e-09	5.17465431e-09	0.9999999813	3.498873537e-09	
5.056379541e-09	5.018713403e-09	5.175914786e-09	0.9999999813	3.498874019e-09	
5.056415075e-09	5.076174101e-09	5.154644879e-09	0.9999999812	3.514576027e-09	
5.073552609e-09	4.968223072e-09	5.154562922e-09	0.9999999813	3.484972609e-09	
5.091872262e-09	4.96824476e-09	5.174632044e-09	0.9999999813	3.484987315e-09	
3.150576563e-05	7.10947484e-09	7.446427475e-09	0.9999684747	4.986944647e-09	
5.073564126e-09	4.968234325e-09	5.174621027e-09	0.9999999813	3.484980236e-09	
5.073564881e-09	4.968235039e-09	5.175881495e-09	0.9999999813	3.484980716e-09	
5.073600535e-09	5.025117796e-09	5.154611725e-09	0.9999999812	3.500620375e-09	
5.074571493e-09	4.968224261e-09	5.155679175e-09	0.9999999813	3.484973424e-09	
5.056325562e-09	4.968213826e-09	5.155668199e-09	0.9999999813	3.484966345e-09	
5.056326314e-09	4.96821454e-09	5.15692405e-09	0.9999999813	3.484966825e-09	
5.056361847e-09	5.025097062e-09	5.135732183e-09	0.9999999813	3.500606421e-09	
3.151209249e-05	7.109476496e-09	7.448039999e-09	0.9999684684	4.986945783e-09	
5.074583011e-09	4.968235514e-09	5.175741624e-09	0.9999999813	3.484981052e-09	
5.074583766e-09	4.968236228e-09	5.177002365e-09	0.9999999813	3.484981532e-09	
5.074619428e-09	5.025118998e-09	5.155727989e-09	0.9999999812	3.500621194e-09	
5.056337792e-09	4.968225793e-09	5.176991343e-09	0.9999999813	3.484974453e-09	
5.056373325e-09	5.025108444e-09	5.155717012e-09	0.9999999813	3.500614083e-09	
5.056374077e-09	5.025109166e-09	5.156972874e-09	0.9999999813	3.500614565e-09	
