4.616420481e-09	4.535976075e-09	0.9999999833	4.36537544e-09	3.181771128e-09	
4.616420481e-09	4.535976099e-09	0.9999999833	4.365375463e-09	3.181771132e-09	
4.616420481e-09	4.535976099e-09	0.9999999833	4.365375463e-09	3.181771132e-09	
4.616420481e-09	4.535976075e-09	0.9999999833	4.36537544e-09	3.181771128e-09	
4.61675249e-09	4.968575227e-09	0.9999999828	4.365686943e-09	3.276949021e-09	
4.616420481e-09	4.535976075e-09	0.9999999833	4.36537544e-09	3.181771128e-09	
4.616473899e-09	4.536028376e-09	0.9999999832	4.451558766e-09	3.181806493e-09	
4.616420481e-09	4.535976099e-09	0.9999999833	4.365375463e-09	3.181771132e-09	
4.616473899e-09	4.536028376e-09	0.9999999832	4.451558766e-09	3.181806493e-09	
4.616420481e-09	4.535976075e-09	0.9999999833	4.36537544e-09	3.181771128e-09	
4.616473899e-09	4.536028376e-09	0.9999999832	4.451558766e-09	3.181806493e-09	
4.616420481e-09	4.535976099e-09	0.9999999833	4.365375463e-09	3.181771132e-09	
4.616473899e-09	4.536028376e-09	0.9999999832	4.451558766e-09	3.181806493e-09	
1.498739508e-08	1.464424692e-08	0.9998587179	0.0001412421905	1.027221082e-08	
4.616367063e-09	4.535923798e-09	0.9999999834	4.280860667e-09	3.181735767e-09	
4.616367063e-09	4.535923798e-09	0.9999999834	4.280860667e-09	3.181735767e-09	
4.616367063e-09	4.535923774e-09	0.9999999834	4.280860645e-09	3.181735763e-09	
4.616699069e-09	4.968517938e-09	0.9999999829	4.281166117e-09	3.276912599e-09	
4.616367063e-09	4.535923774e-09	0.9999999834	4.280860645e-09	3.181735763e-09	
4.616420481e-09	4.535976075e-09	0.9999999833	4.36537544e-09	3.181771128e-09	
4.616367063e-09	4.535923798e-09	0.9999999834	4.280860667e-09	3.181735767e-09	
4.616420481e-09	4.535976075e-09	0.9999999833	4.36537544e-09	3.181771128e-09	
4.616367063e-09	4.535923774e-09	0.9999999834	4.280860645e-09	3.181735763e-09	
4.616420481e-09	4.535976075e-09	0.9999999833	4.36537544e-09	3.181771128e-09	
4.616367063e-09	4.535923798e-09	0.9999999834	4.280860667e-09	3.181735767e-09	
4.616420481e-09	4.535976075e-09	0.9999999833	4.36537544e-09	3.181771128e-09	
4.616367063e-09	4.535923823e-09	0.9999999834	4.28086069e-09	3.181735771e-09	
4.616367063e-09	4.535923798e-09	0.9999999834	4.280860667e-09	3.181735767e-09	
4.616699069e-09	4.968517965e-09	0.9999999829	4.28116614e-09	3.276912603e-09	
4.616367063e-09	4.535923798e-09	0.9999999834	4.280860667e-09	3.181735767e-09	
4.616420481e-09	4.535976099e-09	0.9999999833	4.365375463e-09	3.181771132e-09	
4.616367063e-09	4.535923823e-09	0.9999999834	4.28086069e-09	3.181735771e-09	
4.616420481e-09	4.535976099e-09	0.9999999833	4.365375463e-09	3.181771132e-09	
4.616367063e-09	4.535923798e-09	0.9999999834	4.280860667e-09	3.181735767e-09	
4.616420481e-09	4.535976099e-09	0.9999999833	4.365375463e-09	3.181771132e-09	
4.616420481e-09	4.535976099e-09	0.9999999833	4.365375463e-09	3.181771132e-09	
4.616367063e-09	4.535923798e-09	0.9999999834	4.280860667e-09	3.181735767e-09	
4.616699069e-09	4.968517965e-09	0.9999999829	4.28116614e-09	3.276912603e-09	
4.616367063e-09	4.535923798e-09	0.9999999834	4.280860667e-09	3.181735767e-09	
4.616420481e-09	4.535976099e-09	0.9999999833	4.365375463e-09	3.181771132e-09	
4.616420481e-09	4.535976099e-09	0.9999999833	4.365375463e-09	3.181771132e-09	
4.616367063e-09	4.535923798e-09	0.9999999834	4.280860667e-09	3.181735767e-09	
4.616420481e-09	4.535976099e-09	0.9999999833	4.365375463e-09	3.181771132e-09	
4.616367063e-09	4.535923823e-09	0.9999999834	4.28086069e-09	3.181735771e-09	
4.616420481e-09	4.535976099e-09	0.9999999833	4.365375463e-09	3.181771132e-09	
4.616699069e-09	4.968517938e-09	0.9999999829	4.281166117e-09	3.276912599e-09	
4.616367063e-09	4.535923774e-09	0.9999999834	4.280860645e-09	3.181735763e-09	
4.616420481e-09	4.535976075e-09	0.9999999833	4.36537544e-09	3.181771128e-09	
4.616367063e-09	4.535923798e-09	0.9999999834	4.280860667e-09	3.181735767e-09	
4.616420481e-09	4.535976075e-09	0.9999999833	4.36537544e-09	3.181771128e-09	
4.616367063e-09	4.535923774e-09	0.9999999834	4.280860645e-09	3.181735763e-09	
4.616420481e-09	4.535976075e-09	0.9999999833	4.36537544e-09	3.181771128e-09	
4.616367063e-09	4.535923798e-09	0.9999999834	4.280860667e-09	3.181735767e-09	
4.616420481e-09	4.535976075e-09	0.9999999833	4.36537544e-09	3.181771128e-09	
4.616699069e-09	4.968517938e-09	0.9999999829	4.281166117e-09	3.276912599e-09	
4.61675249e-09	4.968575227e-09	0.9999999828	4.365686943e-09	3.276949021e-09	
4.616699069e-09	4.968517965e-09	0.9999999829	4.28116614e-09	3.276912603e-09	
4.61675249e-09	4.968575227e-09	0.9999999828	4.365686943e-09	3.276949021e-09	
4.616699069e-09	4.968517938e-09	0.9999999829	4.281166117e-09	3.276912599e-09	
4.61675249e-09	4.968575227e-09	0.9999999828	4.365686943e-09	3.276949021e-09	
4.616699069e-09	4.968517965e-09	0.9999999829	4.28116614e-09	3.276912603e-09	
4.61675249e-09	4.968575227e-09	0.9999999828	4.365686943e-09	3.276949021e-09	
6.812495882e-08	0.0006666897738	0.9991201983	6.377834153e-08	0.0002129800672	
4.616420481e-09	4.535976075e-09	0.9999999833	4.36537544e-09	3.181771128e-09	
4.616367063e-09	4.535923798e-09	0.9999999834	4.280860667e-09	3.181735767e-09	
4.616420481e-09	4.535976075e-09	0.9999999833	4.36537544e-09	3.181771128e-09	
4.616367063e-09	4.535923774e-09	0.9999999834	4.280860645e-09	3.181735763e-09	
4.616420481e-09	4.535976075e-09	0.9999999833	4.36537544e-09	3.181771128e-09	
4.616367063e-09	4.535923798e-09	0.9999999834	4.280860667e-09	3.181735767e-09	
4.616420481e-09	4.535976075e-09	0.9999999833	4.36537544e-09	3.181771128e-09	
4.616420481e-09	4.535976099e-09	0.9999999833	4.365375463e-09	3.181771132e-09	
4.616473899e-09	4.536028376e-09	0.9999999832	4.451558766e-09	3.181806493e-09	
4.616420481e-09	4.535976075e-09	0.9999999833	4.36537544e-09	3.181771128e-09	
4.616473899e-09	4.536028376e-09	0.9999999832	4.451558766e-09	3.181806493e-09	
4.616420481e-09	4.535976099e-09	0.9999999833	4.365375463e-09	3.181771132e-09	
4.616473899e-09	4.536028376e-09	0.9999999832	4.451558766e-09	3.181806493e-09	
1.498739508e-08	1.464424692e-08	0.9998587179	0.0001412421905	1.027221082e-08	
4.616420481e-09	4.535976099e-09	0.9999999833	4.365375463e-09	3.181771132e-09	
4.616367063e-09	4.535923798e-09	0.9999999834	4.280860667e-09	3.181735767e-09	
4.616420481e-09	4.535976099e-09	0.9999999833	4.365375463e-09	3.181771132e-09	
4.616367063e-09	4.535923823e-09	0.9999999834	4.28086069e-09	3.181735771e-09	
4.616420481e-09	4.535976099e-09	0.9999999833	4.365375463e-09	3.181771132e-09	
4.616420481e-09	4.535976075e-09	0.9999999833	4.36537544e-09	3.181771128e-09	
4.616473899e-09	4.536028376e-09	0.9999999832	4.451558766e-09	3.181806493e-09	
4.616420481e-09	4.535976099e-09	0.9999999833	4.365375463e-09	3.181771132e-09	
4.616473899e-09	4.536028376e-09	0.9999999832	4.451558766e-09	3.181806493e-09	
1.498739508e-08	1.464424692e-08	0.9998587179	0.0001412421905	1.027221082e-08	
4.616420481e-09	4.535976075e-09	0.9999999833	4.36537544e-09	3.181771128e-09	
4.616367063e-09	4.535923798e-09	0.9999999834	4.280860667e-09	3.181735767e-09	
4.616420481e-09	4.535976075e-09	0.9999999833	4.36537544e-09	3.181771128e-09	
4.616420481e-09	4.535976099e-09	0.9999999833	4.365375463e-09	3.181771132e-09	
4.616473899e-09	4.536028376e-09	0.9999999832	4.451558766e-09	3.181806493e-09	
1.498739508e-08	1.464424692e-08	0.9998587179	0.0001412421905	1.027221082e-08	
4.616420481e-09	4.535976099e-09	0.9999999833	4.365375463e-09	3.181771132e-09	
1.498739508e-08	1.464424692e-08	0.9998587179	0.0001412421905	1.027221082e-08	
2.681040076e-08	0.0006348721976	2.737647638e-08	2.566372456e-08	0.999365048	
8.214343484e-09	0.9140631323	8.372442361e-09	7.69916705e-09	0.08593684345	
8.227326103e-09	0.9134288622	8.385695391e-09	7.711335448e-09	0.0865711135	
1.339121972e-08	0.8809175743	1.365756857e-08	6.060637342e-05	0.1190217923	
2.681040078e-08	0.0006348782955	2.73764764e-08	2.566372458e-08	0.9993650419	
8.5868083e-09	0.8958682066	8.748813455e-09	8.125276105e-09	0.104131768	
9.713243749e-09	0.9348100658	7.937665397e-09	7.302084249e-09	0.06518990924	
9.25094267e-09	0.8959343539	9.306240192e-06	8.753744054e-09	0.1040563218	
8.249864319e-09	0.9123306314	8.408703341e-09	7.826106748e-09	0.08766934412	
8.052294383e-09	0.9219824816	8.205666691e-09	7.628728977e-09	0.07801749454	
8.391274152e-09	0.9054191325	8.554852031e-09	7.865000753e-09	0.09458084266	
2.425126893e-08	0.0005535416564	2.476836064e-08	2.296728663e-08	0.9994463864	
2.411174496e-08	0.0005491072372	2.462592202e-08	2.283514977e-08	0.9994508212	
2.854638309e-08	0.0003851933102	2.917345268e-08	0.0001305430004	0.999484206	
6.810212029e-09	3.307960502e-08	6.968164019e-09	6.586904278e-09	0.9999999466	
2.092355585e-08	0.0004477755306	2.136172742e-08	2.000535175e-08	0.9995521622	
3.779559728e-08	0.0007461270987	3.09494689e-08	2.870966361e-08	0.9992537754	
2.255768165e-08	0.0004481229344	2.273873072e-05	2.15678402e-08	0.9995290942	
2.387510293e-08	0.0005415807393	2.438433773e-08	2.288487544e-08	0.9994583481	
2.618435934e-08	0.0006149750346	2.673743048e-08	2.506564207e-08	0.999384947	
2.251074025e-08	0.0004982233089	2.299629421e-08	2.131890892e-08	0.9995017099	
1.778041612e-08	0.0003478795693	1.815925304e-08	1.703869544e-08	0.9996520675	
8.428167451e-09	0.9019490645	8.592154503e-09	7.815610051e-09	0.09805091065	
2.425126897e-08	0.0005535469736	2.476836067e-08	2.296728667e-08	0.999446381	
8.774057123e-09	0.8823596761	8.941417993e-09	8.214207338e-09	0.117640298	
9.981340433e-09	0.9259356371	8.158417383e-09	7.423868379e-09	0.07406433731	
9.452773994e-09	0.8824341621	9.51121707e-06	8.849647504e-09	0.1175563083	
8.259118758e-09	0.9115270782	8.418146713e-09	7.741499611e-09	0.0884728974	
8.586133778e-09	0.893001619	8.755295206e-09	7.962094948e-09	0.1069983557	
9.28332016e-09	0.8535140251	9.46377599e-09	8.710683859e-09	0.1464859475	
2.4111745e-08	0.0005491125117	2.462592206e-08	2.283514981e-08	0.9994508159	
8.785675302e-09	0.8815217432	8.953279712e-09	8.225084198e-09	0.1184782309	
9.998074225e-09	0.9253818406	8.172115046e-09	7.436314556e-09	0.0746181338	
9.465297109e-09	0.8815967372	9.523840938e-06	8.8613716e-09	0.1183937207	
8.462351922e-09	0.8999990606	8.627062055e-09	7.942347543e-09	0.1000009144	
8.598241767e-09	0.8922302288	8.767663217e-09	7.973322937e-09	0.1077697459	
9.293448643e-09	0.8525049744	9.474124562e-09	8.72018758e-09	0.1474949981	
2.854638318e-08	0.0003851970109	2.917345277e-08	0.0001305430008	0.9994842023	
1.41151112e-08	0.8391532943	1.439342636e-08	6.380824283e-05	0.160782869	
1.520734582e-08	0.8392440392	1.531102224e-05	6.874599433e-05	0.1606718886	
1.369822918e-08	0.8632061418	1.397362713e-08	6.207968583e-05	0.1367317509	
1.344984021e-08	0.8775356998	1.371746468e-08	6.087455342e-05	0.1224033984	
1.475736481e-08	0.8020989575	1.505372171e-08	6.686287011e-05	0.1978341498	
1.529054552e-08	9.379579109e-05	1.562963032e-08	0.9998693403	3.683297467e-05	
1.534263469e-08	9.373971176e-05	1.562627279e-08	0.9998694049	3.682439e-05	
1.529053692e-08	9.373952332e-05	1.562624138e-08	0.9998694052	3.682431902e-05	
1.529051829e-08	9.385897024e-05	1.556905304e-08	0.9998692675	3.684263259e-05	
2.09235559e-08	0.0004477798323	2.136172748e-08	2.00053518e-08	0.9995521579	
3.779559726e-08	0.0007461342644	3.094946889e-08	2.870966361e-08	0.9992537683	
2.255768171e-08	0.0004481272394	2.273873078e-05	2.156784026e-08	0.9995290899	
2.387510296e-08	0.0005415859417	2.438433777e-08	2.288487548e-08	0.9994583429	
2.618435937e-08	0.0006149809415	2.67374305e-08	2.50656421e-08	0.9993849411	
2.25107403e-08	0.000498228095	2.299629425e-08	2.131890896e-08	0.9995017051	
1.778041618e-08	0.0003478829116	1.815925311e-08	1.70386955e-08	0.9996520641	
1.04626993e-08	0.9100069269	8.548676388e-09	7.856346246e-09	0.08999304623	
9.80954197e-09	0.8585800466	9.866511589e-06	9.271519245e-09	0.1414100678	
8.805840926e-09	0.8800718866	8.973868341e-09	8.343804445e-09	0.1199280873	
8.628545197e-09	0.892858146	8.791408078e-09	8.16515513e-09	0.1071418285	
8.931882784e-09	0.870976894	9.104460999e-09	8.361962067e-09	0.1290230796	
9.570036216e-09	0.82495439	9.752428755e-09	9.065629818e-09	0.1750455816	
2.091836563e-08	0.000218788091	2.134518174e-08	1.958362852e-08	0.9997811501	
1.127179693e-08	0.910064039	9.093250771e-06	8.463919463e-09	0.08992684801	
1.002712785e-08	0.9244226976	8.195897556e-09	7.548245644e-09	0.0755772766	
9.772735279e-09	0.9328412836	7.986345741e-09	7.347154774e-09	0.06715869134	
1.020966955e-08	0.9183792035	8.347069357e-09	7.593693356e-09	0.08162077032	
1.115568341e-08	0.8870728215	9.11814506e-09	8.395697308e-09	0.1129271498	
0.001418627935	0.9983849002	8.587792066e-08	7.835413874e-08	0.0001963076526	
9.487033433e-09	0.8801477568	9.545752449e-06	8.98928618e-09	0.119842679	
9.295929566e-09	0.8929261764	9.351570762e-06	8.796728353e-09	0.1070644539	
9.622894036e-09	0.8710581841	9.684736457e-06	9.008912651e-09	0.1289321125	
1.031078968e-08	0.825061132	1.037437667e-05	9.767374122e-09	0.1749284736	
2.25520906e-08	0.0002189578802	2.272112304e-05	2.111318314e-08	0.9997582773	
8.294369274e-09	0.9097484982	8.454132764e-09	7.868697137e-09	0.09025147721	
9.311029158e-09	0.8507601459	9.492087379e-09	8.842492249e-09	0.1492398265	
8.434659966e-09	0.9026551545	8.599152349e-09	7.906038761e-09	0.09734482054	
9.156074904e-09	0.8661963755	9.332228871e-09	8.684002083e-09	0.1338035973	
1.777509712e-08	0.0001699691293	1.81442605e-08	1.667865845e-08	0.9998299783	
0.9999999829	4.614278682e-09	4.762501093e-09	4.447349739e-09	3.231724249e-09	
0.9999946493	5.337217712e-06	5.160507412e-09	4.718886941e-09	3.605504517e-09	
0.999999983	4.614484321e-09	4.762441691e-09	4.35461717e-09	3.231685628e-09	
0.999999983	4.614484321e-09	4.762441691e-09	4.35461717e-09	3.231685628e-09	
0.999999983	4.614791445e-09	4.762442056e-09	4.354890877e-09	3.23168587e-09	
0.999999983	4.614791445e-09	4.762442056e-09	4.354890877e-09	3.23168587e-09	
0.9999999829	4.614544273e-09	4.762503876e-09	4.451487026e-09	3.231726064e-09	
0.999999983	4.614791445e-09	4.762442056e-09	4.354890877e-09	3.23168587e-09	
0.999999983	4.610805256e-09	4.762439623e-09	4.354888675e-09	3.231684232e-09	
0.9999949464	5.00065179e-09	5.160648607e-09	5.039932905e-06	3.501888135e-09	
0.999999983	4.614484321e-09	4.762441691e-09	4.35461717e-09	3.231685628e-09	
0.999999983	4.614791445e-09	4.762442056e-09	4.354890877e-09	3.23168587e-09	
0.9999999829	4.614278682e-09	4.762501093e-09	4.447349739e-09	3.231724249e-09	
0.9999946494	5.336979866e-06	5.160571781e-09	4.819376719e-09	3.605547606e-09	
0.9999999829	4.614278682e-09	4.762501093e-09	4.447349739e-09	3.231724249e-09	
0.9999999829	4.614278682e-09	4.762501093e-09	4.447349739e-09	3.231724249e-09	
0.9999999829	4.614585792e-09	4.762501458e-09	4.447629276e-09	3.231724491e-09	
0.9999999829	4.614585792e-09	4.762501458e-09	4.447629276e-09	3.231724491e-09	
0.9999999828	4.614338631e-09	4.762563279e-09	4.546282462e-09	3.231764686e-09	
0.9999999829	4.614585792e-09	4.762501458e-09	4.447629276e-09	3.231724491e-09	
0.9999999829	4.61059978e-09	4.762499026e-09	4.447627026e-09	3.231722853e-09	
0.9999948391	5.000428405e-09	5.160712423e-09	5.147258878e-06	3.50192961e-09	
0.9999999829	4.614278682e-09	4.762501093e-09	4.447349739e-09	3.231724249e-09	
0.9999999829	4.614585792e-09	4.762501458e-09	4.447629276e-09	3.231724491e-09	
0.9999999828	4.614073051e-09	4.762560496e-09	4.54205707e-09	3.231762871e-09	
0.9998473585	1.55137627e-08	1.617760828e-08	0.0001525989066	1.087407903e-08	
0.9999946493	5.337217712e-06	5.160507412e-09	4.718886941e-09	3.605504517e-09	
0.9999946493	5.337217712e-06	5.160507412e-09	4.718886941e-09	3.605504517e-09	
0.9999946489	5.337572937e-06	5.160507806e-09	4.719183543e-09	3.605504785e-09	
0.9999946489	5.337572937e-06	5.160507806e-09	4.719183543e-09	3.605504785e-09	
0.9999946491	5.337287053e-06	5.160574795e-09	4.823860095e-09	3.60554963e-09	
0.9999946489	5.337572937e-06	5.160507806e-09	4.719183543e-09	3.605504785e-09	
0.9999887451	5.783862787e-06	5.591993354e-09	5.46152555e-06	3.906958778e-09	
0.9999946493	5.337217712e-06	5.160507412e-09	4.718886941e-09	3.605504517e-09	
0.9999946489	5.337572937e-06	5.160507806e-09	4.719183543e-09	3.605504785e-09	
0.9999946494	5.336979866e-06	5.160571781e-09	4.819376719e-09	3.605547606e-09	
0.999999983	4.614484321e-09	4.762441691e-09	4.35461717e-09	3.231685628e-09	
0.999999983	4.614791445e-09	4.762442056e-09	4.354890877e-09	3.23168587e-09	
0.999999983	4.614791445e-09	4.762442056e-09	4.354890877e-09	3.23168587e-09	
0.9999999829	4.614544273e-09	4.762503876e-09	4.451487026e-09	3.231726064e-09	
0.999999983	4.614791445e-09	4.762442056e-09	4.354890877e-09	3.23168587e-09	
0.999999983	4.610805256e-09	4.762439623e-09	4.354888675e-09	3.231684232e-09	
0.9999949464	5.00065179e-09	5.160648607e-09	5.039932905e-06	3.501888135e-09	
0.999999983	4.614484321e-09	4.762441691e-09	4.35461717e-09	3.231685628e-09	
0.999999983	4.614791445e-09	4.762442056e-09	4.354890877e-09	3.23168587e-09	
0.9999999829	4.614278682e-09	4.762501093e-09	4.447349739e-09	3.231724249e-09	
0.999999983	4.614791445e-09	4.762442056e-09	4.354890877e-09	3.23168587e-09	
0.999999983	4.614791445e-09	4.762442056e-09	4.354890877e-09	3.23168587e-09	
0.9999999829	4.614544273e-09	4.762503876e-09	4.451487026e-09	3.231726064e-09	
0.999999983	4.614791445e-09	4.762442056e-09	4.354890877e-09	3.23168587e-09	
0.999999983	4.610805256e-09	4.762439623e-09	4.354888675e-09	3.231684232e-09	
0.9999949464	5.00065179e-09	5.160648607e-09	5.039932905e-06	3.501888135e-09	
0.999999983	4.614484321e-09	4.762441691e-09	4.35461717e-09	3.231685628e-09	
0.999999983	4.614791445e-09	4.762442056e-09	4.354890877e-09	3.23168587e-09	
0.9999999829	4.614278682e-09	4.762501093e-09	4.447349739e-09	3.231724249e-09	
0.999999983	4.61509859e-09	4.762442422e-09	4.355164602e-09	3.231686112e-09	
0.9999999829	4.614851401e-09	4.762504241e-09	4.451766823e-09	3.231726306e-09	
0.999999983	4.61509859e-09	4.762442422e-09	4.355164602e-09	3.231686112e-09	
0.999999983	4.611112135e-09	4.762439989e-09	4.3551624e-09	3.231684474e-09	
0.9999949461	5.000984614e-09	5.160649002e-09	5.040249687e-06	3.501888396e-09	
0.999999983	4.614791445e-09	4.762442056e-09	4.354890877e-09	3.23168587e-09	
0.9999999829	4.614585792e-09	4.762501458e-09	4.447629276e-09	3.231724491e-09	
0.9999999829	4.614851401e-09	4.762504241e-09	4.451766823e-09	3.231726306e-09	
0.999999983	4.611112135e-09	4.762439989e-09	4.3551624e-09	3.231684474e-09	
0.9999949461	5.000984614e-09	5.160649002e-09	5.040249687e-06	3.501888396e-09	
0.999999983	4.614791445e-09	4.762442056e-09	4.354890877e-09	3.23168587e-09	
0.999999983	4.61509859e-09	4.762442422e-09	4.355164602e-09	3.231686112e-09	
0.9999999829	4.614585792e-09	4.762501458e-09	4.447629276e-09	3.231724491e-09	
0.9999999829	4.614851401e-09	4.762504241e-09	4.451766823e-09	3.231726306e-09	
0.9999999829	4.61086516e-09	4.762501809e-09	4.451764571e-09	3.231724668e-09	
0.9999999829	4.614544273e-09	4.762503876e-09	4.451487026e-09	3.231726064e-09	
0.9999999829	4.614851401e-09	4.762504241e-09	4.451766823e-09	3.231726306e-09	
0.9999999828	4.614338631e-09	4.762563279e-09	4.546282462e-09	3.231764686e-09	
0.9998472166	1.551465345e-08	1.617761543e-08	0.0001527408448	1.08740836e-08	
0.999999983	4.611112135e-09	4.762439989e-09	4.3551624e-09	3.231684474e-09	
0.9999949461	5.000984614e-09	5.160649002e-09	5.040249687e-06	3.501888396e-09	
0.999999983	4.614791445e-09	4.762442056e-09	4.354890877e-09	3.23168587e-09	
0.999999983	4.61509859e-09	4.762442422e-09	4.355164602e-09	3.231686112e-09	
0.9999999829	4.614585792e-09	4.762501458e-09	4.447629276e-09	3.231724491e-09	
0.9999949461	4.996664837e-09	5.160646366e-09	5.040247138e-06	3.501886621e-09	
0.999999983	4.610805256e-09	4.762439623e-09	4.354888675e-09	3.231684232e-09	
0.999999983	4.611112135e-09	4.762439989e-09	4.3551624e-09	3.231684474e-09	
0.9999999829	4.61059978e-09	4.762499026e-09	4.447627026e-09	3.231722853e-09	
0.9999949464	5.00065179e-09	5.160648607e-09	5.039932905e-06	3.501888135e-09	
0.9999949461	5.000984614e-09	5.160649002e-09	5.040249687e-06	3.501888396e-09	
0.9999948391	5.000428405e-09	5.160712423e-09	5.147258878e-06	3.50192961e-09	
0.001064016535	6.787142743e-08	7.009886554e-08	0.9989357979	4.7567212e-08	
0.999999983	4.614791445e-09	4.762442056e-09	4.354890877e-09	3.23168587e-09	
0.9999999829	4.614278682e-09	4.762501093e-09	4.447349739e-09	3.231724249e-09	
0.9999999829	4.614585792e-09	4.762501458e-09	4.447629276e-09	3.231724491e-09	
0.9998473585	1.55137627e-08	1.617760828e-08	0.0001525989066	1.087407903e-08	
6.803023798e-09	6.684475772e-09	6.909813395e-09	6.308591751e-09	0.9999999733	
6.803023798e-09	6.684475772e-09	6.909813395e-09	6.308591751e-09	0.9999999733	
6.803023798e-09	6.684475772e-09	6.909813395e-09	6.308591751e-09	0.9999999733	
6.803023798e-09	6.684475772e-09	6.909813395e-09	6.308591751e-09	0.9999999733	
6.803023798e-09	6.684475772e-09	6.909813395e-09	6.308591751e-09	0.9999999733	
6.803023798e-09	6.684475234e-09	6.909813374e-09	6.308591751e-09	0.9999999733	
6.803023798e-09	6.684475772e-09	6.909813395e-09	6.308591751e-09	0.9999999733	
6.803023798e-09	6.684475234e-09	6.909813374e-09	6.308591751e-09	0.9999999733	
6.803023798e-09	6.684475234e-09	6.909813374e-09	6.308591751e-09	0.9999999733	
6.803023798e-09	6.684475772e-09	6.909813395e-09	6.308591751e-09	0.9999999733	
6.803023798e-09	6.684475772e-09	6.909813395e-09	6.308591751e-09	0.9999999733	
6.803023798e-09	6.684475772e-09	6.909813395e-09	6.308591751e-09	0.9999999733	
6.803023798e-09	6.684475772e-09	6.909813395e-09	6.308591751e-09	0.9999999733	
6.803370017e-09	7.263995949e-09	6.931964857e-09	6.308910716e-09	0.9999999727	
6.803023798e-09	6.684475772e-09	6.909813395e-09	6.308591751e-09	0.9999999733	
6.803023798e-09	6.684475772e-09	6.909813395e-09	6.308591751e-09	0.9999999733	
6.803023798e-09	6.684475772e-09	6.909813395e-09	6.308591751e-09	0.9999999733	
6.803023798e-09	6.684475772e-09	6.909813395e-09	6.308591751e-09	0.9999999733	
6.803023798e-09	6.684475234e-09	6.909813374e-09	6.308591751e-09	0.9999999733	
6.803023798e-09	6.684475772e-09	6.909813395e-09	6.308591751e-09	0.9999999733	
6.803023798e-09	6.684475234e-09	6.909813374e-09	6.308591751e-09	0.9999999733	
6.803023798e-09	6.684475234e-09	6.909813374e-09	6.308591751e-09	0.9999999733	
6.803023798e-09	6.684475772e-09	6.909813395e-09	6.308591751e-09	0.9999999733	
6.803023798e-09	6.684475772e-09	6.909813395e-09	6.308591751e-09	0.9999999733	
6.803023798e-09	6.684475772e-09	6.909813395e-09	6.308591751e-09	0.9999999733	
6.803023798e-09	6.684475772e-09	6.909813395e-09	6.308591751e-09	0.9999999733	
6.803370017e-09	7.263995949e-09	6.931964857e-09	6.308910716e-09	0.9999999727	
6.803023798e-09	6.684475772e-09	6.909813395e-09	6.308591751e-09	0.9999999733	
6.803023798e-09	6.684475772e-09	6.909813395e-09	6.308591751e-09	0.9999999733	
6.803023798e-09	6.684475772e-09	6.909813395e-09	6.308591751e-09	0.9999999733	
6.803023798e-09	6.684475234e-09	6.909813374e-09	6.308591751e-09	0.9999999733	
6.803023798e-09	6.684475772e-09	6.909813395e-09	6.308591751e-09	0.9999999733	
6.803023798e-09	6.684475234e-09	6.909813374e-09	6.308591751e-09	0.9999999733	
6.803023798e-09	6.684475234e-09	6.909813374e-09	6.308591751e-09	0.9999999733	
6.803023798e-09	6.684475772e-09	6.909813395e-09	6.308591751e-09	0.9999999733	
6.803023798e-09	6.684475772e-09	6.909813395e-09	6.308591751e-09	0.9999999733	
6.803023798e-09	6.684475772e-09	6.909813395e-09	6.308591751e-09	0.9999999733	
6.803023798e-09	6.684475772e-09	6.909813395e-09	6.308591751e-09	0.9999999733	
6.803370017e-09	7.263995949e-09	6.931964857e-09	6.308910716e-09	0.9999999727	
6.803023798e-09	6.684475772e-09	6.909813395e-09	6.308591751e-09	0.9999999733	
6.803023798e-09	6.684475772e-09	6.909813395e-09	6.308591751e-09	0.9999999733	
6.803023798e-09	6.684475234e-09	6.909813374e-09	6.308591751e-09	0.9999999733	
6.803023798e-09	6.684475772e-09	6.909813395e-09	6.308591751e-09	0.9999999733	
6.803023798e-09	6.684475234e-09	6.909813374e-09	6.308591751e-09	0.9999999733	
6.803023798e-09	6.684475234e-09	6.909813374e-09	6.308591751e-09	0.9999999733	
6.803023798e-09	6.684475772e-09	6.909813395e-09	6.308591751e-09	0.9999999733	
6.803023798e-09	6.684475772e-09	6.909813395e-09	6.308591751e-09	0.9999999733	
6.803023798e-09	6.684475772e-09	6.909813395e-09	6.308591751e-09	0.9999999733	
6.803023798e-09	6.684475772e-09	6.909813395e-09	6.308591751e-09	0.9999999733	
6.803370017e-09	7.263995949e-09	6.931964857e-09	6.308910716e-09	0.9999999727	
6.803023798e-09	6.684475772e-09	6.909813395e-09	6.308591751e-09	0.9999999733	
6.803023798e-09	6.684475234e-09	6.909813374e-09	6.308591751e-09	0.9999999733	
6.803023798e-09	6.684475772e-09	6.909813395e-09	6.308591751e-09	0.9999999733	
6.803023798e-09	6.684475234e-09	6.909813374e-09	6.308591751e-09	0.9999999733	
6.803023798e-09	6.684475234e-09	6.909813374e-09	6.308591751e-09	0.9999999733	
6.803023798e-09	6.684475772e-09	6.909813395e-09	6.308591751e-09	0.9999999733	
6.803023798e-09	6.684475772e-09	6.909813395e-09	6.308591751e-09	0.9999999733	
6.803023798e-09	6.684475772e-09	6.909813395e-09	6.308591751e-09	0.9999999733	
6.803023798e-09	6.684475772e-09	6.909813395e-09	6.308591751e-09	0.9999999733	
6.803370017e-09	7.263995949e-09	6.931964857e-09	6.308910716e-09	0.9999999727	
6.803023798e-09	6.684475234e-09	6.909813374e-09	6.308591751e-09	0.9999999733	
6.803023798e-09	6.684475772e-09	6.909813395e-09	6.308591751e-09	0.9999999733	
6.803023798e-09	6.684475234e-09	6.909813374e-09	6.308591751e-09	0.9999999733	
6.803023798e-09	6.684475234e-09	6.909813374e-09	6.308591751e-09	0.9999999733	
6.803023798e-09	6.684475772e-09	6.909813395e-09	6.308591751e-09	0.9999999733	
6.803023798e-09	6.684475772e-09	6.909813395e-09	6.308591751e-09	0.9999999733	
6.803023798e-09	6.684475772e-09	6.909813395e-09	6.308591751e-09	0.9999999733	
6.803023798e-09	6.684475772e-09	6.909813395e-09	6.308591751e-09	0.9999999733	
6.803370017e-09	7.263995949e-09	6.931964857e-09	6.308910716e-09	0.9999999727	
6.803023798e-09	6.684475234e-09	6.909813374e-09	6.308591751e-09	0.9999999733	
6.803023797e-09	6.684474696e-09	6.909813352e-09	6.30859175e-09	0.9999999733	
6.803023797e-09	6.684474696e-09	6.909813352e-09	6.30859175e-09	0.9999999733	
6.803023798e-09	6.684475234e-09	6.909813374e-09	6.308591751e-09	0.9999999733	
6.803023798e-09	6.684475234e-09	6.909813374e-09	6.308591751e-09	0.9999999733	
6.803023798e-09	6.684475234e-09	6.909813374e-09	6.308591751e-09	0.9999999733	
6.803023798e-09	6.684475234e-09	6.909813374e-09	6.308591751e-09	0.9999999733	
6.803023798e-09	6.684475234e-09	6.909813374e-09	6.308591751e-09	0.9999999733	
6.803023798e-09	6.684475234e-09	6.909813374e-09	6.308591751e-09	0.9999999733	
6.803023798e-09	6.684475772e-09	6.909813395e-09	6.308591751e-09	0.9999999733	
6.803023798e-09	6.684475772e-09	6.909813395e-09	6.308591751e-09	0.9999999733	
6.803023798e-09	6.684475772e-09	6.909813395e-09	6.308591751e-09	0.9999999733	
6.803023798e-09	6.684475772e-09	6.909813395e-09	6.308591751e-09	0.9999999733	
6.803370017e-09	7.263995949e-09	6.931964857e-09	6.308910716e-09	0.9999999727	
6.803023797e-09	6.684474696e-09	6.909813352e-09	6.30859175e-09	0.9999999733	
6.803023798e-09	6.684475234e-09	6.909813374e-09	6.308591751e-09	0.9999999733	
6.803023798e-09	6.684475234e-09	6.909813374e-09	6.308591751e-09	0.9999999733	
6.803023798e-09	6.684475234e-09	6.909813374e-09	6.308591751e-09	0.9999999733	
6.803023798e-09	6.684475234e-09	6.909813374e-09	6.308591751e-09	0.9999999733	
6.803023798e-09	6.684475234e-09	6.909813374e-09	6.308591751e-09	0.9999999733	
6.803023798e-09	6.684475234e-09	6.909813374e-09	6.308591751e-09	0.9999999733	
6.803023798e-09	6.684475234e-09	6.909813374e-09	6.308591751e-09	0.9999999733	
6.803023798e-09	6.684475234e-09	6.909813374e-09	6.308591751e-09	0.9999999733	
6.803023798e-09	6.684475772e-09	6.909813395e-09	6.308591751e-09	0.9999999733	
6.803023798e-09	6.684475772e-09	6.909813395e-09	6.308591751e-09	0.9999999733	
6.803023798e-09	6.684475772e-09	6.909813395e-09	6.308591751e-09	0.9999999733	
6.803370017e-09	7.263995949e-09	6.931964857e-09	6.308910716e-09	0.9999999727	
6.803023798e-09	6.684475772e-09	6.909813395e-09	6.308591751e-09	0.9999999733	
6.803023798e-09	6.684475772e-09	6.909813395e-09	6.308591751e-09	0.9999999733	
6.803370017e-09	7.263995949e-09	6.931964857e-09	6.308910716e-09	0.9999999727	
6.803023798e-09	6.684475772e-09	6.909813395e-09	6.308591751e-09	0.9999999733	
6.803370017e-09	7.263995949e-09	6.931964857e-09	6.308910716e-09	0.9999999727	
6.803370017e-09	7.263995949e-09	6.931964857e-09	6.308910716e-09	0.9999999727	
5.056370517e-09	5.021714376e-09	5.155714321e-09	0.9999999813	3.499687403e-09	
5.07461651e-09	5.021724936e-09	5.155725247e-09	0.9999999812	3.499694514e-09	
5.784750301e-09	5.022113054e-09	5.156124984e-09	0.9999999805	3.499956709e-09	
5.056370517e-09	5.021714376e-09	5.155714321e-09	0.9999999813	3.499687403e-09	
5.07461651e-09	5.021724936e-09	5.155725247e-09	0.9999999812	3.499694514e-09	
7.409172037e-09	7.317426298e-09	3.397857857e-05	0.9999660016	5.09957988e-09	
5.07365191e-09	5.072767131e-09	5.174710994e-09	0.9999999812	3.513660152e-09	
5.056382712e-09	5.021726429e-09	5.177037661e-09	0.9999999812	3.499695536e-09	
5.056383088e-09	5.021727281e-09	5.178467491e-09	0.9999999812	3.499696089e-09	
5.05642371e-09	5.072756932e-09	5.174700594e-09	0.9999999812	3.513653379e-09	
5.0736092e-09	5.021735088e-09	5.17466731e-09	0.9999999812	3.499701351e-09	
5.056370483e-09	5.021714367e-09	5.155714312e-09	0.9999999813	3.499687401e-09	
5.074628094e-09	5.021736289e-09	5.175787917e-09	0.9999999812	3.49970217e-09	
5.05638196e-09	5.021725742e-09	5.175776898e-09	0.9999999812	3.499695061e-09	
5.056382712e-09	5.021726464e-09	5.177037647e-09	0.9999999812	3.499695543e-09	
5.056418246e-09	5.079221556e-09	5.155763126e-09	0.9999999812	3.515401282e-09	
5.075717985e-09	4.968225942e-09	5.156935742e-09	0.9999999813	3.484973193e-09	
5.074559943e-09	4.968213343e-09	5.13569446e-09	0.9999999813	3.484964646e-09	
5.784685817e-09	4.968597326e-09	5.136092645e-09	0.9999999806	3.485225737e-09	
5.074559943e-09	4.968213343e-09	5.13569446e-09	0.9999999813	3.484964646e-09	
5.073595353e-09	5.018711632e-09	5.154606445e-09	0.9999999813	3.498871504e-09	
5.056326348e-09	4.96821482e-09	5.156924072e-09	0.9999999813	3.484965664e-09	
5.056326724e-09	4.968215664e-09	5.158348347e-09	0.9999999813	3.484966214e-09	
5.056367345e-09	5.018701541e-09	5.154596085e-09	0.9999999813	3.498864759e-09	
5.073552644e-09	4.968223387e-09	5.154562931e-09	0.9999999813	3.484971454e-09	
5.056314119e-09	4.968202887e-09	5.135683568e-09	0.9999999814	3.484957563e-09	
5.074571527e-09	4.968224576e-09	5.155679184e-09	0.9999999813	3.48497227e-09	
5.056325596e-09	4.968214141e-09	5.155668207e-09	0.9999999813	3.48496519e-09	
5.056326348e-09	4.968214855e-09	5.156924058e-09	0.9999999813	3.48496567e-09	
5.056361882e-09	5.025097278e-09	5.135732192e-09	0.9999999813	3.500605306e-09	
5.094033794e-09	4.968236389e-09	5.156946671e-09	0.9999999813	3.484980275e-09	
5.075717985e-09	4.968225942e-09	5.156935742e-09	0.9999999813	3.484973193e-09	
5.094033794e-09	4.968236389e-09	5.156946671e-09	0.9999999813	3.484980275e-09	
7.4375221e-09	7.239485193e-09	3.398662804e-05	0.9999659936	5.078138985e-09	
5.093065503e-09	5.018734912e-09	5.175936916e-09	0.9999999812	3.498887195e-09	
5.075730227e-09	4.968237866e-09	5.178264134e-09	0.9999999813	3.484981292e-09	
5.075730604e-09	4.96823871e-09	5.179694303e-09	0.9999999813	3.484981843e-09	
5.075771382e-09	5.018724821e-09	5.175926513e-09	0.9999999812	3.49888045e-09	
5.093022629e-09	4.968246433e-09	5.175893222e-09	0.9999999813	3.484987082e-09	
5.075717951e-09	4.968225933e-09	5.156935734e-09	0.9999999813	3.484973191e-09	
5.094045423e-09	4.968247621e-09	5.177014094e-09	0.9999999813	3.484987898e-09	
3.151921155e-05	7.109478839e-09	7.449855206e-09	0.9999684612	4.986945414e-09	
5.075729472e-09	4.968237187e-09	5.177003072e-09	0.9999999813	3.484980819e-09	
5.075730227e-09	4.9682379e-09	5.17826412e-09	0.9999999813	3.484981299e-09	
5.075765897e-09	5.025120588e-09	5.156984559e-09	0.9999999812	3.500621004e-09	
5.805559948e-09	4.968607774e-09	5.136103529e-09	0.9999999806	3.48523282e-09	
5.074559943e-09	4.968213343e-09	5.13569446e-09	0.9999999813	3.484964646e-09	
5.092871573e-09	4.968223791e-09	5.135705344e-09	0.9999999813	3.484971728e-09	
5.091903502e-09	5.018722185e-09	5.154617369e-09	0.9999999812	3.498878614e-09	
5.074572182e-09	4.968225268e-09	5.156935001e-09	0.9999999813	3.484972745e-09	
5.074572559e-09	4.968226111e-09	5.158359279e-09	0.9999999813	3.484973296e-09	
5.074613327e-09	5.018712095e-09	5.154607009e-09	0.9999999813	3.498871869e-09	
5.091860639e-09	4.968233834e-09	5.154573854e-09	0.9999999813	3.484978535e-09	
5.074559908e-09	4.968213335e-09	5.135694452e-09	0.9999999813	3.484964645e-09	
5.092883199e-09	4.968235023e-09	5.15569011e-09	0.9999999813	3.484979351e-09	
3.151202056e-05	7.109460862e-09	7.419169502e-09	0.9999684685	4.98693322e-09	
5.074571427e-09	4.968224588e-09	5.155679133e-09	0.9999999813	3.484972272e-09	
5.074572182e-09	4.968225302e-09	5.156934987e-09	0.9999999813	3.484972752e-09	
5.074607844e-09	5.025107845e-09	5.135743075e-09	0.9999999813	3.500612419e-09	
5.784685817e-09	4.968597326e-09	5.136092645e-09	0.9999999806	3.485225737e-09	
5.805559948e-09	4.968607774e-09	5.136103529e-09	0.9999999806	3.48523282e-09	
5.804456407e-09	5.019110071e-09	5.15501702e-09	0.9999999805	3.499140748e-09	
5.784699769e-09	4.968609251e-09	5.157334832e-09	0.9999999806	3.485233837e-09	
5.784746672e-09	5.01909998e-09	5.155006659e-09	0.9999999805	3.499134002e-09	
5.804407545e-09	4.968617818e-09	5.154973503e-09	0.9999999806	3.485239628e-09	
5.784685778e-09	4.968597317e-09	5.136092636e-09	0.9999999806	3.485225736e-09	
5.805573201e-09	4.968619007e-09	5.156089845e-09	0.9999999806	3.485240443e-09	
5.784698909e-09	4.968608571e-09	5.156078867e-09	0.9999999806	3.485233364e-09	
5.784699769e-09	4.968609285e-09	5.157334818e-09	0.9999999806	3.485233844e-09	
5.784740421e-09	5.025496225e-09	5.136141264e-09	0.9999999806	3.500874683e-09	
5.074559943e-09	4.968213343e-09	5.13569446e-09	0.9999999813	3.484964646e-09	
5.073595353e-09	5.018711632e-09	5.154606445e-09	0.9999999813	3.498871504e-09	
5.056326348e-09	4.96821482e-09	5.156924072e-09	0.9999999813	3.484965664e-09	
5.056326724e-09	4.968215664e-09	5.158348347e-09	0.9999999813	3.484966214e-09	
5.056367345e-09	5.018701541e-09	5.154596085e-09	0.9999999813	3.498864759e-09	
5.073552644e-09	4.968223387e-09	5.154562931e-09	0.9999999813	3.484971454e-09	
5.056314119e-09	4.968202887e-09	5.135683568e-09	0.9999999814	3.484957563e-09	
5.074571527e-09	4.968224576e-09	5.155679184e-09	0.9999999813	3.48497227e-09	
5.056325596e-09	4.968214141e-09	5.155668207e-09	0.9999999813	3.48496519e-09	
5.056326348e-09	4.968214855e-09	5.156924058e-09	0.9999999813	3.48496567e-09	
5.056361882e-09	5.025097278e-09	5.135732192e-09	0.9999999813	3.500605306e-09	
5.091903502e-09	5.018722185e-09	5.154617369e-09	0.9999999812	3.498878614e-09	
5.074572182e-09	4.968225268e-09	5.156935001e-09	0.9999999813	3.484972745e-09	
5.074572559e-09	4.968226111e-09	5.158359279e-09	0.9999999813	3.484973296e-09	
5.074613327e-09	5.018712095e-09	5.154607009e-09	0.9999999813	3.498871869e-09	
5.091860639e-09	4.968233834e-09	5.154573854e-09	0.9999999813	3.484978535e-09	
5.074559908e-09	4.968213335e-09	5.135694452e-09	0.9999999813	3.484964645e-09	
5.092883199e-09	4.968235023e-09	5.15569011e-09	0.9999999813	3.484979351e-09	
3.151202056e-05	7.109460862e-09	7.419169502e-09	0.9999684685	4.98693322e-09	
5.074571427e-09	4.968224588e-09	5.155679133e-09	0.9999999813	3.484972272e-09	
5.074572182e-09	4.968225302e-09	5.156934987e-09	0.9999999813	3.484972752e-09	
5.074607844e-09	5.025107845e-09	5.135743075e-09	0.9999999813	3.500612419e-09	
7.43441189e-09	7.313050881e-09	3.39712774e-05	0.9999660089	5.098391029e-09	
7.409107258e-09	7.239468988e-09	3.398655113e-05	0.9999659937	5.078128014e-09	
7.409107738e-09	7.239470149e-09	3.399593745e-05	0.9999659843	5.078128769e-09	
7.409167444e-09	7.313036178e-09	3.397120912e-05	0.999966009	5.0983812e-09	
7.43434931e-09	7.239481583e-09	3.397099063e-05	0.9999660093	5.07813653e-09	
7.435842239e-09	7.239483262e-09	3.397834701e-05	0.9999660019	5.078137682e-09	
4.600763707e-05	1.035927425e-08	4.889426946e-05	0.9999050805	7.266496044e-09	
7.409106217e-09	7.239468057e-09	3.397827467e-05	0.999966002	5.078127366e-09	
7.409107258e-09	7.239469038e-09	3.398655104e-05	0.9999659937	5.078128024e-09	
5.07360759e-09	5.018723677e-09	5.175925203e-09	0.9999999812	3.498879636e-09	
5.073607967e-09	5.018724529e-09	5.177354726e-09	0.9999999812	3.498880189e-09	
5.073648727e-09	5.069723666e-09	5.173588638e-09	0.9999999812	3.512834224e-09	
5.09089276e-09	5.018732331e-09	5.173555362e-09	0.9999999812	3.498885449e-09	
5.073595319e-09	5.018711623e-09	5.154606437e-09	0.9999999813	3.498871503e-09	
3.150603083e-05	7.181723422e-09	7.446490335e-09	0.9999684743	5.006833759e-09	
5.073606835e-09	5.018722991e-09	5.174664711e-09	0.9999999812	3.49887916e-09	
5.07360759e-09	5.018723712e-09	5.175925189e-09	0.9999999812	3.498879642e-09	
5.073643245e-09	5.076184425e-09	5.154655239e-09	0.9999999812	3.51458172e-09	
5.056338919e-09	4.968227588e-09	5.179682582e-09	0.9999999813	3.484974314e-09	
5.056379541e-09	5.018713587e-09	5.1759148e-09	0.9999999813	3.498872891e-09	
5.073564881e-09	4.968235311e-09	5.175881509e-09	0.9999999813	3.484979553e-09	
5.056326314e-09	4.968214812e-09	5.156924064e-09	0.9999999813	3.484965662e-09	
5.074583766e-09	4.9682365e-09	5.177002379e-09	0.9999999813	3.484980369e-09	
5.056337792e-09	4.968226065e-09	5.176991357e-09	0.9999999813	3.484973289e-09	
5.056338544e-09	4.968226779e-09	5.178252402e-09	0.9999999813	3.484973769e-09	
5.056379916e-09	5.018714439e-09	5.17734432e-09	0.9999999812	3.498873444e-09	
5.073565257e-09	4.968236155e-09	5.17731102e-09	0.9999999813	3.484980104e-09	
5.056326689e-09	4.968215655e-09	5.158348339e-09	0.9999999813	3.484966213e-09	
5.074584143e-09	4.968237343e-09	5.1784322e-09	0.9999999813	3.484980919e-09	
5.056338167e-09	4.968226909e-09	5.178421174e-09	0.9999999813	3.48497384e-09	
5.056374452e-09	5.025110192e-09	5.158397177e-09	0.9999999813	3.500613994e-09	
5.073606017e-09	5.018722241e-09	5.173544964e-09	0.9999999812	3.498878704e-09	
5.056367311e-09	5.018701533e-09	5.154596076e-09	0.9999999813	3.498864758e-09	
5.074624911e-09	5.018723441e-09	5.174665328e-09	0.9999999812	3.498879523e-09	
5.056378789e-09	5.018712901e-09	5.17465431e-09	0.9999999813	3.498872415e-09	
5.056379541e-09	5.018713622e-09	5.175914786e-09	0.9999999813	3.498872897e-09	
5.056415074e-09	5.076174219e-09	5.154644879e-09	0.9999999812	3.514574945e-09	
5.073552609e-09	4.968223378e-09	5.154562922e-09	0.9999999813	3.484971452e-09	
5.091872262e-09	4.968245067e-09	5.174632044e-09	0.9999999813	3.484986159e-09	
3.150576563e-05	7.109475278e-09	7.446427475e-09	0.9999684747	4.986942992e-09	
5.073564126e-09	4.968234632e-09	5.174621027e-09	0.9999999813	3.484979079e-09	
5.073564881e-09	4.968235346e-09	5.175881495e-09	0.9999999813	3.484979559e-09	
5.073600535e-09	5.025118004e-09	5.154611725e-09	0.9999999812	3.500619257e-09	
5.074571492e-09	4.968224567e-09	5.155679175e-09	0.9999999813	3.484972268e-09	
5.056325562e-09	4.968214132e-09	5.155668199e-09	0.9999999813	3.484965189e-09	
5.056326314e-09	4.968214846e-09	5.15692405e-09	0.9999999813	3.484965669e-09	
5.056361847e-09	5.02509727e-09	5.135732183e-09	0.9999999813	3.500605304e-09	
3.151209249e-05	7.109476934e-09	7.448039999e-09	0.9999684684	4.986944128e-09	
5.074583011e-09	4.96823582e-09	5.175741624e-09	0.9999999813	3.484979895e-09	
5.074583766e-09	4.968236534e-09	5.177002365e-09	0.9999999813	3.484980375e-09	
5.074619428e-09	5.025119206e-09	5.155727989e-09	0.9999999812	3.500620077e-09	
5.056337792e-09	4.9682261e-09	5.176991343e-09	0.9999999813	3.484973296e-09	
5.056373325e-09	5.025108652e-09	5.155717012e-09	0.9999999813	3.500612966e-09	
5.056374077e-09	5.025109374e-09	5.156972874e-09	0.9999999813	3.500613448e-09	
