4.74656881e-09	2.612309223e-09	4.89258543e-09	4.577426553e-09	0.9999999832	
4.730121835e-09	2.633273091e-09	4.892389139e-09	4.577442108e-09	0.9999999832	
4.771229919e-09	2.747388428e-09	4.892555934e-09	4.5898949e-09	0.999999983	
4.745542873e-09	2.612312767e-09	4.892579344e-09	4.589731273e-09	0.9999999832	
4.730097595e-09	2.612304117e-09	4.892363837e-09	4.577417145e-09	0.9999999832	
4.744631031e-09	2.612312294e-09	4.892566659e-09	4.58900449e-09	0.9999999832	
4.730127767e-09	2.631953477e-09	4.892395317e-09	4.589746087e-09	0.9999999832	
4.743841134e-09	2.629755259e-09	4.89257645e-09	4.588379724e-09	0.9999999831	
4.730106144e-09	2.612308588e-09	4.892372722e-09	4.591487448e-09	0.9999999832	
4.744631031e-09	2.612312294e-09	4.892566659e-09	4.58900449e-09	0.9999999832	
4.74656881e-09	2.612309223e-09	4.89258543e-09	4.577426553e-09	0.9999999832	
4.746576828e-09	2.612313397e-09	4.89259372e-09	4.590555344e-09	0.9999999832	
4.743841134e-09	2.629755259e-09	4.89257645e-09	4.588379724e-09	0.9999999831	
4.730105565e-09	2.612308291e-09	4.892372127e-09	4.590545864e-09	0.9999999832	
2.738691751e-05	3.662987594e-09	7.495565009e-09	6.418370005e-09	0.9999725955	
4.730121835e-09	2.633273091e-09	4.892389139e-09	4.577442108e-09	0.9999999832	
4.746576837e-09	2.61231339e-09	4.892593721e-09	4.590555337e-09	0.9999999832	
4.771229919e-09	2.747388428e-09	4.892555934e-09	4.5898949e-09	0.999999983	
4.745542873e-09	2.612312767e-09	4.892579344e-09	4.589731273e-09	0.9999999832	
4.730097595e-09	2.612304117e-09	4.892363837e-09	4.577417145e-09	0.9999999832	
4.744631031e-09	2.612312294e-09	4.892566659e-09	4.58900449e-09	0.9999999832	
4.730127767e-09	2.631953477e-09	4.892395317e-09	4.589746087e-09	0.9999999832	
4.743841134e-09	2.629755259e-09	4.89257645e-09	4.588379724e-09	0.9999999831	
4.730106144e-09	2.612308588e-09	4.892372722e-09	4.591487448e-09	0.9999999832	
4.744631031e-09	2.612312294e-09	4.892566659e-09	4.58900449e-09	0.9999999832	
4.74656881e-09	2.612309223e-09	4.89258543e-09	4.577426553e-09	0.9999999832	
4.743841134e-09	2.629755259e-09	4.89257645e-09	4.588379724e-09	0.9999999831	
4.730105565e-09	2.612308291e-09	4.892372127e-09	4.590545864e-09	0.9999999832	
2.738691751e-05	3.662987594e-09	7.495565009e-09	6.418370005e-09	0.9999725955	
4.730129835e-09	2.633277291e-09	4.89239743e-09	4.590570937e-09	0.9999999832	
4.754697493e-09	2.76943631e-09	4.892359645e-09	4.589910497e-09	0.999999983	
4.729099453e-09	2.633276663e-09	4.892383054e-09	4.58974687e-09	0.9999999832	
4.713707694e-09	2.633267944e-09	4.892167555e-09	4.5774327e-09	0.9999999832	
4.728190771e-09	2.633276186e-09	4.892370369e-09	4.589020084e-09	0.9999999832	
4.713737761e-09	2.65307499e-09	4.892199034e-09	4.589761684e-09	0.9999999832	
4.727403611e-09	2.650859131e-09	4.89238016e-09	4.588395316e-09	0.9999999831	
4.728190771e-09	2.633276186e-09	4.892370369e-09	4.589020084e-09	0.9999999832	
4.730121835e-09	2.633273091e-09	4.892389139e-09	4.577442108e-09	0.9999999832	
4.730129826e-09	2.633277298e-09	4.892397429e-09	4.590570944e-09	0.9999999832	
4.727403611e-09	2.650859131e-09	4.89238016e-09	4.588395316e-09	0.9999999831	
4.713715636e-09	2.633272151e-09	4.892175845e-09	4.590561464e-09	0.9999999832	
1.233430876e-08	6.176294386e-05	1.280123293e-08	1.232256496e-08	0.9999381996	
4.771237988e-09	2.747392811e-09	4.892564226e-09	4.603059445e-09	0.999999983	
4.745550899e-09	2.612316934e-09	4.892587636e-09	4.602895349e-09	0.9999999831	
4.730105595e-09	2.612308284e-09	4.892372128e-09	4.590545902e-09	0.9999999832	
4.744639056e-09	2.612316461e-09	4.892574951e-09	4.602166481e-09	0.9999999831	
4.743849157e-09	2.629759454e-09	4.892584741e-09	4.601539923e-09	0.9999999831	
4.730114144e-09	2.612312755e-09	4.892381013e-09	4.604656561e-09	0.9999999832	
4.744639056e-09	2.612316461e-09	4.892574951e-09	4.602166481e-09	0.9999999831	
4.746576837e-09	2.61231339e-09	4.892593721e-09	4.590555337e-09	0.9999999832	
4.746584856e-09	2.612317564e-09	4.892602011e-09	4.603721784e-09	0.9999999831	
4.743849157e-09	2.629759454e-09	4.892584741e-09	4.601539923e-09	0.9999999831	
6.3150143e-09	3.52270349e-09	6.531652972e-09	2.210160615e-05	0.999977882	
4.730113565e-09	2.612312458e-09	4.892380418e-09	4.603712276e-09	0.9999999832	
2.738696383e-05	3.662993437e-09	7.495577712e-09	6.436778906e-09	0.9999725954	
4.754673127e-09	2.747383058e-09	4.892334343e-09	4.589885466e-09	0.999999983	
4.769282073e-09	2.747391658e-09	4.892537164e-09	4.601504373e-09	0.999999983	
4.754703456e-09	2.768048461e-09	4.892365823e-09	4.602247991e-09	0.999999983	
4.768488072e-09	2.765736576e-09	4.892546954e-09	4.600877906e-09	0.999999983	
4.75468172e-09	2.747387759e-09	4.892343228e-09	4.603994095e-09	0.999999983	
4.769282073e-09	2.747391658e-09	4.892537164e-09	4.601504373e-09	0.999999983	
4.771229919e-09	2.747388428e-09	4.892555934e-09	4.5898949e-09	0.999999983	
4.771237979e-09	2.747392818e-09	4.892564224e-09	4.603059453e-09	0.999999983	
4.768488072e-09	2.765736576e-09	4.892546954e-09	4.600877906e-09	0.999999983	
6.347813655e-09	3.704852132e-09	6.531602547e-09	2.209842649e-05	0.999977885	
4.754681139e-09	2.747387448e-09	4.892342633e-09	4.603049946e-09	0.999999983	
7.144969835e-05	0.0004179354761	6.137622394e-08	6.016865874e-08	0.9995104933	
4.729075219e-09	2.612307661e-09	4.892357752e-09	4.58972184e-09	0.9999999832	
4.743605513e-09	2.612315838e-09	4.892560574e-09	4.601340333e-09	0.9999999832	
4.729105384e-09	2.631957047e-09	4.892389232e-09	4.602083924e-09	0.9999999831	
4.742815787e-09	2.629758827e-09	4.892570365e-09	4.600713888e-09	0.9999999831	
4.729083765e-09	2.612312131e-09	4.892366637e-09	4.603829966e-09	0.9999999832	
4.743605513e-09	2.612315838e-09	4.892560574e-09	4.601340333e-09	0.9999999832	
4.745542873e-09	2.612312767e-09	4.892579344e-09	4.589731273e-09	0.9999999832	
4.74555089e-09	2.612316941e-09	4.892587634e-09	4.602895357e-09	0.9999999831	
4.742815787e-09	2.629758827e-09	4.892570365e-09	4.600713888e-09	0.9999999831	
6.313638702e-09	3.522702663e-09	6.531633805e-09	2.209763871e-05	0.999977886	
4.729083187e-09	2.612311835e-09	4.892366042e-09	4.602885851e-09	0.9999999832	
2.738099819e-05	3.662992585e-09	7.495555731e-09	6.43562346e-09	0.9999726014	
4.728166541e-09	2.612307188e-09	4.892345067e-09	4.588995058e-09	0.9999999832	
4.713713605e-09	2.631948333e-09	4.892173733e-09	4.589736654e-09	0.9999999832	
4.727379385e-09	2.629750119e-09	4.892354858e-09	4.588370293e-09	0.9999999832	
4.713692057e-09	2.612303482e-09	4.892151139e-09	4.591478011e-09	0.9999999832	
4.728166541e-09	2.612307188e-09	4.892345067e-09	4.588995058e-09	0.9999999832	
4.730097595e-09	2.612304117e-09	4.892363837e-09	4.577417145e-09	0.9999999832	
4.730105586e-09	2.612308291e-09	4.892372127e-09	4.590545909e-09	0.9999999832	
4.727379385e-09	2.629750119e-09	4.892354858e-09	4.588370293e-09	0.9999999832	
4.713691481e-09	2.612303185e-09	4.892150544e-09	4.590536429e-09	0.9999999832	
4.728196701e-09	2.631956571e-09	4.892376547e-09	4.601355184e-09	0.9999999831	
4.74190447e-09	2.62975835e-09	4.892557679e-09	4.599985365e-09	0.9999999831	
4.728175086e-09	2.612311658e-09	4.892353952e-09	4.60310095e-09	0.9999999832	
4.742694044e-09	2.612315365e-09	4.892547888e-09	4.600611711e-09	0.9999999832	
4.744631031e-09	2.612312294e-09	4.892566659e-09	4.58900449e-09	0.9999999832	
4.744639047e-09	2.612316468e-09	4.892574949e-09	4.602166489e-09	0.9999999831	
4.74190447e-09	2.62975835e-09	4.892557679e-09	4.599985365e-09	0.9999999831	
6.312425578e-09	3.522702038e-09	6.531616893e-09	2.209413963e-05	0.9999778895	
4.728174508e-09	2.612311362e-09	4.892353357e-09	4.602156984e-09	0.9999999832	
2.737573716e-05	3.662991941e-09	7.495536336e-09	6.434604413e-09	0.9999726067	
4.72740954e-09	2.649530705e-09	4.892386337e-09	4.600728737e-09	0.9999999831	
4.713722124e-09	2.631952836e-09	4.892182618e-09	4.603844825e-09	0.9999999832	
4.728196701e-09	2.631956571e-09	4.892376547e-09	4.601355184e-09	0.9999999831	
4.730127767e-09	2.631953477e-09	4.892395317e-09	4.589746087e-09	0.9999999832	
4.730135758e-09	2.631957682e-09	4.892403607e-09	4.602910213e-09	0.9999999831	
4.72740954e-09	2.649530705e-09	4.892386337e-09	4.600728737e-09	0.9999999831	
6.293129897e-09	3.549188152e-09	6.531388126e-09	2.209771003e-05	0.9999778859	
4.713721548e-09	2.631952538e-09	4.892182023e-09	4.602900707e-09	0.9999999832	
1.233432461e-08	6.173199447e-05	1.280124949e-08	1.23556879e-08	0.9999382305	
4.727387929e-09	2.629754619e-09	4.892363743e-09	4.602474265e-09	0.9999999831	
4.74190447e-09	2.62975835e-09	4.892557679e-09	4.599985365e-09	0.9999999831	
4.743841134e-09	2.629755259e-09	4.89257645e-09	4.588379724e-09	0.9999999831	
4.743849149e-09	2.629759461e-09	4.89258474e-09	4.601539931e-09	0.9999999831	
4.741115027e-09	2.647317806e-09	4.89256747e-09	4.599359104e-09	0.9999999831	
6.31137469e-09	3.546223879e-09	6.531629983e-09	2.209113171e-05	0.9999778925	
4.727387351e-09	2.62975432e-09	4.892363148e-09	4.601530428e-09	0.9999999831	
2.737117971e-05	3.687450534e-09	7.49555137e-09	6.433728409e-09	0.9999726112	
1.237008435e-08	6.168043884e-05	1.28017241e-08	1.235201026e-08	0.999938282	
4.728175086e-09	2.612311658e-09	4.892353952e-09	4.60310095e-09	0.9999999832	
4.730106144e-09	2.612308588e-09	4.892372722e-09	4.591487448e-09	0.9999999832	
4.730114135e-09	2.612312761e-09	4.892381012e-09	4.604656568e-09	0.9999999832	
4.727387929e-09	2.629754619e-09	4.892363743e-09	4.602474265e-09	0.9999999831	
6.293101077e-09	3.522696997e-09	6.531357907e-09	2.210609377e-05	0.9999778776	
4.744631031e-09	2.612312294e-09	4.892566659e-09	4.58900449e-09	0.9999999832	
4.744639047e-09	2.612316468e-09	4.892574949e-09	4.602166489e-09	0.9999999831	
4.74190447e-09	2.62975835e-09	4.892557679e-09	4.599985365e-09	0.9999999831	
6.312425578e-09	3.522702038e-09	6.531616893e-09	2.209413963e-05	0.9999778895	
4.728174508e-09	2.612311362e-09	4.892353357e-09	4.602156984e-09	0.9999999832	
2.737573716e-05	3.662991941e-09	7.495536336e-09	6.434604413e-09	0.9999726067	
4.743841134e-09	2.629755259e-09	4.89257645e-09	4.588379724e-09	0.9999999831	
4.730105565e-09	2.612308291e-09	4.892372127e-09	4.590545864e-09	0.9999999832	
2.738691751e-05	3.662987594e-09	7.495565009e-09	6.418370005e-09	0.9999725955	
4.743849149e-09	2.629759461e-09	4.89258474e-09	4.601539931e-09	0.9999999831	
6.315014288e-09	3.522703499e-09	6.53165297e-09	2.210160618e-05	0.999977882	
4.730113556e-09	2.612312465e-09	4.892380417e-09	4.603712284e-09	0.9999999832	
2.738696378e-05	3.662993446e-09	7.495577709e-09	6.436778916e-09	0.9999725954	
6.31137469e-09	3.546223879e-09	6.531629983e-09	2.209113171e-05	0.9999778925	
4.727387351e-09	2.62975432e-09	4.892363148e-09	4.601530428e-09	0.9999999831	
2.737117971e-05	3.687450534e-09	7.49555137e-09	6.433728409e-09	0.9999726112	
1.237008435e-08	6.168043884e-05	1.28017241e-08	1.235201026e-08	0.999938282	
6.293100336e-09	3.522696613e-09	6.531357143e-09	2.210156054e-05	0.9999778821	
1.646610449e-08	8.261944214e-05	1.708944457e-08	5.932435478e-05	0.9998580226	
1.95492804e-08	1.097843864e-08	2.028940734e-08	0.9997807017	0.0002192474916	
1.954930464e-08	1.098118013e-08	2.028942855e-08	0.9997801758	0.0002197733716	
1.954923701e-08	1.094308583e-08	2.028936544e-08	0.9997807023	0.0002192468712	
1.954923626e-08	1.094308582e-08	2.02893656e-08	0.9997807024	0.000219246828	
0.999823726	9.209745691e-09	2.478141054e-08	1.610343322e-08	0.0001762239475	
0.9998232422	9.191752474e-09	3.232731448e-08	1.610601019e-08	0.0001767001484	
0.9998240761	9.207767383e-09	2.201459954e-08	1.61023516e-08	0.0001758765327	
0.999820682	7.08729253e-08	1.884567286e-08	1.61282122e-08	0.000179212153	
2.075765173e-08	0.9997828295	2.149955742e-08	9.993520927e-05	0.000117193057	
1.37995427e-08	0.9999226176	1.430530311e-08	1.377038879e-08	7.734048443e-05	
1.379848289e-08	0.9999226732	1.430531384e-08	1.379749906e-08	7.728485295e-05	
1.379853011e-08	0.9999226729	1.430536307e-08	1.387807577e-08	7.728512303e-05	
1.554543792e-08	0.9999227142	1.430629592e-08	1.387446563e-08	7.72420939e-05	
1.436269881e-08	0.9999227192	1.430569244e-08	1.387156612e-08	7.723827023e-05	
1.43851901e-08	0.9999227191	1.430570418e-08	1.387157106e-08	7.723835031e-05	
1.37995427e-08	0.9999226176	1.430530311e-08	1.377038879e-08	7.734048444e-05	
8.346909953e-06	0.9999916258	9.414682577e-09	8.879033062e-09	9.019587369e-09	
8.481895299e-09	0.9999999661	8.781012801e-09	8.216080787e-09	8.416080006e-09	
8.481189139e-09	0.999999966	8.781067858e-09	8.216135326e-09	8.50680802e-09	
8.480537308e-09	0.999999966	8.781073958e-09	8.23231028e-09	8.500688547e-09	
8.481146355e-09	0.9999999661	8.781023306e-09	8.233417738e-09	8.416089986e-09	
8.480566334e-09	0.999999966	8.781104175e-09	8.280386561e-09	8.500718257e-09	
9.554214167e-09	0.9999999649	8.781676416e-09	8.278232212e-09	8.495985052e-09	
8.898150725e-09	0.9999999656	8.781298523e-09	8.280545231e-09	8.416352097e-09	
8.481177486e-09	0.999999966	8.781055708e-09	8.284989186e-09	8.416121096e-09	
8.827303585e-09	0.9999999656	8.781305947e-09	8.276502179e-09	8.495564444e-09	
8.841126711e-09	0.9999999656	8.781313153e-09	8.276505127e-09	8.495573253e-09	
8.481189139e-09	0.999999966	8.781067858e-09	8.216135326e-09	8.50680802e-09	
8.481895299e-09	0.9999999661	8.781012801e-09	8.216080787e-09	8.416080006e-09	
1.255549958e-05	0.9999229741	1.415049924e-08	6.444241125e-05	1.381558703e-08	
8.346909953e-06	0.9999916258	9.414682577e-09	8.879033062e-09	9.019587369e-09	
8.346215036e-06	0.9999916264	9.414741613e-09	8.879092008e-09	9.11682139e-09	
8.345573585e-06	0.999991627	9.41474816e-09	8.896572118e-09	9.110263103e-09	
8.346172934e-06	0.9999916265	9.414693847e-09	8.897768932e-09	9.019598071e-09	
8.345602148e-06	0.9999916269	9.414780557e-09	8.948527655e-09	9.110294942e-09	
9.402153462e-06	0.9999905704	9.415384156e-09	8.94619003e-09	9.105212715e-09	
8.756537287e-06	0.9999912161	9.414985065e-09	8.948695454e-09	9.019875279e-09	
8.346203569e-06	0.9999916264	9.414728587e-09	8.953501658e-09	9.019631411e-09	
8.686818279e-06	0.9999912857	9.414993681e-09	8.944326795e-09	9.104768452e-09	
8.700421294e-06	0.9999912721	9.415001278e-09	8.94432986e-09	9.104777769e-09	
8.346215036e-06	0.9999916264	9.414741613e-09	8.879092008e-09	9.11682139e-09	
8.346909953e-06	0.9999916258	9.414682577e-09	8.879033062e-09	9.019587369e-09	
0.9993904592	0.000609311961	8.185858629e-08	7.289312138e-08	7.404701848e-08	
1.275665582e-08	0.999939863	1.319832818e-08	6.009805736e-05	1.302093014e-08	
1.43716609e-08	0.999939877	1.319918848e-08	6.008242226e-05	1.301368028e-08	
1.33847955e-08	0.9999398613	1.319862027e-08	6.009920889e-05	1.289170271e-08	
1.27575747e-08	0.9999398297	1.319825489e-08	6.013146066e-05	1.289134846e-08	
1.327822605e-08	0.9999398906	1.319863182e-08	6.006986666e-05	1.301303618e-08	
1.32990191e-08	0.9999398906	1.319864265e-08	6.006988806e-05	1.301304967e-08	
1.463187701e-08	8.358162779e-05	1.51548927e-08	0.9999163738	1.480248727e-08	
1.463148429e-08	7.975167008e-05	1.515449127e-08	0.9999202037	1.480209994e-08	
1.463146594e-08	7.955830822e-05	1.515447304e-08	0.9999203971	1.480207947e-08	
1.463147526e-08	7.963787418e-05	1.515448134e-08	0.9999203175	1.48020879e-08	
8.481189139e-09	0.999999966	8.781067858e-09	8.216135326e-09	8.50680802e-09	
8.480537309e-09	0.999999966	8.781073958e-09	8.23231028e-09	8.500688547e-09	
8.481146355e-09	0.9999999661	8.781023306e-09	8.233417738e-09	8.416089986e-09	
8.480566334e-09	0.999999966	8.781104175e-09	8.280386561e-09	8.500718257e-09	
9.554214167e-09	0.9999999649	8.781676416e-09	8.278232212e-09	8.495985052e-09	
8.898150725e-09	0.9999999656	8.781298523e-09	8.280545231e-09	8.416352097e-09	
8.481177486e-09	0.999999966	8.781055708e-09	8.284989186e-09	8.416121096e-09	
8.827303585e-09	0.9999999656	8.781305947e-09	8.276502179e-09	8.495564444e-09	
8.841126711e-09	0.9999999656	8.781313153e-09	8.276505127e-09	8.495573253e-09	
8.481189139e-09	0.999999966	8.781067858e-09	8.216135326e-09	8.50680802e-09	
8.481895299e-09	0.9999999661	8.781012801e-09	8.216080787e-09	8.416080006e-09	
8.479831261e-09	0.9999999659	8.781129015e-09	8.232364927e-09	8.592328668e-09	
8.480440257e-09	0.999999966	8.781078363e-09	8.233472392e-09	8.506818108e-09	
8.479860284e-09	0.9999999659	8.781159232e-09	8.280441527e-09	8.592358697e-09	
9.55341873e-09	0.9999999648	8.781731477e-09	8.278287163e-09	8.587574468e-09	
8.897409909e-09	0.9999999655	8.781353581e-09	8.280600198e-09	8.507083043e-09	
8.480471385e-09	0.9999999659	8.781110765e-09	8.285044182e-09	8.506849552e-09	
8.826568668e-09	0.9999999655	8.781361006e-09	8.276557119e-09	8.587149325e-09	
8.840390643e-09	0.9999999655	8.781368211e-09	8.276560067e-09	8.587158229e-09	
8.480483037e-09	0.9999999659	8.781122915e-09	8.216189865e-09	8.59851411e-09	
8.481189139e-09	0.999999966	8.781067858e-09	8.216135326e-09	8.50680802e-09	
8.479788484e-09	0.999999966	8.781084463e-09	8.249681478e-09	8.500698628e-09	
8.479208556e-09	0.9999999659	8.781165333e-09	8.296743079e-09	8.586177683e-09	
9.552684493e-09	0.9999999648	8.781737578e-09	8.294584475e-09	8.581396895e-09	
8.89672609e-09	0.9999999655	8.781359682e-09	8.296902063e-09	8.500963373e-09	
8.47981961e-09	0.9999999659	8.781116865e-09	8.301354796e-09	8.50073005e-09	
8.825890293e-09	0.9999999655	8.781367106e-09	8.292851024e-09	8.580972058e-09	
8.839711206e-09	0.9999999655	8.781374312e-09	8.292853979e-09	8.580980955e-09	
8.479831261e-09	0.9999999659	8.781129015e-09	8.232364927e-09	8.592328668e-09	
8.480537308e-09	0.999999966	8.781073958e-09	8.23231028e-09	8.500688547e-09	
9.629106292e-09	0.9999847271	9.934228005e-09	1.524371368e-05	9.639719133e-09	
8.479817507e-09	0.9999999659	8.78111468e-09	8.297859205e-09	8.500728337e-09	
9.553370538e-09	0.9999999649	8.781686922e-09	8.29570031e-09	8.495995128e-09	
8.897365025e-09	0.9999999656	8.781309028e-09	8.29801821e-09	8.416362077e-09	
8.480428605e-09	0.999999966	8.781066213e-09	8.302471542e-09	8.416131076e-09	
8.826524141e-09	0.9999999656	8.781316452e-09	8.293966627e-09	8.495574518e-09	
8.840346047e-09	0.9999999656	8.781323658e-09	8.293969581e-09	8.495583327e-09	
8.480440257e-09	0.999999966	8.781078363e-09	8.233472392e-09	8.506818108e-09	
8.481146355e-09	0.9999999661	8.781023306e-09	8.233417738e-09	8.416089986e-09	
9.629797805e-09	0.9999847251	9.934170681e-09	1.524576432e-05	9.543784959e-09	
9.552717188e-09	0.9999999647	8.781767797e-09	8.343024434e-09	8.581426886e-09	
8.896756539e-09	0.9999999655	8.781389899e-09	8.345355556e-09	8.500993083e-09	
8.479848633e-09	0.9999999659	8.781147082e-09	8.349834293e-09	8.500759759e-09	
8.8259205e-09	0.9999999655	8.781397324e-09	8.34128086e-09	8.581002048e-09	
8.83974146e-09	0.9999999655	8.78140453e-09	8.341283832e-09	8.581010945e-09	
8.479860284e-09	0.9999999659	8.781159232e-09	8.280441527e-09	8.592358698e-09	
8.480566334e-09	0.999999966	8.781104175e-09	8.280386561e-09	8.500718257e-09	
1.002309445e-08	0.9999999644	8.781962159e-09	8.343184303e-09	8.496259726e-09	
9.553405604e-09	0.9999999648	8.781719326e-09	8.347661875e-09	8.496026532e-09	
9.943290501e-09	0.9999999644	8.781969584e-09	8.339110667e-09	8.576224141e-09	
9.958861208e-09	0.9999999643	8.78197679e-09	8.339113638e-09	8.576233034e-09	
9.55341873e-09	0.9999999648	8.781731477e-09	8.278287163e-09	8.587574468e-09	
9.554214167e-09	0.9999999649	8.781676416e-09	8.278232212e-09	8.495985052e-09	
0.0003514726531	0.9996484369	3.108137977e-08	2.927304641e-08	3.00430583e-08	
8.897397684e-09	0.9999999656	8.781341431e-09	8.349994294e-09	8.416393187e-09	
9.260510183e-09	0.9999999651	8.781591678e-09	8.341440697e-09	8.495839104e-09	
9.275011689e-09	0.9999999651	8.781598884e-09	8.341443668e-09	8.495847913e-09	
8.897409909e-09	0.9999999655	8.781353581e-09	8.280600198e-09	8.507083044e-09	
8.898150725e-09	0.9999999656	8.781298523e-09	8.280545231e-09	8.416352097e-09	
0.0003273458255	0.999672564	3.108079239e-08	2.928193228e-08	2.97621827e-08	
8.82655654e-09	0.9999999656	8.781348855e-09	8.345917333e-09	8.495605921e-09	
8.840378496e-09	0.9999999655	8.781356061e-09	8.345920306e-09	8.49561473e-09	
8.480471385e-09	0.9999999659	8.781110765e-09	8.285044182e-09	8.506849553e-09	
8.481177486e-09	0.999999966	8.781055708e-09	8.284989186e-09	8.416121096e-09	
9.20116398e-09	0.9999999651	8.781606309e-09	8.337370882e-09	8.575808452e-09	
8.826568668e-09	0.9999999655	8.781361006e-09	8.276557119e-09	8.587149325e-09	
8.827303585e-09	0.9999999656	8.781305947e-09	8.276502179e-09	8.495564444e-09	
0.000324740342	0.9996751693	3.108089967e-08	2.926771139e-08	3.004237431e-08	
8.840390643e-09	0.9999999655	8.781368211e-09	8.276560067e-09	8.587158229e-09	
8.841126711e-09	0.9999999656	8.781313153e-09	8.276505127e-09	8.495573253e-09	
0.0003252487041	0.9996746609	3.108090937e-08	2.926770693e-08	3.004239018e-08	
8.481189139e-09	0.999999966	8.781067858e-09	8.216135326e-09	8.50680802e-09	
4.828533005e-09	2.684577479e-09	5.011330042e-09	0.9999999825	4.950666134e-09	
4.828541532e-09	2.685249273e-09	5.011337916e-09	0.9999999825	4.962543252e-09	
4.828627334e-09	2.844784318e-09	5.011428179e-09	0.9999999825	4.803156384e-09	
4.828447085e-09	2.684532061e-09	5.01124052e-09	0.9999999827	4.802978092e-09	
4.828448195e-09	2.68520012e-09	5.011241352e-09	0.9999999827	4.802978891e-09	
4.828472251e-09	2.707835717e-09	5.011269242e-09	0.9999999826	4.803004734e-09	
4.828435655e-09	2.675887449e-09	5.01123067e-09	0.9999999827	4.802968165e-09	
4.828446445e-09	2.685199985e-09	5.011241847e-09	0.9999999827	4.802978783e-09	
4.828475712e-09	2.710544029e-09	5.011272386e-09	0.9999999826	4.80300785e-09	
4.828522286e-09	2.67593259e-09	5.011319689e-09	0.9999999825	4.950652121e-09	
4.828522101e-09	2.675932589e-09	5.011319729e-09	0.9999999825	4.950651145e-09	
4.828436629e-09	2.675887449e-09	5.011230197e-09	0.9999999827	4.802968166e-09	
4.828630651e-09	2.693969707e-09	5.011435956e-09	0.9999999824	5.115148329e-09	
4.828716455e-09	2.854022847e-09	5.011526221e-09	0.9999999824	4.950860094e-09	
4.82856836e-09	2.723232638e-09	5.01137428e-09	0.9999999825	4.950711586e-09	
4.828536202e-09	2.693250166e-09	5.011338559e-09	0.9999999825	4.950676319e-09	
4.828537312e-09	2.693920394e-09	5.01133939e-09	0.9999999825	4.950677143e-09	
4.828561369e-09	2.716629501e-09	5.011367281e-09	0.9999999825	4.950703781e-09	
4.828524772e-09	2.68457748e-09	5.011328708e-09	0.9999999825	4.950666087e-09	
4.828564829e-09	2.719346608e-09	5.011370425e-09	0.9999999825	4.950706993e-09	
7.816585562e-09	2.319472793e-05	8.008647234e-09	0.9999767815	7.960949394e-09	
4.828611404e-09	2.684622767e-09	5.011417729e-09	0.9999999824	5.102891529e-09	
4.828611219e-09	2.684622767e-09	5.011417769e-09	0.9999999824	5.102890523e-09	
4.828525746e-09	2.68457748e-09	5.011328235e-09	0.9999999825	4.950666088e-09	
4.828724982e-09	2.854737044e-09	5.011534096e-09	0.9999999823	4.962737676e-09	
4.828576887e-09	2.723914106e-09	5.011382154e-09	0.9999999825	4.962588812e-09	
4.828544729e-09	2.69392413e-09	5.011346433e-09	0.9999999825	4.962553461e-09	
4.828545839e-09	2.694594526e-09	5.011347264e-09	0.9999999825	4.962554287e-09	
4.828533299e-09	2.685249275e-09	5.011336583e-09	0.9999999825	4.962543205e-09	
4.828544088e-09	2.694594391e-09	5.011347759e-09	0.9999999825	4.962554175e-09	
7.81659932e-09	2.320053209e-05	8.008659771e-09	0.9999767757	7.98004842e-09	
4.828619931e-09	2.685294573e-09	5.011425603e-09	0.9999999824	5.115133849e-09	
4.828619746e-09	2.685294573e-09	5.011425643e-09	0.9999999824	5.115132841e-09	
4.828534273e-09	2.685249275e-09	5.011336109e-09	0.9999999825	4.962543205e-09	
4.82866269e-09	2.885746292e-09	5.011472418e-09	0.9999999825	4.80320048e-09	
4.828630531e-09	2.853974563e-09	5.011436696e-09	0.9999999825	4.803166265e-09	
4.828655698e-09	2.878749101e-09	5.01146542e-09	0.9999999825	4.803192908e-09	
4.828619101e-09	2.84478432e-09	5.011426846e-09	0.9999999825	4.803156338e-09	
4.828629891e-09	2.854684645e-09	5.011438023e-09	0.9999999825	4.803166956e-09	
4.828705735e-09	2.844832309e-09	5.011515868e-09	0.9999999824	4.950846079e-09	
4.828705549e-09	2.844832309e-09	5.011515909e-09	0.9999999824	4.950845103e-09	
4.828620075e-09	2.84478432e-09	5.011426373e-09	0.9999999825	4.803156339e-09	
4.327981857e-08	0.0003275405475	4.469967049e-08	0.9996723285	4.294309545e-08	
4.828482439e-09	2.723186566e-09	5.011284758e-09	0.9999999826	4.803022187e-09	
4.828483549e-09	2.723864245e-09	5.011285589e-09	0.9999999826	4.803022986e-09	
4.828507606e-09	2.746825771e-09	5.01131348e-09	0.9999999826	4.80304883e-09	
4.828471009e-09	2.714417481e-09	5.011274908e-09	0.9999999826	4.803012261e-09	
4.828481799e-09	2.723864108e-09	5.011286084e-09	0.9999999826	4.803022878e-09	
4.828511066e-09	2.74957308e-09	5.011316624e-09	0.9999999826	4.803051946e-09	
7.816496514e-09	2.345253925e-05	8.008559191e-09	0.9999765239	7.723511749e-09	
4.828557641e-09	2.714463272e-09	5.011363927e-09	0.9999999825	4.950697572e-09	
4.828557455e-09	2.714463271e-09	5.011363967e-09	0.9999999825	4.950696596e-09	
4.828471983e-09	2.714417481e-09	5.011274434e-09	0.9999999826	4.803012261e-09	
4.828451392e-09	2.693874818e-09	5.011249868e-09	0.9999999827	4.802988771e-09	
4.828475448e-09	2.716583541e-09	5.011277759e-09	0.9999999826	4.803014615e-09	
4.828438852e-09	2.684532062e-09	5.011239187e-09	0.9999999827	4.802978046e-09	
4.828449641e-09	2.693874683e-09	5.011250364e-09	0.9999999827	4.802988664e-09	
4.828478908e-09	2.719300602e-09	5.011280903e-09	0.9999999826	4.803017731e-09	
7.816446475e-09	2.319433553e-05	8.008504173e-09	0.9999767821	7.723458724e-09	
4.828525482e-09	2.684577349e-09	5.011328206e-09	0.9999999825	4.950662305e-09	
4.828525297e-09	2.684577348e-09	5.011328246e-09	0.9999999825	4.950661329e-09	
4.828439826e-09	2.684532063e-09	5.011238714e-09	0.9999999827	4.802978046e-09	
4.828476558e-09	2.717259576e-09	5.011278591e-09	0.9999999826	4.803015414e-09	
4.828439962e-09	2.685200121e-09	5.011240018e-09	0.9999999827	4.802978845e-09	
4.828450751e-09	2.694545066e-09	5.011251195e-09	0.9999999827	4.802989463e-09	
4.828480018e-09	2.719977313e-09	5.011281734e-09	0.9999999826	4.80301853e-09	
7.816448227e-09	2.320010742e-05	8.008505456e-09	0.9999767763	7.723459965e-09	
4.828526593e-09	2.685245419e-09	5.011329037e-09	0.9999999825	4.950663129e-09	
4.828526407e-09	2.685245418e-09	5.011329078e-09	0.9999999825	4.950662153e-09	
4.828440936e-09	2.685200121e-09	5.011239545e-09	0.9999999827	4.802978846e-09	
4.828464018e-09	2.707835718e-09	5.011267909e-09	0.9999999826	4.803004689e-09	
4.828474808e-09	2.717259439e-09	5.011279086e-09	0.9999999826	4.803015306e-09	
4.828504075e-09	2.742906074e-09	5.011309625e-09	0.9999999826	4.803044374e-09	
4.82855065e-09	2.707881398e-09	5.011356929e-09	0.9999999825	4.950689767e-09	
4.828550464e-09	2.707881397e-09	5.011356969e-09	0.9999999825	4.950688791e-09	
4.828464992e-09	2.707835718e-09	5.011267436e-09	0.9999999826	4.803004689e-09	
4.828438212e-09	2.685199986e-09	5.011240514e-09	0.9999999827	4.802978737e-09	
4.828467479e-09	2.71054403e-09	5.011271053e-09	0.9999999826	4.803007805e-09	
4.828514053e-09	2.675932591e-09	5.011318356e-09	0.9999999825	4.950652074e-09	
4.828513867e-09	2.675932591e-09	5.011318396e-09	0.9999999825	4.950651098e-09	
4.828428396e-09	2.675887451e-09	5.011228864e-09	0.9999999827	4.80296812e-09	
4.828478268e-09	2.719977176e-09	5.01128223e-09	0.9999999826	4.803018422e-09	
7.816445393e-09	2.320010625e-05	8.008506247e-09	0.9999767763	7.723459791e-09	
4.828524842e-09	2.685245284e-09	5.011329533e-09	0.9999999825	4.950663018e-09	
4.828524657e-09	2.685245283e-09	5.011329573e-09	0.9999999825	4.950662042e-09	
4.828439186e-09	2.685199987e-09	5.01124004e-09	0.9999999827	4.802978738e-09	
4.82855411e-09	2.710589755e-09	5.011360073e-09	0.9999999825	4.950692979e-09	
4.828553925e-09	2.710589755e-09	5.011360113e-09	0.9999999825	4.950692003e-09	
4.828468453e-09	2.71054403e-09	5.01127058e-09	0.9999999826	4.803007805e-09	
3.338700312e-05	0.9996793988	2.855775114e-08	0.0002551409793	3.204464452e-05	
3.351105242e-05	0.9997333767	2.616932254e-08	0.0002330607452	2.529497039e-08	
2.331204474e-08	0.9997887492	2.371506241e-08	0.0002111808157	2.292348139e-08	
1.913384108e-08	0.7269896982	1.950854267e-08	0.2730102443	1.885857636e-08	
4.828600499e-09	2.675977732e-09	5.011407416e-09	0.9999999824	5.102876078e-09	
4.828515027e-09	2.675932591e-09	5.011317883e-09	0.9999999825	4.950652074e-09	
4.828514841e-09	2.675932591e-09	5.011317923e-09	0.9999999825	4.950651098e-09	
8.589248201e-09	0.9999999659	8.781135568e-09	8.267557251e-09	8.457050279e-09	
8.589248915e-09	0.9999999659	8.781135568e-09	8.267557251e-09	8.45705028e-09	
1.230265937e-05	0.999975853	1.057540845e-08	1.037352892e-08	1.182334885e-05	
1.234729956e-05	0.9999876246	9.690267865e-09	9.123580862e-09	9.332315293e-09	
1.234784849e-05	0.9999876237	9.690524589e-09	9.475390076e-09	9.332561993e-09	
8.579023381e-09	0.999999966	8.781102069e-09	8.243160873e-09	8.437643869e-09	
8.589440967e-09	0.9999999656	8.781331781e-09	8.585463304e-09	8.457238715e-09	
9.69527329e-09	0.999984707	9.93423213e-09	1.526376175e-05	9.568200801e-09	
8.589248193e-09	0.9999999659	8.781135568e-09	8.267557251e-09	8.457050279e-09	
8.582391929e-09	0.9999999659	8.781128375e-09	8.264832423e-09	8.454883983e-09	
1.229283805e-05	0.9999758659	1.057539992e-08	1.037011014e-08	1.182032042e-05	
1.233744256e-05	0.9999876344	9.690260023e-09	9.120573995e-09	9.329924887e-09	
8.589248103e-09	0.9999999659	8.781135568e-09	8.267557251e-09	8.457050279e-09	
1.233799105e-05	0.9999876335	9.690516746e-09	9.472267263e-09	9.330171524e-09	
8.572174558e-09	0.999999966	8.781094876e-09	8.240444086e-09	8.435482543e-09	
8.582583828e-09	0.9999999656	8.781324588e-09	8.5826337e-09	8.455072371e-09	
9.68753339e-09	0.9999847121	9.934224043e-09	1.525873118e-05	9.565749929e-09	
8.582391208e-09	0.9999999659	8.781128375e-09	8.264832423e-09	8.454883983e-09	
1.229283907e-05	0.9999758659	1.057539992e-08	1.037011014e-08	1.182032042e-05	
1.233744359e-05	0.9999876344	9.690260023e-09	9.120573996e-09	9.329924887e-09	
8.589248816e-09	0.9999999659	8.781135568e-09	8.267557251e-09	8.45705028e-09	
1.233799208e-05	0.9999876335	9.690516747e-09	9.472267263e-09	9.330171525e-09	
8.57217527e-09	0.999999966	8.781094877e-09	8.240444086e-09	8.435482544e-09	
8.582584541e-09	0.9999999656	8.781324588e-09	8.582633701e-09	8.455072371e-09	
9.687534195e-09	0.9999847121	9.934224043e-09	1.525873118e-05	9.565749929e-09	
8.582391921e-09	0.9999999659	8.781128375e-09	8.264832423e-09	8.454883983e-09	
0.01736486641	0.9826222934	1.146791206e-08	1.124537488e-08	1.281746659e-05	
1.230265923e-05	0.999975853	1.057540845e-08	1.037352892e-08	1.182334885e-05	
0.017365625	0.9826215341	1.146820703e-08	1.167899238e-08	1.281779552e-05	
1.229311393e-05	0.999975865	1.057563622e-08	1.076886405e-08	1.182058378e-05	
1.387567173e-05	0.9999535937	1.196402675e-08	1.914541085e-05	1.337326873e-05	
1.229283804e-05	0.9999758659	1.057539992e-08	1.037011014e-08	1.182032042e-05	
0.9969770306	0.002954030821	5.928794691e-08	5.793043742e-08	6.882133167e-05	
1.234729942e-05	0.9999876246	9.690267865e-09	9.123580862e-09	9.332315293e-09	
0.01742755968	0.9825724094	1.050769195e-08	1.027110936e-08	1.011661945e-08	
1.232275599e-05	0.9999876492	9.690223199e-09	9.093660621e-09	9.308515626e-09	
1.233771944e-05	0.9999876338	9.690476548e-09	9.471280445e-09	9.330132769e-09	
1.392607319e-05	0.9999692138	1.096270378e-08	1.68385684e-05	1.055572683e-08	
1.233744255e-05	0.9999876344	9.690260023e-09	9.120573995e-09	9.329924887e-09	
0.9970562216	0.002943619321	5.413355569e-08	5.076999507e-08	5.412943343e-08	
1.234784835e-05	0.9999876237	9.690524589e-09	9.475390076e-09	9.332561993e-09	
8.579023282e-09	0.999999966	8.781102069e-09	8.243160873e-09	8.437643869e-09	
8.589440868e-09	0.9999999656	8.781331781e-09	8.585463304e-09	8.457238715e-09	
9.695273179e-09	0.999984707	9.93423213e-09	1.526376175e-05	9.568200801e-09	
8.589248095e-09	0.9999999659	8.781135568e-09	8.267557251e-09	8.457050279e-09	
1.232330383e-05	0.9999876483	9.690479921e-09	9.444316097e-09	9.308761697e-09	
1.233826795e-05	0.9999876329	9.690733277e-09	9.836497105e-09	9.330379412e-09	
1.233799104e-05	0.9999876335	9.690516746e-09	9.472267263e-09	9.330171524e-09	
0.9970563502	0.002943488837	5.413259022e-08	5.272537074e-08	5.41284649e-08	
8.572366941e-09	0.9999999657	8.781291089e-09	8.557307577e-09	8.435670499e-09	
8.572174551e-09	0.999999966	8.781094876e-09	8.240444086e-09	8.435482543e-09	
8.58258382e-09	0.9999999656	8.781324588e-09	8.5826337e-09	8.455072371e-09	
9.687533381e-09	0.9999847121	9.934224043e-09	1.525873118e-05	9.565749929e-09	
0.9999999803	2.604653934e-09	7.831294511e-09	4.554506014e-09	4.665373114e-09	
0.9999999816	2.609902653e-09	6.42349749e-09	4.554042694e-09	4.785111446e-09	
0.9999999827	2.609607387e-09	5.488692237e-09	4.5535767e-09	4.66442127e-09	
0.9999999827	2.609597151e-09	5.456394356e-09	4.553562205e-09	4.664406422e-09	
0.9999849083	1.507189061e-05	6.839060964e-09	6.383751215e-09	6.539148046e-09	
0.9999999827	2.609614516e-09	5.511270945e-09	4.553586801e-09	4.664431617e-09	
0.9999999827	2.609609497e-09	5.495368413e-09	4.553579689e-09	4.664424332e-09	
0.9999999797	2.604804903e-09	8.379447293e-09	4.554773656e-09	4.798044319e-09	
0.9999999824	2.609341118e-09	5.70632068e-09	4.553735222e-09	4.775676219e-09	
0.9999999827	2.609608389e-09	5.49186355e-09	4.55357812e-09	4.664422725e-09	
0.9999999821	2.610201535e-09	6.111860727e-09	4.553846945e-09	4.664697985e-09	
0.9999999828	2.822652474e-09	5.162092911e-09	4.553655324e-09	4.664502379e-09	
0.9999999656	2.008437607e-08	4.88493174e-09	4.56106399e-09	4.866266667e-09	
0.9999999798	2.604755145e-09	8.332797997e-09	4.554683066e-09	4.665554482e-09	
0.9999999777	2.605159545e-09	1.030631355e-08	4.555254661e-09	4.786384826e-09	
0.9999999794	2.604864817e-09	8.80644591e-09	4.554788545e-09	4.665662535e-09	
0.9999999794	2.6048546e-09	8.754624905e-09	4.554774047e-09	4.665647684e-09	
0.9999999793	2.604871934e-09	8.842672785e-09	4.554798649e-09	4.665672885e-09	
0.9999999794	2.604866924e-09	8.817157638e-09	4.554791535e-09	4.665665598e-09	
0.9999999746	2.600071056e-09	1.344457769e-08	4.555985812e-09	4.799321134e-09	
0.9999999789	2.604599032e-09	9.15562437e-09	4.554947109e-09	4.77694709e-09	
0.9999999794	2.604865818e-09	8.811534189e-09	4.554789966e-09	4.665663991e-09	
0.9999999784	2.605457885e-09	9.806301494e-09	4.555058861e-09	4.665939322e-09	
0.9999999797	2.817522727e-09	8.28242686e-09	4.554867192e-09	4.665743667e-09	
0.9999999748	2.600021389e-09	1.336973026e-08	4.555895198e-09	4.66679604e-09	
0.9999999808	2.610113961e-09	7.223350256e-09	4.554325196e-09	4.785408296e-09	
0.9999999809	2.610103724e-09	7.180844883e-09	4.5543107e-09	4.785393063e-09	
0.9999849031	1.50748163e-05	9.000492368e-09	6.384800526e-09	6.708762221e-09	
0.9999999808	2.610121092e-09	7.253064786e-09	4.554335299e-09	4.785418912e-09	
0.9999999808	2.610116072e-09	7.232136384e-09	4.554328186e-09	4.785411438e-09	
0.9999999769	2.605310542e-09	1.10277057e-08	4.555522345e-09	4.922497291e-09	
0.9999999804	2.609847641e-09	7.509758456e-09	4.554483745e-09	4.899549006e-09	
0.9999999808	2.610114964e-09	7.227523837e-09	4.554326617e-09	4.785409789e-09	
0.99999998	2.610708224e-09	8.043466245e-09	4.554595485e-09	4.785692188e-09	
0.999999981	2.823200405e-09	6.793531782e-09	4.554403835e-09	4.78549151e-09	
0.9999999771	2.605260775e-09	1.096631326e-08	4.55543174e-09	4.786570897e-09	
0.999999982	2.609808435e-09	6.135823612e-09	4.553844679e-09	4.664695784e-09	
0.9999849063	1.507311087e-05	7.69065961e-09	6.384147213e-09	6.539553701e-09	
0.999999982	2.609825802e-09	6.197533424e-09	4.553869276e-09	4.664720981e-09	
0.999999982	2.609820782e-09	6.179650712e-09	4.553862164e-09	4.664713696e-09	
0.9999999786	2.605015798e-09	9.422854579e-09	4.555056203e-09	4.79834197e-09	
0.9999999816	2.609552381e-09	6.416870718e-09	4.554017706e-09	4.775972484e-09	
0.999999982	2.609819674e-09	6.175709424e-09	4.553860594e-09	4.664712088e-09	
0.9999999813	2.610412868e-09	6.87290854e-09	4.554129436e-09	4.664987365e-09	
0.9999999822	2.822881008e-09	5.804875804e-09	4.553937804e-09	4.664791748e-09	
0.999999965	2.008600219e-08	5.493202573e-09	4.561346929e-09	4.866568552e-09	
0.9999999788	2.604966035e-09	9.37039652e-09	4.554965607e-09	4.665843913e-09	
0.9999849064	1.507305175e-05	7.645404384e-09	6.384126892e-09	6.539532885e-09	
0.999999982	2.609815565e-09	6.161064409e-09	4.55385478e-09	4.664706132e-09	
0.999999982	2.609810545e-09	6.143286926e-09	4.553847668e-09	4.664698847e-09	
0.9999999787	2.60500558e-09	9.367406354e-09	4.555041704e-09	4.798326696e-09	
0.9999999817	2.609542146e-09	6.379111025e-09	4.55400321e-09	4.775957281e-09	
0.999999982	2.609809438e-09	6.139368831e-09	4.553846099e-09	4.66469724e-09	
0.9999999813	2.610402629e-09	6.83246532e-09	4.55411494e-09	4.664972516e-09	
0.9999999822	2.822869935e-09	5.770717359e-09	4.553923308e-09	4.664776899e-09	
0.999999965	2.00859234e-08	5.460878151e-09	4.56133241e-09	4.866553061e-09	
0.9999999789	2.604955818e-09	9.315256982e-09	4.554951108e-09	4.665829061e-09	
0.9999849062	1.507315205e-05	7.7222965e-09	6.384161374e-09	6.539568207e-09	
0.9999849063	1.507312306e-05	7.70001415e-09	6.384151404e-09	6.539557994e-09	
0.9999849074	1.507157293e-05	7.995596791e-09	6.384369471e-09	6.695533986e-09	
0.9999849063	1.507311667e-05	7.695103198e-09	6.384149204e-09	6.539555741e-09	
0.999984902	1.507654262e-05	8.563832373e-09	6.384526075e-09	6.539941633e-09	
0.9999836762	1.630364076e-05	7.233025446e-09	6.384249591e-09	6.539659371e-09	
0.999999982	2.609827912e-09	6.205071799e-09	4.553872265e-09	4.664724043e-09	
0.9999999786	2.605022915e-09	9.461617159e-09	4.555066307e-09	4.798352614e-09	
0.9999999816	2.609559511e-09	6.443267652e-09	4.554027808e-09	4.775983079e-09	
0.999999982	2.609826804e-09	6.201114299e-09	4.553870696e-09	4.664722436e-09	
0.9999999813	2.61042e-09	6.901181466e-09	4.554139538e-09	4.664997714e-09	
0.9999999821	2.82288872e-09	5.828755189e-09	4.553947906e-09	4.664802096e-09	
0.999999965	2.008605706e-08	5.515799835e-09	4.561357047e-09	4.866579348e-09	
0.9999999788	2.604973152e-09	9.408943306e-09	4.554975711e-09	4.665854264e-09	
0.9999999786	2.605017904e-09	9.434316075e-09	4.555059193e-09	4.79834512e-09	
0.9999999816	2.609554492e-09	6.424675884e-09	4.554020696e-09	4.775975619e-09	
0.999999982	2.609821785e-09	6.183221254e-09	4.553863584e-09	4.664715151e-09	
0.9999999813	2.610414979e-09	6.881268407e-09	4.554132426e-09	4.664990428e-09	
0.9999999821	2.82288329e-09	5.81193657e-09	4.553940794e-09	4.66479481e-09	
0.999999965	2.008601843e-08	5.499884235e-09	4.561349924e-09	4.866571747e-09	
0.9999999788	2.604968142e-09	9.38179421e-09	4.554968597e-09	4.665846977e-09	
0.9999999781	2.604749997e-09	9.796473843e-09	4.555214776e-09	4.912791171e-09	
0.9999999786	2.605016798e-09	9.428299012e-09	4.555057624e-09	4.798343466e-09	
0.9999999775	2.605608899e-09	1.049269522e-08	4.555326534e-09	4.798626627e-09	
0.999999979	2.817686034e-09	8.862156727e-09	4.555134854e-09	4.798425409e-09	
0.9999999737	2.600172087e-09	1.430554679e-08	4.556162919e-09	4.799507707e-09	
0.9999999816	2.609553384e-09	6.420578323e-09	4.554019127e-09	4.775973974e-09	
0.9999999809	2.610146517e-09	7.145421611e-09	4.554287977e-09	4.776255816e-09	
0.9999999818	2.822592978e-09	6.035041029e-09	4.554096339e-09	4.776055533e-09	
0.9999999647	2.008395273e-08	5.711009852e-09	4.561505722e-09	4.982645082e-09	
0.9999999783	2.60470024e-09	9.741935806e-09	4.555124177e-09	4.777132794e-09	
0.9999999813	2.610413871e-09	6.876879639e-09	4.554130856e-09	4.66498882e-09	
0.9999999822	2.822882092e-09	5.808229805e-09	4.553939224e-09	4.664793203e-09	
0.999999965	2.00860099e-08	5.496376492e-09	4.561348352e-09	4.86657007e-09	
0.9999999788	2.604967036e-09	9.375810644e-09	4.554967028e-09	4.665845369e-09	
0.9999999815	2.823523713e-09	6.463942761e-09	4.554208071e-09	4.665068485e-09	
0.9999999777	2.605559126e-09	1.043428124e-08	4.555235933e-09	4.666120711e-09	
0.9999999637	2.172579828e-08	5.166334856e-09	4.561425682e-09	4.86665317e-09	
0.9999999791	2.817632209e-09	8.812820135e-09	4.555044257e-09	4.665925048e-09	
